id,label,score
003fd481e65ddc070e38ae05002e16e2,23,0.9525998830795288
549a1cd8228bd10f18395a0625fcc70d,5,0.9702925682067871
f09c4c0332f8966400e06f4def9f1a6d,5,0.9704040288925171
06598dd8f3ab092acf2a55dce8be5621,16,0.9450762271881104
e70177ba6a54d08abecd80a60fdd9f52,0,0.9804941415786743
963b07699949643c631bff293d764108,13,0.9329672455787659
700be7358887b3a794a12547a3671a03,26,0.9250656366348267
481982b61009f135c2a5ccaba6864a48,11,0.9610878229141235
170bfb8eb35e21ac71af8d2700ab00b0,28,0.8963431715965271
cb620b03551e40594e0fe10f80f447c5,5,0.9703344106674194
ff48206524a39ba3f8a18deed79e9072,0,0.9804139733314514
8c0d2bb1fc881b18ca403903beac9e2b,2,0.982807993888855
5c55f105bcac4f6b622ca654133a2f8f,8,0.961402416229248
df2d30406c2ee59ec16c156dc4d800f1,9,0.9404531717300415
5e7c011f3239da0ca0844f0fc42b26ab,15,0.9518758654594421
135ac0ac295e771e94b66f924185d27c,0,0.980712890625
b76077d7d31ca63e38f44d64fa8bcff4,21,0.9341051578521729
75b887afe727475ec0db30ac5fde3690,5,0.9705716371536255
a8cf3a6f5671b3e2f3c1d11f3d87cac2,34,0.9269994497299194
111342f12e69bab9352826c8df14d209,16,0.9463979005813599
c1b935267e188bab55a8a76b635ba913,18,0.9340565800666809
3b8b11be73869cdbda4062bc5f095b48,0,0.9805383086204529
4e067527c3e5fe8f6d98b15767d4b4e7,16,0.9464896321296692
f848a04b141868f3912b145206762b57,20,0.9590014219284058
4f53066f7e688301447c4c53b6415324,7,0.9716173410415649
297725b7fc1c0e48ff8203cd33f47cb3,10,0.971068263053894
8c4d80440b54712b7627132b45ed1e63,16,0.9455736875534058
23549acc39e61d835a47b3e3692007b5,0,0.9805270433425903
7b503f708c914094b8ff3bf09b8ec6d5,8,0.961551308631897
36b444db93e9053778a579bf2903698e,21,0.9264469146728516
900cfef556c7149e00bddcb072589956,11,0.8466088175773621
49a0038b7fb442e03f67ac65c06e0dee,20,0.9590369462966919
a562cb627134f17b53e5c0f3eeaf6bfb,2,0.9827051758766174
a94f8c8b7a0cd0e43e78e26d39e62e24,10,0.9705483913421631
e97f1febfaf5353747c3f8550d31f389,2,0.972842276096344
a029d716238cc1c1de416df9cfaabaf8,0,0.9805561900138855
e5c606f67cf62bd7b8e17e8f249337a7,2,0.9817569851875305
6297cf6f6a13632e7a4f3bb1947e8c3b,20,0.9588637351989746
b7baa69cacb409eb82d3c992ac66977e,10,0.9713025689125061
fcf84409ffb6717f3dfe18771152002b,13,0.9626685380935669
888f0860a1d0568df1be9fd5b12d5d0a,6,0.9603782296180725
461f0d2da796fcf73fa3718d069487da,10,0.9713770151138306
85e42e12474776c5d8ab67fbe2fb60ad,3,0.9257937669754028
9657477728ba36bfec8a3de909fd963e,10,0.9714860320091248
d4d56289693ded470fefab125409bd3a,13,0.8498969674110413
b9a22905e1652aaac4ddbaa6e5374dd2,16,0.9471447467803955
30c4eddf99fd708610fde42d46595e80,2,0.9819797277450562
d7b903d9efa4be295569ada31b53f5ef,1,0.9639876484870911
c9f5cdc2e1eaaf38d1977ad1e57d41c8,0,0.9791903495788574
5d5b2559dfebcbb908f394642011503e,1,0.9655135869979858
87932aebee0b712c6d7f738a360168fc,13,0.9626325368881226
f39dd725445e469dbc51bf1a45a8ae62,2,0.9819813370704651
0afc71158991b9dc00dc0b3eb9c0ba4f,26,0.9265763759613037
3d677d8d8967209d7b03a8e25e158ceb,25,0.9145668148994446
d1c0d73294a40c37b36d871bb820203b,3,0.9331710934638977
d11deae43afb5573541ea6f990965798,0,0.9804973602294922
c707a697780653a86d804d8511dd4f5b,11,0.9609702229499817
f7c7ab48bf3e67ef869f3be61d748e89,10,0.9703051447868347
df94e92d9f9826a204966ce63f45f716,8,0.9591416716575623
8c49271676e108288ac189b31ffa6ca1,8,0.9608383774757385
4e59a70fe085982a34cf74435b8361d3,18,0.9333244562149048
28e10d58d079e8ffe36c3f61cc1caa57,4,0.9430643916130066
13b0496b6b82abd55ed302071844b962,0,0.9791101813316345
2f132adcc4f25ac42c419ee5c34375b2,0,0.9806603789329529
e8a7cd421a3f82ca2414fca8fc156149,20,0.9607118368148804
75caf366196b806441b90789d8896ab9,7,0.9715235233306885
364418d082c0b7ff0cc0e55ff383fc1c,12,0.8463256359100342
2e837727cc583aef2278dbf3d124e7df,2,0.4481928050518036
d0b1deb8a0f14f6aea767883097af8b0,1,0.9642301797866821
f82ae77320466e2a4d4d64abf2e5d86b,18,0.9338642954826355
1b2e2e573e5e56f8e07d7635b9c04f7d,16,0.9463525414466858
5d87c661c67659bec60e9dbebd2d100c,26,0.9245670437812805
c86c856e453091a0d334739551c7d865,0,0.9597665071487427
cca9632811f6c8dbfd0890e3ff613afb,2,0.23910266160964966
503ffe75977ebfc6eea64954dab8b958,29,0.8894414901733398
1cd7886b8cfaefa61c66ff77dbd9deb5,15,0.9516536593437195
d0e7f2d06e309c14002b74cdd257dae0,12,0.9230941534042358
572e63fd8d6c7b21d15419dfc1cd098a,0,0.9770606756210327
0e9eaf06bd0cef828bc68c62b311fe1e,0,0.980711042881012
49e1f3e1b1f1913f0f7500d617df1d6a,2,0.982575535774231
6ff3796f32ed78aa3910bc40ed8b0496,8,0.9570668935775757
dd63904d973cef1a6fb5e61f7ec9b069,10,0.9446223378181458
c7d4604abd352950b1e1c4b73f0c6641,1,0.9615736603736877
1f37f084d7e34aef38df3142e47728e7,0,0.9752330183982849
d6ac987929d71a23812c1f70b1e2bcd9,4,0.9407445788383484
5f7edf8bc19520d29a9b3cc77e60a5f2,19,0.9164490103721619
d5ea0ffc53621fd83bb4d002fceea5db,7,0.9717358946800232
7598ac3194abfeb70918e417c876ab54,1,0.9653304815292358
958a28a54a09068a790c1c351578bd81,10,0.9714084267616272
20bbe8f243a6b0e3b0f5e55f24e4d774,1,0.9654164910316467
18fc3263bc4e339bbd243d3fec53ed69,0,0.9583127498626709
f3dab1210313226ded0acc40aceb365b,2,0.9827517867088318
642a22f1868a938be286de1cbc3810e5,5,0.970449686050415
09be87a611a6881cde199bc4c7272649,7,0.9709035754203796
2e2c2d56ccf94739835f34d21308195b,20,0.9608187675476074
5a11c075221f426721df7560ebe339a4,8,0.9616683721542358
fcfd9023dff0718f3751ec74809f557c,15,0.951946496963501
85be779eadf967efb8df6a8db80e382b,2,0.9824864864349365
c6f68c789011d2a92c52f36d6f54dc80,0,0.9803063869476318
836225853294c759b4a30f1d526a5a09,23,0.9522846937179565
6cc98318155adbc15e5def56c711c5c9,8,0.9609937071800232
289c85f7d4272ac144be322d554a0915,11,0.9553079605102539
eee71d6e8ba26f2c610c7e779291971d,4,0.9523987174034119
55fbe8526348c55d02684ac74377322c,19,0.9109843373298645
fc2018c6be23d6274b0a9c435f2da045,5,0.9702324867248535
1cdeb2d1af59c3d5394c149eef245b23,10,0.97135329246521
1dbf282f77456a68294fc1f886eda01f,10,0.9714121222496033
3243c6c73f6d4719b9fc4874bb24eabc,3,0.9324949383735657
3b12272782c6cd39ccc439e0b3f22796,8,0.9615179896354675
9245f7038da71c3f18bc71ee832ade10,2,0.9826518297195435
81d0fbce600888420f3b9434e171bf4a,11,0.9599996209144592
b7500693750d6cf8050be1684926e3fb,21,0.9326151013374329
68346bf6b23d83f4e59eedc62304f554,1,0.9645534753799438
b98e15bf99d9b1b435ce1e117cce8132,0,0.980486273765564
9d2c39e88a5fc7c2ad160a6162462a68,10,0.958417534828186
8aec97f1394a1b877c5adc2252713221,0,0.9804770946502686
afa32bd11337b31b5e43bb9017eafc45,9,0.9398272037506104
d62f055011faa1faeac9ea87256e24dd,0,0.9787485599517822
d4f05b452caa18acfa248e2171dc2b20,15,0.9467021822929382
3e1f7a90bfae9d076f7e2797a73d6195,0,0.9805755615234375
6734cce51381fac1e9c36155785aa01d,21,0.9265908002853394
4edfc37517d0875864abc42ca36a8ac6,10,0.968815803527832
d5d19a41a43b5cb7374e803c4c74c54a,10,0.9702934622764587
a42b2234f934554a680e7a76f04faacf,5,0.970367431640625
58e50ed19bfe1806ac5ffc3b5b35beb3,19,0.9141584038734436
aeaf4e9476f8ae1c06f67d9dcb719cf3,6,0.9603914022445679
3a776c8d22705f9e3b3474fd2e1f9358,2,0.9827799797058105
889aff6428aa2337dd7a8c5ee0d479f3,24,0.9535639882087708
3a9a275426da7294c0fb488aa6dce499,7,0.9717902541160583
70de780755856b9988814d90d7da5671,0,0.9805557131767273
1fafad28a3f775fe1d84db417353ee4c,26,0.9021943807601929
51597f97ef9f36d07bbb029ec7576c47,28,0.5068466663360596
913a606eb0a6e1b4b899ad269565a304,4,0.9527331590652466
6a79b40aa94d2cac2fbde69452fe9d3b,20,0.9603427052497864
8e96edafeb7c760829c5884828b92a4f,0,0.9804014563560486
fb26a5bf4a7b28e94adbd92f010f1d53,13,0.9613346457481384
4470ac07b9931986f6e5ef4e37e1471c,7,0.9717398881912231
47127e5f4bff7b19a9f89cbc4d6e2f2e,28,0.8570439219474792
94b62b5d8095ae596b249bd169f885ac,2,0.9823889136314392
a521967f08d86aa0c2f150ae2de5cd56,20,0.9603199362754822
64ba966d34c7ba26031153a46dfa2319,0,0.980492889881134
533960fe6496956a925366893996a02f,2,0.9827334880828857
f9c634d2ffcade8377eb0f8ffa4624af,0,0.9807290434837341
9b34a7c73ea2c7fd3ad2ed4fe7c0c7f5,14,0.8657791018486023
a07e9b6f841097527ce8237658ed2b9c,11,0.9601513147354126
3f0cad9933d0c039f3c531af49c1d907,11,0.961219847202301
3c1342b13405b6d31d003ae2aff8eb54,1,0.9628036618232727
6b39254f203fb9e0bc3d81cff9b03e5b,5,0.9705229997634888
dd4686e8a21e29ced890ee561eae3787,8,0.9612948894500732
6d2c9fbb3b5f50b791b3cd2e14177b1e,5,0.9702202677726746
eabf79b02db54b8127ffb40e33f6b217,21,0.9339429140090942
ecc9d60eff8d1806e55a153c88f65ea5,10,0.9643888473510742
c5ec2b40475b816d1f742bd5d11a2ca4,11,0.9612357020378113
66bcf19d170961460c4b14e34853cb47,0,0.9767094850540161
d2fe317c9e3c990d11a47040fcb45954,6,0.9563923478126526
872457a91efd89b1724f2c801ea39a53,18,0.9329627752304077
f4c4b5ad4ab9b47577e29b3b6d5b137b,2,0.9827332496643066
70449f891841a1ded9a3d8aa7692674f,5,0.9704341888427734
578d0ed6d622659491d98e3364d112b3,0,0.9804316163063049
cce562d90a7d746c9c4af069c794f835,10,0.9713995456695557
a1b103760f643add62c263a9c24aea11,12,0.2525739073753357
c175e899c9a6f5c0035720bc85120f2c,19,0.9162092804908752
146e07d61942ad7ba0e8706ded7c7ba8,18,0.933890700340271
e94e759f3ba997b5c24399f95f34092a,2,0.9826562404632568
096b69ae17197c66fc824aeb5f7c2008,10,0.5809245705604553
0dee0c025fa7f1f995d682839f45e8a3,2,0.9805775880813599
bd7cfffbf4906545e25a18ac2885f55f,5,0.9704129099845886
d4e0e0ecb88b6a8d39aa588e0a296092,8,0.9616634845733643
dcf9df2662a608c89458cd23819b6eef,15,0.9533103704452515
809af451805650ea359eb241030bdaa8,13,0.9624543786048889
8a902478837e5afea04ae9bb436f4654,10,0.934717059135437
dc285f1343494dfad9ed17d7cd6ab4f5,11,0.9607557058334351
6d602d81536684038e0fd40c2b6f6a5a,2,0.9826645255088806
2e36e8e67e235cad01d207c6d27f06f3,2,0.9822610020637512
33d993758179e4fab1beb248684a26f2,24,0.9523547291755676
48ad777316e68b1642dae9599d8c63ff,2,0.9724009037017822
04213bd94d8f67c2f4b12a030aa6d660,20,0.9597126245498657
e92e441561321a4ec40b215c15b80488,2,0.9827952980995178
37f1e1a2ee8b9e8e26b6e41e1e6d68b1,0,0.9797589778900146
849aa841d0f8a02f902a118d77e89074,6,0.9601007103919983
43c1c2907aa3b13be5bf8271cb3bea1f,16,0.9465925693511963
a5416a46c555717193321fed0a70ce11,30,0.9051865339279175
fa4a40330b093044680fbdd60ae4bb1b,5,0.9705041646957397
8efc0407b5c543df7f387e988a10c186,17,0.9338091015815735
6f005a466d73d4db75e2c087ae59a641,2,0.9826311469078064
bd138bc015291673a6f2564985c66d66,3,0.4665312170982361
fa4c810ce9e8b4d975fde00a7fbc7ad6,11,0.9607676863670349
8b6465259571cf3083384369f8cd118d,6,0.9603156447410583
2551cf966152cee4c6d6b32201f6fe4a,23,0.9480885863304138
4c4b2d897371755c5261bca29b0c40ac,7,0.9691206812858582
f2303a18cdb96431017c726ff2a83575,2,0.9822193384170532
773ddb8e41a4d7262b04e387d022aae3,18,0.875455379486084
a11f9617cc7a4a073bb66a119c06e21d,5,0.9674146175384521
3ffd46d21178a56e8742d70aeab32d6a,3,0.9325180649757385
b508a0fca794c500da37079f02e91bf8,2,0.9827575087547302
afa338f2314d05a27c956e521aa0bb5a,17,0.9385932683944702
4a6ba84dd4792c4f3af7283036b3461a,26,0.9254144430160522
dbc4983349b5bbb464e622452e0a5b15,24,0.9534224271774292
2c5ce37620c33118bab15647f75e9274,11,0.9608668684959412
f53252d7645ea04d2e8dda9b5540ad1f,27,0.8846867084503174
bf2817ba40e2c18ad6cb09fcf41aaf7f,7,0.9717637896537781
0ac745c30a4475ce69355951562248d8,7,0.9717931747436523
dede9bc931d59410684dc87052509288,20,0.9606301784515381
7a1802278eb4d4ec5e15a8286f2c2766,11,0.22453007102012634
aa9fa9db2ac6b056e40f3145dbeee9b1,23,0.9523646831512451
cb14c02ca1af5e3b8ae47291373416b5,23,0.9525717496871948
e25355725c79d1f5172b83e20ebc7096,23,0.9524685740470886
a291787487039c7ea6555ef41125b501,8,0.9615841507911682
68512d32a90943f9b49d15b307032560,0,0.9805580973625183
4074b2cfc789bdf1b66d83d39c9edcd8,10,0.9713819622993469
da709ade4822a6cd7b243ad6e9f15d7c,18,0.9338579773902893
cde5dc62dd5a3fd56eeb72ee4011699e,2,0.9819316864013672
c5cd7810f79b9a75ffcd393ce0b0862d,8,0.9612345099449158
dc7dac1ec3fe6a8236c49b40a139f7b8,4,0.9503337144851685
4f66482a66cec1822428a4b34eaaee62,10,0.9713085293769836
403f32942029cfd0c5f9b20077472491,10,0.4206556975841522
ce13bac760b16387ee05347094fc7e13,3,0.9323787689208984
54d9946ef03cbd73ab0b4e14d00f92ea,5,0.9696539044380188
27e0e81cbe37bece7f6f8c448997493d,8,0.9616866707801819
4952dba1a66190ca5cb6fac7231c66dc,10,0.964638352394104
e4307b94528f5cab3bdd9bf4ee83b02e,4,0.9520303606987
b032312257c3b3550a096693d99f0de9,2,0.9823223948478699
03fd0f0881aebc500041381a7c5a6aeb,11,0.9609837532043457
d036daf9f6b67e25881adb34382424df,10,0.9713152647018433
12847053644845252faf1c0d82de3583,13,0.8836705088615417
ce9106bad1cef6ab90e2e143e31cca19,11,0.7960559129714966
e0018f9dbddcdd029c4880e90b749474,10,0.9704719185829163
f4870883cfb8b5a0bd01626d35c26754,2,0.9822819232940674
a36ed86d53efd89e50c811f042b968e5,5,0.9706290364265442
28e08eb558f91049035be82ab11d243d,0,0.9803643226623535
6b0ca1431cc19dc8378810cec1cc45b1,4,0.9523641467094421
53ab417a143ebda161fdf499549e0d19,6,0.9602414965629578
61c7d3891e54f6fbf1c3d0aaf5d1ac3c,15,0.8599583506584167
fece5a48f5e911b3405fc284227f8109,8,0.9613267183303833
0fd926740d69f729a6e0342205b50f23,0,0.9806768894195557
0a8477096739a261eeb35b457d31e6bd,13,0.9621628522872925
e64ab163aa6d4aa4a8b6d5fc55b6042d,13,0.9625537991523743
9c6842ea67634c5aa5993843020e42f2,29,0.8935769200325012
ea73e402b88aa456866ccbd96489db59,15,0.9532604217529297
bb7e003cf4d01fcfaf01bae61b5185bd,7,0.9719353914260864
174eb8db78a73fe49fbaa1a81a10bb6e,6,0.9608045816421509
78c80d290e02db763e6f13abec877454,18,0.9336009621620178
2dd670f1852a9958ef99b05fee61e3c4,25,0.9140015840530396
d29ab49080e7fb5d4bbc899313010f4c,25,0.8309610486030579
483c4efe2d24e2351680ef426aed8713,16,0.9463139772415161
1facfc9eee395200f5e66ebef598045b,2,0.978410542011261
e16ec5ec4c5f8e63bc398e5c17431e4b,2,0.9827136993408203
98d9f84ec446389c368f2177056d8f73,0,0.97897869348526
a1b773984c5e8a1a7c7e00ad2d1a635b,0,0.9795569181442261
4eff44f01234a4675df14565a1d04436,8,0.9615736603736877
5791f07e544c49ef569bc0ce5c9cd87f,10,0.30269962549209595
89efbe34ff972460a29faffdc871952e,8,0.9608153700828552
1ced937c10a507895d93c69f57962a31,2,0.9825745224952698
6e51e45552fd0f7974183e432a9ff5fb,0,0.9806744456291199
d7e41fa628eb06640afbeb0bf1c0d18f,2,0.9771782159805298
b25f79ff34c54c40f2ec75abae474e95,17,0.9395522475242615
d79c8c032ea7928fc2358eddfc101013,2,0.9827629327774048
923c988f243de8951d54a091b86cc639,8,0.9612938761711121
cd34edee54849dca17d2e204963a8972,13,0.9620489478111267
0345ae2a3759b43829ecb80e68d7037b,8,0.9614121913909912
5fff8890b55f258d3942180b24d39809,26,0.9253303408622742
34f1d04f7cf745d3ca0218dbe4e32dc6,0,0.9806326031684875
8d16787d8c296735f8215225ace26335,33,0.8545231819152832
6bc0b09e439bfa344db5bb582e679a6e,8,0.9616219401359558
07ad63409f38f3dc2ac86ce180dc12b0,0,0.9766963720321655
55ebe91984d16c6004ab990ac8f0b072,4,0.9431018233299255
ab729d9a234f78d99ef5391223b8cbbe,6,0.9579941630363464
1af8c6242c8298ce0edca5069a115b9f,13,0.9568390846252441
9eed6684ab7bda640ee35cc3a2968afc,1,0.9642791748046875
8a3ef4d5cccf3bcbd41a8da9efc7d902,15,0.9521470665931702
bbfa1579505861c8af7cad7fdb3648a3,1,0.9632222056388855
c45932443cd9ea3d27757e6be1daf135,34,0.8384178876876831
f115b342f6516c4651679f9b5b31f520,27,0.84356290102005
b934ce923c701329b7490807264099f8,5,0.9700283408164978
813d7b7067b63038386ec2bf7adb7962,10,0.9712745547294617
d657dda3bcb7a641187220c964dc2384,30,0.88201904296875
a25d6dc045e03ad953e0094cdc257061,5,0.9626154899597168
33ed8388b4c56a5848d7bfadc6047ba0,10,0.9699390530586243
aa09220bbeeb6b329784a0a588cdacf5,20,0.9607417583465576
21dc75ca5d652987f07c8fbdb9e7d0d8,26,0.8576796054840088
d4d99232267d7ac46e903a8eb3126c0b,8,0.9616149067878723
5a29e20940fb1e9e22e4e3f3b941c9b6,15,0.9523518085479736
e9f441afc0afc68312aa26a8c261ee78,10,0.9714705944061279
d3be0bf204b7348ed14ddbd8ed66d0bd,2,0.9817107319831848
77ad0a3a7bb35958c2e12a5072dfd998,15,0.9526885151863098
c11ff468d8e9182002f44ce0d914b81b,11,0.9609329104423523
a70c5e5be50f38531e0171676bd02188,2,0.9588986039161682
9115759ae3abdd14d80834c163df59c9,7,0.9588590264320374
8c01485e4ceb94d8a173f0d1dd52eb83,8,0.9429144263267517
30e5b901bbe2ba3a2fc4da613e420eae,1,0.9570115208625793
5615d7e01b4774510aac6c4ed2f9330c,10,0.9709794521331787
86e610d45e1e42d0656d1e285ae9ef95,16,0.9452906847000122
6e4b565e842dba6c96786726d28f8c25,2,0.9824680685997009
71bdfdba3d977093cc9b3ca47eb1b37e,0,0.9205369353294373
3facbb5a308546cb559c2844b82c95c5,8,0.9616321921348572
3da3e85d247fcdffb371bb64b5a733b4,7,0.9714680314064026
b40a2351d9b122cbf52d865ebe3b0a59,11,0.960414707660675
b84f451df6a6800572f73e349e139d51,1,0.9651402235031128
2f3826fc683d91395809f9534cacbe87,1,0.9617078304290771
513a3a65670caaee243097348d5a9f21,28,0.8921663165092468
a32cf0ca23d624337238afa259002de6,6,0.9540795683860779
e05a699a972201d9db96f3d3db311e3c,17,0.918563961982727
8cef5704b275ad4b8b27231946c44542,5,0.9702709913253784
d795839bd5878009380930044ca8fb60,17,0.925395667552948
448ec4cf1f1c5015bcb598f466007a56,10,0.9708281755447388
e02a8d9d7b8e42bfadb0aa760d4de5a8,26,0.9260967969894409
c3b5a0df7e3400836b1fde655180d3de,2,0.982697069644928
73c703b5e1b11e0945c7db523f3992e1,2,0.9825007319450378
63232ca872fd354c4f08a3f027b0f1f2,0,0.9806802868843079
8e6ff19802372050dc0118b9a32beceb,8,0.9613890647888184
04522fbd3a2f51942d5ae2e9bb48b14e,23,0.9137795567512512
91e58c40c8ea555d27ebbc0703184dc2,4,0.9503825902938843
c2fed4db1fcd0e0543310947ed7b5fcb,10,0.9710108041763306
dfb68565540d3f3af730bef0da65ef6a,4,0.9458926320075989
db83a346c77af3e216845804e7fcdeff,0,0.980583667755127
e658495dce9ba9db3eddc086006e42ad,7,0.9718214273452759
ce476c6dc55300f55c83c1d65907f0c2,0,0.16981784999370575
86fd57299c288a25d3bb31514c9bd8e5,5,0.9703655242919922
d67a31d69b8dd4cdae9660bf6ce1b468,2,0.9826499223709106
45ed106089e81bf22ac85e5c8c75e180,6,0.9604979753494263
b6a5112a624967324acfadf7d0f42f44,2,0.9828261733055115
fed6046586d3af4c7c4bdb18e01df07c,4,0.9340331554412842
ef2cdd55e79018c6ab9013e98e080e27,2,0.9823639392852783
b969607c9e9fe3e69e023cc304486f93,17,0.9394068121910095
f67094270a76ae93d517168fbd689912,13,0.9620258808135986
c24bb4240aaeac6f2b1c0c2c6c1a9fc5,20,0.9603032469749451
8e268c49dab52edd6aade6f3972f95d7,2,0.9823729991912842
ad140c522663007ede9f4767e551edf6,2,0.747931718826294
0e6d8bef459c8326ca726c01d0f57db2,5,0.9706270098686218
a9b9835baa7902c7f4fa0b0acee85dac,7,0.9715245962142944
6134ada5d0bf4f4f4901bf2917962e70,10,0.9714046716690063
56a291de9de7a8ee2ba1a15f68884375,4,0.951883852481842
2c2b1a3f85cd06b2219a7c08fcbd37c4,2,0.9827979207038879
a5a2f11adade4f6fa4778cfc6151db18,27,0.8838317394256592
e19c397e4bcd10990706f0957bcebbe0,23,0.9526330828666687
63cef71051589ba850586f0c018f99ad,10,0.9712753295898438
e5f35e60a55985b54d9b541cf7e9c110,12,0.9232442378997803
f5cd50dbbf8cea2c835e4555d878c906,10,0.97139972448349
22d912080f6e040ed9c6ead1fd6b0402,4,0.9510920643806458
72b105245c2d32db787632cda90bdf0f,2,0.9825453758239746
93bdb6eb68fa293ada99b86aed67b976,2,0.9826852083206177
e09acf0a6ab40d5177c36372f7462d55,9,0.9390844702720642
84d8050bf61aa1bbeb27c7ee9c4597d1,8,0.9595353007316589
73c992854789db4398bc290a3ac19447,5,0.9700876474380493
84558f09000d5969ea39fdf4c9a546f9,6,0.9593095183372498
982b30d36b3581e2c9b7d108e616ec82,13,0.9623016715049744
3ef41dbfa78fb0a452a0b1601acc7241,9,0.939373791217804
3d91818886a1711a7837a62becdf7afb,2,0.6272956728935242
a5436ae3f71f859d9264ec5621685c6a,4,0.9529505372047424
ea25b5c6c23052f276e5826d0f0f4d95,0,0.9232181906700134
c5c0f85f7fcf65002d6ace4d7c30f810,15,0.9514172673225403
bee0326a2e9a3dbce31f9dc2907d2335,13,0.9626719951629639
1cc8f27269da87c57c3f07aec46187a2,2,0.9822155237197876
0c50003a0e1665f04b83175e0b6a8138,5,0.9701143503189087
267c641520b60053f5e00620e76da1b7,15,0.9513530731201172
1c0a39eff0bd14f352ebff7195b9b1bd,6,0.9542049765586853
5b6f2ed2596d2e055c225c7e966b31fe,5,0.9704088568687439
42f75bb5ee90368390d80b699d16394c,0,0.8966641426086426
f0e6182b76e72b461cd98368c79d5ccb,14,0.8928457498550415
c5cb47f7e701a259072c07cdd30ff410,2,0.9827651381492615
ae67cda1cdca70a4b2bf62b0443438fd,8,0.9615530371665955
529f9f39b88ba4fcdd38cac0265acc70,1,0.9654029011726379
d520b33def97a948341e58408006c91e,10,0.9715416431427002
e53d4558eff9817e4f761394a0f66251,9,0.9151729345321655
1e9b543663966de2a6ec22c1b3851b29,2,0.9826566576957703
c71288d968b0c6c8b73db5ae5546c8d7,2,0.9827452301979065
bbfa6176a9fda21e046b58093dfabef9,20,0.9608120918273926
ea65aa1285c5aa2b8bfe384c267ca9fc,2,0.9821231961250305
aa677008d2ddc06ea012fad7c2ef5513,11,0.9608376026153564
c578c79ceea37dfec323dfce2c0004e2,11,0.9602929949760437
cc7b6758f7273b35829ac81ba3ad7367,13,0.9625384211540222
aa45ef7e48550c546e8353d0d75874b7,4,0.951447606086731
dcbd83c83de87d3ab182f87c7eafa525,7,0.9717374444007874
1a49b5bb5a6196ce75f24b5325c1d366,33,0.8465057611465454
367df03a0295371f199c0c5816bb7f98,24,0.9082887768745422
d6a5fd1c4901505d570c4c5ef1383cb1,8,0.9615766406059265
ccb08ff9c23f3ca8edfa7951d2bb812b,18,0.9330385327339172
fead34f4ead35a3d351d70f2ddb94686,4,0.9521566033363342
64f02d74607abde384e5901c54203f0d,0,0.980589747428894
488155bbb6db354dcbcb89ef0b3b1d06,12,0.33641794323921204
cf65f3688b8b51ce213e3e0a291c0d54,11,0.9609455466270447
a6ac60c3819fd0772a27924d6f93ebe3,2,0.7945617437362671
47fc98d0d5cbbe387797b0b18de1f5d8,19,0.9127567410469055
061d64a3a88d30181362ba67e21c2d38,21,0.935041069984436
1fd874e2608b9c57ca5893dbb437e235,20,0.9606974124908447
882d369c8580c4b2274825e82febba18,16,0.9467725157737732
e7c84e978ecfb8eb6c6f467108dec914,7,0.970654308795929
6a41f938ef3dcdff0e9bee4e0fe0f2e1,7,0.9718739986419678
2c83782e8a1f7b90928df23e6aaff5fe,11,0.9609875082969666
2ade647af02dcba99f6a873eb98b9b37,6,0.9604319930076599
876c7dcbf59c9da24eb043c9d6ac9b3a,10,0.9713234901428223
2756e317253901dade5dee895d34f284,2,0.9822302460670471
0ad9ec6133f47eb7ce1dc90793eb6896,5,0.9702386856079102
d1437bb77e25bd0b40180eaba1654cbf,2,0.9821162223815918
1255b3d1ade1cce2c13710aea8830436,0,0.9800859689712524
351446e6a6c9656988d2b40c08e846c4,15,0.9534288048744202
556659eb8b88f0ccb722c09b8369c124,0,0.9802753329277039
a15c60270b830726570591808bde55d7,4,0.951894998550415
971cf551209bccf401ef69d0f06430d8,8,0.9615194201469421
85a93feec8c52ec40c9e366d43defa24,13,0.9621506929397583
62e912985fd6a9944a98af9b96b03bb2,10,0.9712802767753601
db1502327e5f80620cae85d5016c4213,1,0.9653002619743347
5de954133de4180e3e0dfecfcbdcb005,15,0.662731945514679
c2d8951089203f38bfd0d3030efae8c5,11,0.9508978724479675
960580d523fffb88d77e57ad5153ac66,20,0.9607953429222107
89c29e53479e4b4a2529d4c94fde2875,1,0.9654539227485657
5e72aedd7a9f28732e0093af93196fe5,7,0.9703068137168884
98a671ceff9f397fd7225f97cec9ef7a,7,0.9718785285949707
caee7376076ac1987feb78faad8573a4,28,0.8950609564781189
fa925636d1d087dffee3620ca4c67651,11,0.9607604742050171
fdad3403399cfbe19c5e439b7734b9b9,2,0.9827831983566284
649ce1178f3d1f93efa51444ed1b79ec,16,0.9463754892349243
197b0d0b90636cfed02b2cf1f8de7034,17,0.9383885264396667
a39e071c9ad3f41781122839ec52d2b9,2,0.9796690344810486
08eecde4c17f5af18b996a666a059cc1,2,0.9824352860450745
d4bdf2874bd9ccfcfb17d66f22d2a339,10,0.97117018699646
4fee10ae9b4d06ec39a843fd890cb9b1,10,0.9713112115859985
23338248cef3d1fcb2b1d20787d61725,20,0.9597498178482056
2e09eeecb537c97e10cbb6371d59d527,0,0.9796082973480225
b19a75d5687a7ef271f42a32ba247c92,33,0.8561111092567444
9d7847d7c0d8c8a5560a6935c8024aa7,0,0.9210819005966187
d8fa9eaf5ea61c040ea2904cd5cb2d3b,2,0.9819712042808533
55d4b16a81be9b9740c0d207d5c9c550,2,0.9827552437782288
8ec314f4958834efa866983154c942a3,33,0.8561165928840637
66dc385ddd0187b53c32320f3606fe6a,2,0.9824357032775879
e243e1f60c2c8985b3c1bdcd72c29276,29,0.8923826217651367
c8663a910ad21c6dfe13c4825336cf18,8,0.9614542126655579
e2679a8af6d5d43cff2957d9b59f0aee,11,0.9610143899917603
94a1c3a3183664ffb188c975e93943d6,2,0.9824371337890625
e792b1380c3e55c445bb2e6172855831,7,0.9718224406242371
6468572229d23ebc4c107f1b5a722cbf,0,0.98067307472229
f41399ca9deeb9d5a3f537c0e12a7bb5,0,0.9805929660797119
83130fa354f102a7b4be3b5ad76695d6,1,0.9652925133705139
f00b8306189d0cde0ce4dddcaaf643d0,0,0.9530181884765625
48e59ddb391d2780b936bf2cfd04ac9b,2,0.9820324778556824
40cdd1d380e74b69323c4767a1f898c4,19,0.9143868684768677
41bad16eba6eba62fbcf1c96c9632528,11,0.9613140225410461
69db1b96f7fe286665883af97ed3c267,8,0.9612080454826355
0f4618311f4d86dbedd549c323dd1c1a,2,0.9059010148048401
4ffc5da23a568ec4bf565d66df7e64a9,0,0.98029625415802
7b93aeac31893bd5e2a092b436c5742f,0,0.9731528759002686
d7ebb5c35ea6e9b5569a50713d476ac1,2,0.9404272437095642
cebb405247ff3004abedd419358e896a,11,0.9612383842468262
a05dd96612549fa2b9ece4042bd6d1ba,13,0.9607784152030945
c62ee347b203ce88783f86f8c8f5ec8b,26,0.9275297522544861
3b018bf0a7b7d533b888ac040fd130a5,0,0.9754074215888977
4f74e0fc57349f86ff7fe8426c73ba19,2,0.9809923768043518
9b36c5dae035a4623cfc8ce47eeab18f,4,0.9526743292808533
3373489098b426d70017c04fcf1ee0f7,11,0.5653961896896362
2509baefa3f0fcecfd1403e72899fe0d,2,0.8558222651481628
093eecf5be16fb3ed8490d9612c06a05,3,0.9322064518928528
233165e1d319dd303dc5f173892d10a1,21,0.9333577752113342
df58c4af8c9f90a12f2537a516bf4956,20,0.9596200585365295
cff8e3b7b5e799451613d78f0b26a213,9,0.9401693940162659
c4a14c86139a381b086255e9b33d02a7,0,0.9800170660018921
543bad19e4ef4f4450fff56917b6c5a2,5,0.9706804752349854
cad0b126792e58d8319de55a9dacac23,18,0.9090988636016846
c2f97656d23842b423ef39c60cfd1d1e,8,0.961384117603302
e192f505b660062866897569a78b2c26,5,0.9704192876815796
c24be3902e839ca105c2ba78e61c4fc9,1,0.965427041053772
51c1b464525b36e84cee585cda56707a,2,0.9825265407562256
af63ed66865ae1b83a777587e54bd46e,3,0.8648054599761963
bf901a043daf9e7f0c813a1e67bb3f48,2,0.9827872514724731
00c3fead3dd16b768f96e8584c7507b7,7,0.9710855484008789
bf3d98aae71d6a8e96a6131a326eef67,0,0.9806864857673645
229d4e0c94df2851f177f9e002073e99,6,0.9604135155677795
0ac6a9f88ef55d08eb9cc78b5549fd10,23,0.952499508857727
0ccc870bb7fac087b3431de8cc3dce22,2,0.9088686108589172
1d098fa9c9fa00a332d096638bfaa0b9,30,0.739932119846344
4d8b9dd04169106e98cc489b0416ae84,20,0.9258820414543152
388d8af6f9c2206946219184caaf9bb9,2,0.9827842712402344
96a6dcc63a7c63aebdf2fc24a0c0ab53,2,0.9826539158821106
8ea88f291f74b5ab387edca8ce86adb0,2,0.9825442433357239
3908689aa181816576a81730011ed336,5,0.9702156782150269
03d019a336130132d353f01c430fea7f,5,0.970452070236206
1cf91e616758a659ff6e6dc03d8f165a,0,0.9799087643623352
9a93a0df6806d906f0841f34a5fd31aa,1,0.9650459885597229
0e24fabea8191c6d34fadcaef975f747,17,0.933269202709198
88beebf77fab9265d9bb795a823cf8f6,2,0.9820370078086853
742b3b9ac6c2035fec2f818cb242ba15,2,0.9796978235244751
6b741b51297034ad9d30e7750028e904,32,0.8688279986381531
62b6212a77d429a64ceab3efe1914bae,7,0.9718182682991028
544f3281acfa6bcfd0bd87f9166a502a,0,0.9805923700332642
7b120a28e2471488e46484ed0ba11a0e,2,0.9825724363327026
b85300053fa759f5b9fd210806e90bdf,14,0.49858957529067993
75ab163f07d36297ad97c5c30c89d61d,5,0.9705393314361572
ef39283b99c2f66fd4175e236659b5b9,0,0.9801735877990723
c6ba2ded487b5a9d005740bbd8f9f42e,1,0.940224826335907
62c22d660fceae27be33e345231fb5d8,22,0.808502197265625
3826b5b4b3b1297a507ce22036200f1b,6,0.9604344964027405
a3e183b50617d466810589ed79c2a38d,6,0.9600881338119507
980e8871a46bd1d707158dc80b352c93,25,0.9133995175361633
a14e03e235c28bd9fb0d039c227446a5,18,0.26482680439949036
acdc2338aa0ab5d89fb460de96578149,20,0.9607623219490051
235d09b5b090cf635143d5b7ae9835e1,33,0.8559114933013916
a405a1749d60cfd53ba1b27d16ca5904,13,0.9624198079109192
e9f3eafcecaecd26163fba26ff7eee8b,30,0.3570708930492401
257ed3282247a2db2ae8219440bdd16e,6,0.9602434635162354
79710c4f44d19d3b12b6966ab979050a,11,0.9612798690795898
2a3a01b0a10fe0aa2733811bd1f3b4e8,0,0.9806267619132996
648fa569399850be3d6e9468b1d79fa2,2,0.9825945496559143
c8dd2cd6dd12b866f4798ee63f9185ae,26,0.9243794083595276
cced26297f6eed32e4ca3da6d2483db9,15,0.9520469903945923
6f1ca70f439decd7e1e79aae08e848a3,20,0.9606154561042786
6a67c4dd5fd5425aab52cb4e2e349168,20,0.9603688716888428
1fcc4e3452649a9c11498157b94b638b,18,0.9323504567146301
90fbf2fafe331c077f8fcdd78eee77b4,10,0.9712410569190979
0e6ecc23e7affdb35e2edd0f29c5c1f5,5,0.9704353213310242
8a68cc1de5ce7d0ce4204a8a8f615cbc,3,0.929811418056488
122c070e4990b237c0181761d00c7110,2,0.9782969951629639
102918119ea9bf9af67cdca33c2d504f,6,0.9603503942489624
376c68202a4fdb5a4a418b2adcc70e9c,15,0.9534065127372742
ce01e47c17f906397900c03e5152501b,11,0.9376696348190308
6f7e43741e70c21974f8a6ee411df545,2,0.9825975298881531
fa8d456abe59adbdab0d78c20977a963,11,0.9611315131187439
be39fbc67a06e634ea78a461a6b80bb7,15,0.9525317549705505
86f874a82cea51f0569cfb8013bae1fe,2,0.9825035929679871
5f5be2b2f0a01762020303dc32ff0b3f,11,0.9598398804664612
66ba592ba00a9393eaee49f040546440,11,0.8418827652931213
e0336ce23bcded4cd59e49f8a3ba2ba0,0,0.980457603931427
e943ec9c5e6411e84c639765e735252f,2,0.9823170900344849
df56d40042e20fdb293b0990de784f16,6,0.9602709412574768
38ad6b4dd08acf23c1ad1e68c9bd9660,7,0.9707692265510559
572e3ebe6ae313b088836dc28b5d81da,10,0.9706987738609314
cb06ab5ebcb2d8ceb2e16fd568b16d79,20,0.9608759880065918
22106ce770df0f7ac28eaa40b4fc99a6,33,0.8564366698265076
8dbcb8af975cb6839809b0123208cf61,30,0.8984283804893494
1264c97609d49db0af40a7f05c49392a,10,0.9711353778839111
2f7e24924607b70fa9a36a5314a16c85,2,0.9733743071556091
9c9cc0c73080069fc673ad1241fd2171,2,0.9824529886245728
dbeefd6596a8f6d1883784d4448a7f0b,28,0.4725341200828552
6f68dae180b98325606f399a356f3941,0,0.9803962111473083
83c15442376e8828a256c781d23f3bdf,7,0.9696784615516663
8583c2ce1f94797b4ca3765dac964925,2,0.9827303886413574
9f8e7c3dd59e4aa45014cf597c76e14a,9,0.9404508471488953
055e8868273087c29ebc7a574dbc270f,8,0.9572910070419312
c4b24e45479d1489f89f2ef62959dc75,10,0.9714319109916687
6c268330772cebff0bd9556d944f5c01,1,0.9654533863067627
908b2972aac473af69e848d96c021d62,14,0.8781012892723083
7e5677e03fdc45905c02f0f5053652c8,10,0.7551981210708618
ca1d8880dc68ce2bbda7b707be564945,6,0.9433059096336365
209fe6f891c150dc7f89ad234d272763,11,0.6631475687026978
1d7d8e49428bd846878f2a3b616fc6db,28,0.49680688977241516
5d0516d107d919b09dfa265de6a5aa67,16,0.9466516971588135
afe6f91a1792b94e55e92e949b15f3e0,24,0.9525041580200195
b1220f5d75f1ba808ace6a3013a82d3e,1,0.9653160572052002
33b05ae75938ea90c84aadfe8606ebdb,18,0.9338200092315674
fd7e5da6c37db43c141a925d107177d1,8,0.9614394307136536
6b86db7671c545afd2da8e99e9636975,19,0.9164095520973206
0e79d198c12c701bcfc2306bf0f40023,5,0.858992338180542
f052f8af6d42e38e0d068ec3f144ccf3,8,0.9616374969482422
8ac8038ea059a62f54adeb0b6c9975c6,2,0.9822101593017578
b28f00f80cb2f395c8ebf8186e87d40f,2,0.4213937222957611
41d3d9d67bb6e66f721115a7f898ad95,20,0.9607244729995728
50827b46b824579912c4cbfdd404dcdc,2,0.9822763800621033
378962fa1e25ae29aaae879dcfbde602,2,0.982550323009491
c17a0a77e18a7ceec880b0ae6438e72d,8,0.9615345001220703
4a9eb20510846bd782f3a675716c42f6,8,0.9615875482559204
a4e39435920cb6a94f5ed81d66ec3349,16,0.9448739290237427
bd01f8aae6a6686e46b4eb1910f1f9f2,7,0.9717521667480469
7666c1a94735273cb48036925af073d8,2,0.9821140170097351
4f58df8e1ac23ee928f8ee14f8a1e092,2,0.9762735366821289
81e28d623ae7b9161825cee443f21b0c,11,0.9599876403808594
f90016d78376d767ea266b8c8baca0b6,7,0.9717879891395569
cbada3cabe42c80cab8bbbabaa42ab11,7,0.9718144536018372
9e67ed0f0ef37b5ada43f9fc37a7437f,2,0.9823905229568481
6534e724cb9615550b208ea96249735a,2,0.9816532731056213
6af734f4d3997a1e684c8a7d03e2e89c,34,0.7819470763206482
4648650fbe60fae2a269466696b9b9f4,8,0.9616444110870361
ecb18519a36de7580ac0a539d49e9f06,1,0.9655054807662964
9e821a7396d5c42bac2ca25b90852257,10,0.9704635143280029
60eaf6b07a25c55fec7f172bd99d15f3,18,0.9332009553909302
5d55f24759ad7e3c043b3a6826315b72,23,0.9504455924034119
41a0cc5f1ec02cda4ff6886940df00a7,5,0.970445454120636
53a3561564554350b36cca7001963092,5,0.9703521728515625
1c756dceeaee2c5f97187907ae51a3e5,7,0.9718385338783264
9c74584b9fbc553bafb2f21e913d10d4,7,0.9714545607566833
b0e6cffb76052b8fb691c75712321738,13,0.9620442390441895
f35964e104838de5e54eea423cb0789c,0,0.9805638194084167
639e622f6224b5f9146dff9990191416,2,0.9818969964981079
a5c22092682c6ea4aa79704859ed6ed5,25,0.9114994406700134
89c8f8d9e909209e92a9a2f1c68a0471,13,0.9625712037086487
19b5ff629a19e9a02714b165ce67afb3,8,0.9616394639015198
bb66ed9f349ecc38900a73fa6e09cc72,11,0.9533199071884155
0b75f0b1e17e07895880a6f79f142125,0,0.9806889295578003
c226264dce7688ee652a0c82b6b9e999,21,0.7206200957298279
0bd8c8dd84fe28ce967005867fc389c4,4,0.9527461528778076
61ef53b903a883a2b53ee017f01b36d3,3,0.932047963142395
2a275f8d1af2fd51fc844f0c7b278549,20,0.599601149559021
66b0cb01ce7b89c9dac0aa9254020aab,8,0.9617038369178772
7afe7ab62708d22708461549adb9128b,1,0.9653422832489014
b091383761cc2bba5ea743cac1839094,1,0.9647335410118103
05111c25c9eac5822f00859207e5fb75,10,0.971330463886261
1b421a72558cdfe2af0441be79f291fd,3,0.844905436038971
7e5f5134b9a74c6587fe5456c45dc441,0,0.9807230830192566
3d774c6c3da19d1a194426829f8ccbcb,2,0.9821609258651733
0ee0c77c156bfe61296b3f1a75d5b85d,1,0.9655017852783203
92b1cc87d8f77f4baaf88890711650a3,16,0.947047770023346
bf76078db03f30e97c7c4d6e7c69bf29,27,0.8892539143562317
ed8ebb4bf4cd7dcc848e852ee631fb02,2,0.9827028512954712
3a1bb01d108333f34802c6de80e58f23,16,0.9444818496704102
e6aba88be3386756a1e1190901b8bf5e,0,0.9806994795799255
13e1e16f7ff6b81937eef23219d08196,23,0.9524442553520203
67a9091b1fbf4edfbbfb159574823af2,11,0.960026204586029
6e31c8f855751827b741fb2ba2f9e7c1,2,0.9823912978172302
85045ab76b8add53156bf9c59fe02016,0,0.9802742600440979
daeee96e0979c214324b01bf3802a1cb,10,0.9678386449813843
bb1817a6f10667a4abc9781b5ce443c5,21,0.9316388964653015
d2aca51902f22ecd3a9a94fa0acb5c9d,0,0.9804055690765381
28abac369c47f8677fb3cb655034ae68,2,0.9825756549835205
29f30e0efc94c7e4629f6a42ef22dd41,6,0.9543426632881165
6582f96f5dd48ffe45cd7f961daedccf,15,0.9529115557670593
5e8b62f816f69a672feaeabc79717abf,11,0.9449975490570068
7056bf59ef5aac4d1110644b9cd0c935,12,0.9229418039321899
2024b98a59d81831933e740cd3516118,10,0.9713069796562195
3856a059d8c60a86edff6d1b68e5bdf1,2,0.9826391935348511
0bf5e9fc3d217c8e37043abd3de97a37,2,0.9789560437202454
4f44decc82b8b27e27ef5b990f4640e4,24,0.953012228012085
a2cde9d827a96d5ab09bc0792048c307,23,0.9522837996482849
c841a08d81af568a25a3355622bb5ea4,24,0.9502353072166443
b74a604188a8fc6f7fa1bed7329fcc90,20,0.9604281187057495
7d31b4bb60613b620f696940a543ee6f,2,0.9788121581077576
1e7b80afef7c0b6e08a0300ebb72ed85,26,0.9258695840835571
4aac326531bb3214e2544e5bf00c99a4,2,0.982736349105835
9ce96e607467e3b577a37b8d9aeedffe,6,0.9598843455314636
741e48ae6771c60b1b0f3ba94787390e,1,0.9652727246284485
2bd34678acff91123c6ae375199dca0d,0,0.9592621326446533
c3db8d8c6a0f4649ba600603a8a5162f,2,0.982668399810791
a51809cebed6dc6a1c6e9b39c7251b32,11,0.9608010649681091
6098d5921ffe0c16177ad0d872435186,21,0.9361407160758972
8d4e899d91b1b7dde3769978606096a0,0,0.9793550372123718
d864f62f5d9a9299297412e571196c00,29,0.8055657744407654
9163e53ba9e91fb173b97a21b22cd08d,2,0.9823697805404663
841b5483efdeb9fc45ed1a02249a7d36,20,0.9604835510253906
c2dbbcd545324e986d49c997dab61a31,2,0.9826488494873047
07533d57fe9fc7ef9191811464600bd9,5,0.7488842606544495
d1b21a3fafca0894477776e4d8994c35,11,0.9605873823165894
f0e04e309b927195903af51ffdc82fc9,6,0.9603495001792908
00bd38c412005cc01eb188bf9edc1308,1,0.9656686186790466
12a1d1cc81ef0d0b9154ad2342c72c19,0,0.9806431531906128
abd26de28fcbf8a096156f6ec04dfbb8,10,0.9715284705162048
4d822ec330fae0f688ef913e21d2d922,26,0.9270964860916138
4ec82bbd354720edf1aa30b5564ac1a6,20,0.960811197757721
58b9774de509d5e2b8e3837618a7ea48,3,0.92987459897995
6581b33930e1ce1fea206ca80a287f68,13,0.9555127620697021
b638f088075d690f56b1e22e97a526f2,2,0.9827978610992432
c42f521ab3b909dc06f59ef46e82b528,7,0.9716667532920837
97a9714a612dff8c905e4b62dea8c986,2,0.9827766418457031
a963f7e1d1f7946af1957c1173dcf7e9,2,0.982657253742218
7316649a418b2bf361ec616f5692a640,0,0.9760718941688538
308187f7b8830261a7c22f87e6699b19,7,0.9616261124610901
2d37153cd8b0787fe387ff977e68b272,23,0.9502266049385071
2689b64c819832c7df839c5ef17a42f8,7,0.9717037677764893
f44da98d5875a5f7fbb30f72c8c54be0,0,0.976254940032959
d6892008c4ede900cdc7a5bb5475160e,11,0.9563446044921875
ab85642841f6c77110f20a022185178e,11,0.9613011479377747
0d2b1805e56cb6e1079b3e214c7e911e,5,0.9704529643058777
ad0020de96329460fabdef3cbcabed87,12,0.9230102896690369
4921725482f983f488745d6e275274ad,11,0.9612905979156494
86817a7e2488841f7da52399647250d3,7,0.9718352556228638
d7541fbf9e5b056a615a4512bf22102f,10,0.9699661731719971
dcfb8674d44037d5426ffd420cc0cb9e,3,0.9307314157485962
e5330efb7c260cb646fb13bc462e0061,0,0.9803157448768616
1d8fedac7c417450288159c3c98024d8,1,0.9653933644294739
9e3714b1b10ba18cd8b26fdbb37d9c96,2,0.9827876091003418
a601512e65117d9dfead29bdd031aae2,10,0.9712334275245667
4e153abe87e8a6cbec0773755c1a35b1,2,0.9799796342849731
1843c17c547725c561a303fb9d8358aa,30,0.9056692123413086
0693428d82d1966857cd9720d50d5d70,10,0.9714978337287903
62668a5bb145b86775c768eda9ee0a46,5,0.9704186320304871
bf3d942f7ad31c3d1493b96462993704,10,0.9696762561798096
bf288063f529877766e45c5d84616490,2,0.9652469754219055
3b4b6a151e728c8d9e410180b745d3c5,7,0.9710453152656555
56ccfd84c69ce641993bd945a1deebaa,11,0.961611807346344
c584869b03e2b9bf085a918be50f7751,0,0.9782820343971252
fa49f8930052b1d826d91e1eb40b69e9,2,0.9826001524925232
ee0550c950b56666118890201de53b4e,3,0.9323883056640625
fda24ff065062614f5c04a0b37e3f676,11,0.9383834004402161
af33e0bfbf2ffd628aaa4a044a18b0cb,17,0.9352054595947266
2969a30c44202eaf529d5a605efd8081,0,0.9803332686424255
a2f2dd4cdb6d57a315c3158ff0a7eb0f,2,0.9823814034461975
3b5e548a237150d8734a926479612c48,23,0.9524720311164856
90570de20d9ebfc76b8ed473be5a64fb,10,0.9714096188545227
b9e8e0cce1bdbfe9c5c5f7af98bb2fdc,6,0.9606805443763733
d02b64842d2761affefcc29c6eda9a82,10,0.9689852595329285
24d96f527357e59affe693c3569fbb5f,2,0.982774555683136
c9be6167ed28b14e667b3005f2323af2,17,0.9254426956176758
5e30a60ab473e0b9ea6ff3d68d020849,2,0.9827744364738464
f19d54969043a350ec8e636e1303eb26,27,0.8892174363136292
a7548fcdf533e0d63243424f3b42d364,4,0.9508013129234314
034e45a3257312bab0621c37aa47030b,9,0.9398402571678162
620cab214a50f2845dbef956d0ba05dc,19,0.9114851951599121
6ebfe02229b42b81357967ac9b0220dc,15,0.9529263973236084
1e3d189974175a7657845ec98d72e907,10,0.43069928884506226
a34f5e4f2e267c835f7c52e6e62c8e32,3,0.9322499632835388
4f0bf523159bd38586a3527666ce5873,15,0.7638377547264099
b3cc24a3fa0f477757e61c3ed84dd8e2,26,0.9260740876197815
833954f5c962c4bccd1dc2bb96f275bc,10,0.9713116884231567
648160e35f35eabe2601e7068ac4cfd4,2,0.9824525117874146
9a0fdc04aa9a6df7368d24a8164ed14a,20,0.960719645023346
76efb0b0d4a514de5f86f4d87260e50d,33,0.8565132021903992
41f038885461319d37893e54ea3e649b,10,0.9714092016220093
835e80300023c9e2c04fc4a090135cbb,5,0.9705846905708313
c8767a90fc37304e3cd0dcd227d83893,5,0.970460057258606
65df08be160b86a6aa7d8c4648796f27,11,0.9609426259994507
310bb544d1fefa2b9efe623d90bce2cc,0,0.9789733290672302
3f9595c0cc1ed04fbc826072373db48c,3,0.8984385132789612
4fe22a620712ef89759e8da5f3f7b2c2,0,0.8307908177375793
2f16fe9fb53fd6cdce54643af93b863b,10,0.9700425863265991
b3382cfffa8abca92b9b96e148d5e71c,2,0.9227933883666992
c25a614d9ed05170c883afc8abcc592b,2,0.9813629388809204
ced249cfe2691707535e12cc5808cbfe,5,0.9704225063323975
f27abdbd6266cbbe01937ff1e50d3704,9,0.9396547675132751
e29fc59802c5268bd9307e5e5e0d9cc6,1,0.963868260383606
6a38dfed9cc7478a3183ba96f8685d7c,25,0.9146407246589661
67f64e51c8053d4027cb4dfd2d81afd6,4,0.9524517059326172
3cd7e22880caa5c8cb5e1a3ae1cea0b4,5,0.9701941609382629
4c1d02517166764510dc6fda1e51ef67,0,0.9796152710914612
6c6e2df017ad2b77cdc6389a20418608,4,0.9521811008453369
8c4eb47462b684739570ff0e3ff1b5a7,31,0.877874493598938
29091fb49d42764c9674545aaf1e1314,2,0.9820366501808167
512acb652501993b29710db51d5ecc22,0,0.9796286225318909
05a4c302260c5dcbe9c934830ca10b0f,2,0.9824718832969666
e47e788e9dd50ef05f97012919000b4b,15,0.29548537731170654
4fd7ef0e6fd5a30f6ab70fcadc60cbb3,11,0.9609699845314026
dd944fc8fd3ed3841c1eb9c9e2b3ff0a,9,0.9300488233566284
45dd2cc3ba211a6f935acf8a6beb01d8,5,0.9700450301170349
bf93bad73a8e8cb3bc1afae100ebdca5,10,0.9712738990783691
6ab2cb5f50c041cc8b0e639389ac6b48,15,0.9520901441574097
f8d39e5d66080e660b385106ef9426a5,2,0.9823640584945679
1865fd1acee41292f6703e9e555d207f,10,0.9715200066566467
d90b377df218eb28e65c140562109c08,21,0.8149086833000183
1d07384298593fbb97409194a7a9c4d1,13,0.9626234769821167
055c04dd3c4c98162d374fe49044df34,7,0.9715504050254822
68affddfe1d1cffceaef43067e576803,5,0.9705027937889099
93d0f8da6758a7c3ce48c7ebabffb1cf,20,0.9609400629997253
8d6f58020c39e40c7d6de41f3b5b462c,10,0.9708971977233887
b4c4d94429c45dbe1d76cabcf524853d,2,0.9822758436203003
423228013096a09ba2c5b45edf8f1a3d,0,0.9806981086730957
4dd429a893c2d82843c72998cb310c85,18,0.9329699277877808
7bafcbfb0373c90ef4185fab891f8189,9,0.9396505355834961
76f5c1c677848d4ca25178bae8c4b962,5,0.9703860282897949
ee1afb40748908d66c3969ea5393dabb,13,0.9612741470336914
2dd602e9adbefb6486e1530224ae5458,11,0.9610730409622192
1448ebc6de24ab27cdd54c54436059b1,10,0.9680066108703613
432fb7bd2135d5689e72300f330eab9c,31,0.7197985649108887
101d1a617a28d85c272bbf217f128ce9,11,0.9599652290344238
bd94b8d734e47eff527a440e506393fb,10,0.9713481068611145
1ddb876c7632e1ef59210d13df87f54d,0,0.9806455969810486
d21a1d34b8a8329071f03d4eb3c0f24e,6,0.9576518535614014
c9e91874c598e373ba3603df8d27111c,0,0.9806504845619202
c9be01bd15cc7fb820cf5d3a54e60345,10,0.9713006615638733
774fe56e671334a85e8937c3f08271b4,2,0.9692479968070984
1e216d272a897f04d9933ab6535fb49b,0,0.9805648922920227
df430a431b02b74943fd499a5e403fd6,5,0.9704850912094116
97391657f87430c5986eca94928c498f,15,0.951961100101471
b6c4a33ef9f4dffe9bd1929e9243fd02,20,0.9598652720451355
9b1d14d27008f72e875c979794375203,25,0.9140846729278564
e1ca155e7ef80d51f7836966b08cdc0f,11,0.9130621552467346
ab0158e87b99c0ac084bf80f4b9162c2,0,0.980637788772583
96bb42e9a4fe406e4bf382932cda4aa2,7,0.9717294573783875
4e4214480bb6f4ac30200b2f72736389,8,0.9590113162994385
5641902dfa305072312d7c4a89141a05,4,0.9457859992980957
74ef701af273c3be8e8fb5277e2d69eb,30,0.9056111574172974
13af5f794ac2e8316b15b2583487623a,0,0.9805128574371338
ab50a2bc1a4f051f753215e15b0fd3b2,7,0.9705978035926819
e7d83d31530d8d74c28ed901a43a3741,11,0.9607504606246948
54632e5cebeaa8901defcda44dc34cf5,13,0.6816508173942566
feaaf5ea29b977ff552bcc870a7decd4,2,0.9823474884033203
17515fd86df8f461d09448b6b206b0fd,20,0.9606332778930664
5d4c5e56b65b344a1be49c27c917c5d2,20,0.9605569243431091
46b491c4a4e228b0cc78c0bbe2394d5e,7,0.9209128618240356
ff2ee1c01f90fb83d4de812ebab57c7c,10,0.9714469909667969
ea3a2430645067d64db7e226e8c93559,24,0.9532947540283203
0fb595b6f1168c4b4f63aa67e55cf2be,2,0.9826838374137878
56d1e560da3e20eaa9625a58767f02fa,0,0.9805256724357605
aac8e90423e478f6970084334f770a29,8,0.9611704349517822
cc20abd8ed6031f5a9a7290cad4f5108,2,0.6869939565658569
d4c44bee087f665f43fef95233c8fcbd,31,0.8776861429214478
1a1aa391ae3634f0b302be25eca32ce3,9,0.5002646446228027
f0ebbeeb54c23926ad1632910e4f8648,20,0.9606607556343079
5616970c4736889640816bb2cb7735dd,16,0.9455795884132385
67a03df0720aecce31c08956910c9059,7,0.9714674949645996
6233c42007da1ea1c8734e90ee183641,11,0.9608613848686218
cd3a315319110a9ecc579a1912188268,2,0.965166449546814
367b3485ba33ff088fe3c15d23dccad2,9,0.9277984499931335
34645f5681e140772492e9529c6f282d,16,0.9470055103302002
bdb79efb002b347460109d8a4aa99501,10,0.9713478088378906
832241ee2d5ad759668a31fb8ed408a1,24,0.9535740613937378
4d82bf7d1baf97dfcfd0e4b17a05be86,15,0.9527059197425842
9ffb5efffaa7e5f424b67bab629f2f01,0,0.9805344939231873
fbaaba3876708fdc0cbd4a9dc5766df9,15,0.9537476301193237
90df42fa54e010ebed17d0d280e48c52,11,0.9599359035491943
bbfc6afdb8d157c1d002be2caa5fad48,11,0.9610329866409302
6d01bd96039609b5170519fc5ba3a58d,26,0.9272099137306213
e013adc953c1d81ba075f2f66bf75b32,13,0.9618009924888611
f11fb41fd3a10ca9a3f60264d293de49,9,0.9405184388160706
1839ef218ebe5ef8f0fbc086d2ff3d50,10,0.9714344143867493
a3729f19c32e5af018559af68b854cb9,20,0.9606014490127563
590c7c3dd34776ae072941b46e274095,13,0.9622668027877808
6dbe792586f27949dbb304f6acf3aeb4,20,0.960260272026062
5648886d5d0b905281c6ee50a74bde35,3,0.9322823882102966
fd0881af6d13cbb6f74e290789977110,14,0.8915843963623047
e1c688a22e94529045034b05e1eddcea,2,0.9824422597885132
a42cb2351a89e333dda7b812cd5ce92d,11,0.9610628485679626
e5b8b8a68b5d03a5aa0a2f3b8dd17aba,10,0.9712267518043518
4113190fde93834945e80789e856f856,4,0.9478442072868347
8643baf9c8c4f443d89b091616e86550,20,0.9606893658638
8c5865bb61a01ffea12fae9b17351ce2,27,0.8872320652008057
528270820a59b9f4913914a8082655f8,3,0.9026002883911133
ad4487a8db782ed2f7297ee2fca5b635,23,0.9526286721229553
422ae26f8382faf8fd39dcbf7c329518,2,0.9824588298797607
6a70789281036e34e6585484c7452198,26,0.9259445071220398
ad93cd4a9ccb82589d24bf8580f594e7,18,0.9305717945098877
73967e9f421423200fe97b97a47e8009,8,0.9616939425468445
88de7e39cd17d67bdaf44362c534c8e8,2,0.9813065528869629
786d403b23d894d292c78f5ea140b67a,25,0.9136530756950378
82e35313fcb2317888192c19e25f47f7,0,0.9660738706588745
53d5550daa61666999f12d43c5e8c516,29,0.8936677575111389
7488f9a69b2519e7c6e53dfebad3ae84,13,0.9623321294784546
98c0c204b45c2bc24343fe1a6197e7a2,19,0.9160223007202148
e2412a02b6f4cad637fc8d22bb65b98e,0,0.9804568886756897
caacd57ce0de2cea58982b0fe3bc2d31,25,0.9138965606689453
ca7d0fb2970d588ba64b1256b260fa49,2,0.9816277623176575
ea76e7609f664b10317d090d0b29d784,5,0.9697364568710327
e78916a40ea8de643529e19d616d552c,3,0.9318897724151611
11993ed2e6a957ad9413757b6792b4f3,18,0.9330003261566162
ccf820b08720a5a68037c3002522edd3,10,0.9714145660400391
813d173574b0ff17da44330be156e0a8,5,0.970506489276886
fa70581bac10a93f84de30141b6632c0,10,0.9708936810493469
5ed3868f48b721fe551f0310818af325,29,0.8926941752433777
8d1a6e67f4b7330c4133f911bca8aef5,1,0.9657526612281799
f3dff19231d860d70981a6e47289d428,11,0.961125373840332
dcd8e9b679b351bd9d353209c5f1abea,6,0.9596602320671082
0d47c1ae0280fe567a6d8f691c46908d,11,0.9607982039451599
a9633234a2fcc0a10856a36ffd7bfa6e,2,0.9827057123184204
0cd172ff2b10e62e9224cf706c4c81fb,20,0.7880431413650513
57eeea3f2fc6f350f36cbb4f02652747,7,0.9706948399543762
dd4a427ed2a42fff74396cfa35d3000f,21,0.9170753955841064
ae80c04e1e18a0dc4add41dc10194adf,2,0.9820392727851868
1396dd0b10df289a37247572fa93504b,15,0.9525963068008423
771a1a26393c8c85ae474bd5e55570c3,2,0.9822602868080139
e6d1e0499e0799a0847e33c487dd8064,10,0.9714673757553101
584bdda643a46c01bce9b458a108da00,13,0.9620092511177063
56beea6c947d8e840f2b681d6b63c886,0,0.9807776808738708
4bf206cdb170940391aa2dc1a360c227,13,0.9597869515419006
c675b182a8e3492f717146e32c497fa8,25,0.8517027497291565
628d2abbfe781ca6af73ad4a7c3555dc,15,0.9524242281913757
52c3d0d1587f118a7da93ae10402c380,2,0.9827412962913513
5f6b54b52d63af44ef5bd942d8f221ae,13,0.9591547250747681
3cd465982fc085bfb666b154f2dc0323,15,0.7637542486190796
f4e36d1b6c427d5d6888418eb4938961,2,0.9827218651771545
bd694a257c920ba9f8226e820bc577f0,10,0.9713764786720276
8cb62f12516e578056a12aeeb7df5886,2,0.9815483689308167
b7a4db926e554a5041fe380c31e7fa54,11,0.9608253836631775
e248f79981acf840f0306e3d13a0ad31,0,0.9805219173431396
4321580bb8677690eb4320e9c463abc6,10,0.9328172206878662
455baf5f6ba2ce02a8fa9e8022270a29,24,0.9414762258529663
d039499daa615fd253600c2fd0848e82,5,0.9699544906616211
e81b9cc0a27d87e0852b20f30d3181cc,28,0.8970314264297485
ccdc76ce93e953bd12e7fdda007214fe,5,0.9702787399291992
c62e5e8a4161be7f3e38ce5a9654fcc0,9,0.9401192665100098
d433011306ce1150e4f29fe1980f071a,11,0.9605406522750854
a20e19ae1fa2bd931d72cc1196bf73aa,10,0.9149326682090759
0be6c897de5c486727f5f523610ec7bc,2,0.9628829956054688
e436b00963e3e1d749ef3d14a2abac89,11,0.961182177066803
d87918263010478ce1ec81f122507499,2,0.9826709628105164
0121b8890fa32d55a573bcb9a883b43d,8,0.9613832235336304
f90b306863f8601757c97ab8312205d7,30,0.905056357383728
1bb0c9a43a18a14ee660d555497743f4,1,0.965276837348938
917cdd9bbed8d96a0809f2b48b84b890,7,0.9714231491088867
db59717a83e11ce554a0a3502d479847,7,0.9716485142707825
bec7756aa25ece5a080e61630a8e4313,0,0.9805576801300049
262188b584a3503b1d85a829118b08f0,3,0.9323413372039795
b01e4315658bceae63fa13d82e840bd2,18,0.9338161945343018
a60c132eb33605160c961e598476ac39,15,0.9522835612297058
924990fe8ca7dc4a872a676aa70500ed,0,0.9804240465164185
fd03b5294e224a72775b9a08977a972d,10,0.9713259339332581
60e7d537f36686ccd07f0a7d6882790d,2,0.8923690319061279
3ad6eabf75ab34fe809d51870a1712c7,0,0.921264111995697
b316360191d450ba82ea646889a2dbe6,10,0.9711101651191711
3e2d7816728fb08ae4ade87b07cc2e6a,0,0.9805801510810852
d43ca0287582e7daccfb88df7f8a4466,10,0.9705066084861755
15602eb08c2e07e02bba6eef842872f5,26,0.9265657067298889
aa8abfa93e68291fc42289505df8c87b,2,0.979945719242096
68165c80f7d546a0dbba5be79408bd05,2,0.982740044593811
f9653306fc921e712be0b000f81de8c8,2,0.9828053116798401
29b4b5cf65d6d442199ce38b7aa66642,10,0.9709977507591248
82a1992947316a9f6a8c53ea2699fe68,11,0.9567614793777466
88aa936470c052ca21d29f58bc294020,4,0.9487431049346924
906109c62ceee0fac274bad2a78c2f28,28,0.8917080760002136
460b6fd6f1bec4b3aeaf50d4aeb2fddc,2,0.6053344011306763
71122c339f20cd2c76dd573771979af4,8,0.9615791440010071
cd06bc4807817688250c680f7113a11a,11,0.9612664580345154
f69a35cacae29529a5fef5b4b9beebb9,5,0.9706248641014099
8013b2b976127215ac5aa22eefa8d20a,19,0.9161645770072937
0975aa71d3325a90d15be2a1834f344f,10,0.9714486598968506
2a47700f25f62f8badd2608d108c2fe8,2,0.9823854565620422
6e0ac0c13df760950b055338e2a2aa9a,0,0.9802436828613281
84b4b7e6fdbcba44a369bd6d12597773,14,0.8947280645370483
86c98a62d0f2ba00c2ec8ccdf9c34dc5,0,0.9793494343757629
963485099e58e5630f47ef9b9cc7b2de,25,0.49433180689811707
c6c9ece519888a7c0f4857783e837c4e,4,0.7498966455459595
5611307adf6cb12895a9659ed17e8951,17,0.9318802356719971
51ddbfc9466a0f0188a9ae45be8c9b5d,2,0.9819208979606628
93bdc45ee7b0e301c0fc0baaaba2b5f9,5,0.9676082134246826
8ba6de7d27d23573896068f028f06cef,5,0.970616340637207
497a24e81673f2e0dc1e4dcba34e122a,4,0.9474799036979675
0673af69b4a2cf50dfe91ba79ee0e348,5,0.9703086018562317
e5993f3a8f656b9d56faeb35d181c950,0,0.9804972410202026
111f04a9b669e84fe84c2e42ca032414,4,0.9522591233253479
1a7c0ecb9f7aab16540b2555fd356f11,1,0.6287899017333984
87418ee41d9c7051bc6f7d9e246f5aea,19,0.9135718941688538
75b87c2edebaf5f977cd5461bdedf3d4,27,0.8871181607246399
8c45aa97aab9d7e204e4cc5d9293f734,2,0.9824240803718567
49bcee7bdc8458dc5961f631cd5dd021,21,0.928842306137085
08a20252bcf0937c9a9dc016c9534d8f,18,0.932734489440918
860e4e6dc2f699ace6c8ba4ae2ff0783,2,0.9822040796279907
41e700aaa0900c74140fe73cd3bf29b9,27,0.7812497019767761
acbe5eee3688eecd6a6cc8fc4683395e,0,0.9794042110443115
9fcfdef2a31daea39a873a010bbb7def,2,0.9827126264572144
de8d06f609548748cb32bf767264228f,13,0.5670785903930664
1ad31a33121d11a3908cda071056b5be,0,0.9806079864501953
8b73ed055ec0cb512b49ffdb656c1f39,2,0.9790135622024536
9789278a880be86555631933b0e7b4db,0,0.9806839823722839
b72fe2cb8ae07039161d63e511d5fef1,9,0.9398688673973083
150c3b68fc4a0c63ba58b35066c5e4a1,0,0.9805617928504944
0495ba0f565dacaccb17d2e45373d25c,26,0.9247697591781616
6631c09753798654a583b74314a5a916,0,0.9801345467567444
0968e64a8276cf9c2755702537320f49,10,0.9714169502258301
4625b1ab05e5a805730a74dda13fb255,33,0.6013787984848022
877dff030100e5481df6f4c6ddd5ee81,8,0.9611483812332153
07d756bcd3514718f701477fe4e90c4f,7,0.9717836976051331
b679fe97193024acb39a42b086a2ac81,0,0.9804584980010986
3ff464c6812f895c989607966a605ee8,19,0.9161628484725952
e0ea6bc662c7fc2d5fdb969e41e47cba,0,0.9796462655067444
176f581f2487fc10fe257a1750b5e192,18,0.770410418510437
a3d3be876503b17db1b18e944c38ee89,2,0.9826400876045227
4db32e959239f90ede2a87247384e46b,0,0.9802827835083008
ee3f996b6c9691b3b70d9ad0b6d55415,20,0.9596475958824158
ccedb4d75f2a54d5fcb000f6014b48df,0,0.9804369807243347
272390c95c793faa2a8a4368fa1ca16a,2,0.9827401638031006
6c2f90397646282a8e31d4c056c8f60e,2,0.9821515083312988
2154a8a3ad71ab2f9f7a4d0d3d5e7c2f,13,0.961624801158905
da203157e84a695825096612ee0fce23,0,0.9805137515068054
e7bb37f3f240bb924e3fa76274dcc61d,9,0.9400396347045898
47fd44ef7fe31d5fa209d8b6fde76170,0,0.9806025624275208
39e4102d2a09ef232cd9587d725560d9,0,0.9804004430770874
b2fb03c4a0ac8c2968cfce29c527149e,0,0.9800348281860352
08231b7e027f45a6c45418100583f123,0,0.9804607033729553
f00bfd9efc794c267f475293848e402f,7,0.9718434810638428
4bd6cd44baec4ee96c4ce1ce02130d2e,13,0.9605878591537476
0320a43d34880bfe80c5fe10d8e29542,10,0.9714430570602417
a7c84ecde466a0b80a8b1233e9d56271,18,0.9335479736328125
b500e5b71c2148347ec6bd78c8ecadd6,0,0.9686005711555481
a2c2a7e611d0b3dd9a232b519f4333eb,25,0.9109304547309875
75ee0eb80aaac1d5b2f99ac57510a9c7,4,0.9517836570739746
b8da44352016f0fb7d077b15830acd3a,0,0.9802742004394531
dcdea7d3e4912b15c8fb6b846f3b113e,10,0.9714912176132202
9c76f92e3cd0753328fa6b829256c51c,11,0.9584622383117676
fea6e59829d279dccc31b6bb02567d8e,5,0.9652301669120789
5f330331eae85914ecc3952b10a8542e,19,0.9162920713424683
db5be24fcc01a2d153c7228afa8b393e,0,0.1555345356464386
aacc47a7a9639d6803e556e0850b502a,1,0.965087354183197
d1ae0e0d2dd61d96bbe9c4c0c76cba18,20,0.9606724381446838
5e8c03327a0547431175da99d2b191d8,1,0.9649542570114136
84bc73080a3f07fc3e404b24c19f6f9a,8,0.9616187214851379
878d29c735b0b8cd42ca112e5e06a059,0,0.9805458784103394
06922a39152e96c24f49c0b21325b237,5,0.970424234867096
35adda63ba58195d01d79282b505cdde,11,0.961401641368866
13e083733a7b9b7e6c62dc9909fd6e19,11,0.9539806842803955
1c0c47f86fa02b4347ba9b545fc6759d,9,0.9398146271705627
90d46387f97390096708b37fbb06ef20,10,0.9714938998222351
2d265b6cf7c736ec6629e399fc5dfd53,6,0.9590229392051697
2f95ff83e82ba4b8af8f99aa234c1bd7,10,0.47754088044166565
e5be227bc94c46c0090eb1f5ad8c2bf1,23,0.952379047870636
1299f0ed15dda272d45bbaeb34e4faf5,6,0.9588757157325745
f140531edf35b4e3a678ffaa821d17d6,4,0.9508031606674194
509facbb91466e93da51b94d1ccb4f6c,0,0.9793345928192139
530d732fa05eca9101a5a851a6c6561c,0,0.9805139899253845
4d64fcc0e57adccb49ae47064ecd76b0,4,0.9512374401092529
c9c0c76b02f026cd50ac6849a33037d8,10,0.9713205695152283
54ff69219552d73a2e1a29cbd48bb7ff,9,0.9403486847877502
9ee667b3563afc09dcbdf9ac0a9b3007,10,0.9563683271408081
3f6c43b09d08132220db3b6d45305575,10,0.9713696241378784
a6ace20e2e0e9059b8baa0854ce55e0e,2,0.9825122356414795
210c0f318ce77d924f6c3739b434cf87,20,0.5746994614601135
d67b6f4eb90c5cbc50e22e79fd6453c7,2,0.9823201298713684
dd1a64ff5ee43808a3697461fc480819,13,0.39866602420806885
a2a272067e05c9fbc85d506104235709,2,0.9823435544967651
a2bf975d2e3c3695ec3feb2d4bf5c30d,2,0.9826974272727966
a44ea6c5625a9fe588d4fc911d22a8af,15,0.9528070688247681
c5dbaaa960aeedfbb59b3bee6d69d417,7,0.9717217683792114
9755a6af68d054a43a2b16902f891504,5,0.9705190062522888
d121326a20d93e179be0b9f97b1581bb,28,0.8969352841377258
c6d216ec6bff72464bcb20d06d4ad8cc,13,0.962863564491272
f44528d377b34b7f75b2e3452a964b95,26,0.5345785617828369
50b0fd875ba976c12e8d9f6ea8ab371a,11,0.9599590301513672
bd4e3d8f630b12c17c92be8fb85cb3a0,13,0.9624730348587036
b44af195a4e9b2494780d9f6f3f3b9b8,26,0.8973612189292908
cad7011bfd8040cb1bbca231b26187dc,19,0.916363537311554
ac66980b0e3b580c49fe4c14cb916de0,7,0.9716280102729797
7bd669604bf511fd20ac046ce2502af2,14,0.8911906480789185
a7495d13e8ea958a23692b70b21653b0,9,0.5385626554489136
4d0e8a526809e7554ac36c39ca6f3071,5,0.9693377017974854
33f7f5efe88f35063cca23338cd151d2,13,0.9626140594482422
a65fa9876baafbfe9d8436a9c02218d7,0,0.980621874332428
d585b4a9c01fe9ad694a8ede76439fa9,2,0.9814225435256958
2c6ccd48a151cc06a69c3a3077320b4d,0,0.9807100296020508
c44df39fd53c16f78d936b27283009d9,10,0.9715355634689331
38f1044896309a40c92ee86591b74bb0,0,0.9805039167404175
2485a3964251487d6daa8d0a2f979b05,2,0.9776896834373474
1253ad82cbbe9498314a018e887e5f5e,24,0.9523138403892517
408e27489c12c9fd994f777a00034b6e,0,0.9806601405143738
2cd8994b2c28dd06ddfee9f3ff7862e1,24,0.9536088109016418
c33f0769b8a1c5c9b7136ac54f2afc40,8,0.9616094827651978
ff6504392f0ff9851dd4c6e769708b74,11,0.9052118062973022
9d011c70cebd6c99bb98149d283cb6c7,24,0.9536094069480896
747151b282c6e6df38ac3b6950e533b6,11,0.9607682824134827
4b9996ac57a323703d31182b97212bd7,0,0.9807153940200806
eb7d447cfb9b254a801d01d334fe4cba,16,0.9465448260307312
e7450a7fd01709d4e5102dbeb0b1acf4,23,0.9523400068283081
5bbff39be65d3f8b290d9f52c274d631,5,0.970431387424469
7de16b45e29e6c8ac4dca12c37eec480,2,0.9823840856552124
cc3ff28bb235cf96b1f21d4e705d3098,2,0.9827835559844971
c8f2aeb115e8c3c0ff70103a1e187f10,25,0.9142940640449524
c7afa0969a38a2f79d92ee889bd52404,1,0.9654550552368164
a85620344b78b45a25e37a38e8ffd937,3,0.9327332973480225
49ed3353fbdfc84a559b1a6f531c9a68,4,0.9510009288787842
6fb09071596086cc47f11e0c31a1d7af,0,0.9802976846694946
398d16bdd075c7b84b3d674c1f611798,6,0.9586986899375916
f0708e7d6dabf6cb4038728d6ce0d7cf,24,0.9532430171966553
74ff8377eea279d2469ecfe0b09cfc24,19,0.9165611863136292
e68484e9c8a19a4e0a3cfc96823ac74a,10,0.9714295864105225
ccb6690b987d4ab5b54b0bb7e82d08e4,11,0.961292028427124
d454119662a0a58a4ef18325c8a7e9f2,0,0.9800538420677185
8c3f6af68beb2b3537d2ac94db487581,5,0.9705373048782349
ac0c214208c6a157a120bb14467370c6,10,0.9714168310165405
d4b0093809b012ecdf96fc0786ffde29,2,0.9824652075767517
0a725400788cc0125050dfc324852753,2,0.9823254942893982
b72a51a347d2d2b98cf1362f308f0386,5,0.9705962538719177
4ba774dccd6b6120b59dd6122fe11f60,23,0.9524957537651062
cee3153d267b62f066945d387cc58dc3,23,0.9525062441825867
770234ae118ae7c1b4500370dc445e7e,20,0.9597457647323608
03633261fd8e49c7819a85fc870e33f0,17,0.9375708103179932
614c83ceae53422623838bb8e05fac33,3,0.9008365273475647
9f0fe3949b149473da8482513944482b,0,0.9806314706802368
10cf79ff6e94538ef7324be3cc8329dc,3,0.9309719204902649
a2a868ca3280ab41b476ebb1aa926ae7,18,0.9136698842048645
472d1519302bb169185472636a894671,10,0.9709635972976685
430caf22abb923d36301678e1f50e305,10,0.9713655710220337
388420d7a733f3f094d4164ddac288a2,19,0.9162203073501587
1000e5bbaab8cd57993bdfbfa56c054d,7,0.9716364741325378
4f2e221c7a01e956dece27c911f68038,10,0.9712499380111694
b44b13ae639d8d17e011a55b41068133,2,0.9729719161987305
28f2228c930f739f5f215be5e511f8b7,1,0.9654636979103088
f188bdd353823104985ac103826b93b7,11,0.9610878229141235
5bca53da7743a143b370c4452599df41,6,0.9607603549957275
47bf0430e227f06fb49adb90223aa558,9,0.9404383897781372
a493b0eee4b09b8a26a664ca0490567c,30,0.8960357904434204
3e34839f179504c0e89b3d6c25e693c0,5,0.9703033566474915
31c34900f5205d3a7965692c181d204a,0,0.9804526567459106
2439f4f42017f7310993770bf208ba34,10,0.9715840220451355
a61200dcd0602549137ecfe301f97eb3,0,0.9798706769943237
f427228c9b11cb6a36897dc66a151c0d,24,0.5630691051483154
e30a73c8907ad4d08cb2af329fa4739e,5,0.9667710661888123
f242b27e22ea9edd93bdf4121bd57a4e,6,0.9603709578514099
1578b04b1e8afc811107a2d03a3c3589,2,0.9822836518287659
c2572834a9cf43f4f1aa5f232330b645,6,0.9600359797477722
a954b8d3a06146dadb481b32a5021a8a,0,0.9805081486701965
d53c927c0420008bf6d1b151e3c576b4,4,0.9522104263305664
b03bcac96f27ec0ac29470391e882fad,27,0.8898038268089294
7bbafc5da400c5a81dbf4405df3a38a6,7,0.9715975522994995
4b2ad744c4bd8ab8797af06f07bdf029,8,0.9615936279296875
696f9f4525d6c6080f3ae2bea4b05e67,3,0.9310328960418701
2162915b53c3ba3adf3d018a05c61f29,5,0.9379029870033264
10057bb5e95a16865300233d08effd0d,34,0.9250385761260986
036a0805efe59649f3c7e14977b30ff8,8,0.9616449475288391
43210db7146680aec0c82e5e42669d0b,7,0.9714900851249695
afb4e5e772da9d9c4ba96a2ec8a5e081,20,0.9546722769737244
9b3c1eded8a07fd3953a22c666431b41,5,0.9704533815383911
066ca60cb48a9760c830747d0f1951bf,20,0.9607465863227844
c27699d92889a4b2b4e439ce97659e2b,6,0.9603057503700256
3c9c2102e7cfef1ab59e384ae8e9816e,0,0.9639947414398193
362847529173e503dd6f80674b0a597c,10,0.9614502191543579
05d49d5fa9f9517f81d7a6c235b2d871,3,0.9302566647529602
2149a90792f8c6571d035859b5c1f8f5,26,0.9266645908355713
498b5a8387159b3a1ab88e73d3c45742,4,0.9524024128913879
d914e3f34dc4ceaa2437a86dd83b00c4,16,0.9360671639442444
27724f384b140a14c22775bff7d328f8,2,0.8421108722686768
3280e5635e4ce54b97df169a6262e467,1,0.9646834135055542
67be49c3a1184346de8eb86968f0be67,2,0.982817530632019
fe841cb45d5b773fa5818e1023ff3432,10,0.9712858200073242
3dce6cf5426f74c22e7f143cb7ef4eb3,8,0.9616397023200989
011099f3d6424555517952e70ecb68f3,0,0.9795443415641785
1becaa4221c06e1b6fb6b6fca58f0d67,2,0.9826510548591614
b3686b79d0cd5b4152d490ccca849b5c,2,0.9827414155006409
31e7dfb2665024ea7abbf9a5c0f9663d,1,0.9648306369781494
f4c2e05cb4b055a7d60b9431e2c2132a,15,0.9535065293312073
f92b4457160847232545177c8917b6ae,24,0.9508892297744751
959b4d8ab33d3fae7b1da8cfead6670a,2,0.9807088375091553
8490debe55be4be8f8cee5a330171420,20,0.9605181217193604
837634f20916f5f5ca0a67b26dc22d42,17,0.5206342339515686
c1b5a5bb1614f6a4ba4e1a6f2893ef15,18,0.9322842359542847
f9df3ff5c48cc8811757badf3a3f2bd1,10,0.9714543223381042
53f95146e9f097e01ed98bb58a20c516,20,0.9607852101325989
83a00f98ba21e5214d42837ffd83110f,2,0.9827077984809875
0593df57116ec00373a505c5f0f9162c,11,0.9605185389518738
14c02f49140b20130692491448b64226,6,0.9546689391136169
336c36baa8c9bb2d480c53dc38f56a30,21,0.9299634695053101
647fc8cb014c85b99ab8ce276bc73bd2,7,0.9706820249557495
000c8608b1b8f910261b98d8fee65f53,7,0.9718677997589111
406249fa6afd5e98b5439606b8e2521c,6,0.9605743288993835
1335ccfa556398aab81dd2b62b196da0,26,0.9256475567817688
3e1011e683abfc38f59e96d7ca4f7025,11,0.9605324268341064
22ed6442caa5470ab3ffdf3cb83f217b,10,0.9440056681632996
6faab2f56d8a2a4cb2f1a7f427e018fc,10,0.9714405536651611
f01ad6707d8be98b77b49b0b978835c9,10,0.9711374044418335
dc032a7a8f7d54cd1e308e15b6bb513a,10,0.9713692665100098
e1f465e1c596b92aabe55c24b1009c65,2,0.9772237539291382
78a1fd12eccc14236577855372426769,10,0.9715343117713928
640cc80239b77f6b719478c19ddbd0fb,0,0.980449378490448
9ab946251ce68bace0c598d26a4a3477,2,0.7100304365158081
00e010a48a1c998fa372869c5f0b949f,21,0.9356440305709839
2544c5034235bc210a0fb768826a4fbd,2,0.9816555380821228
56f8e9b953e067cc74da22e5fd15f7d1,11,0.8830469846725464
027d05eab2c1d1f092d317f88ec4b0a5,4,0.6869468688964844
460f486b0b75ca94e51c1c8fa43eafbb,10,0.9711894392967224
9c6c4fb32bd28f787479775c2713dead,5,0.9702487587928772
b9da2975dd817ceea9dabbaea80472cf,23,0.9526286721229553
824262c8d30c365df8e40a31a32f257f,5,0.9703776240348816
a0512a25dddea450b1e826c2f6e6f2ff,11,0.95947265625
b847ff73096ade8a9518bba04ea3c6b5,7,0.9717537760734558
dd0d360658e8ff5899465a53518be715,21,0.8989190459251404
c064a87b2c344edd7745eacae48e0a0e,2,0.9822867512702942
b9d6ca7d439177ffcd3a7d3e12c967f2,2,0.9827600717544556
5c51af035c0cfe2eb80f07d85840c2bd,4,0.9503229260444641
1d7169e27f08aa0cc663562f721ca742,2,0.9383177161216736
26c8449571b148d6c7800c2c995ae5ca,15,0.952418327331543
e7e7709a48c1d3365f4a860fa1c957a6,19,0.894635021686554
2be5813058cfabe57677e91e7356c906,5,0.9704051613807678
306b23156c7ca3d65411b8f81d12ffe1,1,0.9650471806526184
50c625725ebac1b46af7501f2dc67554,26,0.9248998165130615
000f6bca12a9dfe2cd87917877d09de4,1,0.96542888879776
9791b0f7ce951e051d08211d47d21e6e,11,0.9598428606987
c85eb245a3843a2699cea068326e7d69,5,0.7358115315437317
98c9c98c406074aede3e10a9b768a4f0,10,0.9712206125259399
c0576a8d214e4084b9668c578c42a9cb,11,0.9605143666267395
c9edcfa8d3eb3338010be11fb9341b3b,2,0.9655643701553345
f991791338cb3a6c7994b45322d5795d,2,0.982606053352356
b741768d47b23ace678e91e9551acf0b,7,0.9681576490402222
2dbf7f8f9e3f2b2959762b1036cc5fb3,27,0.8867481350898743
bd6efcf3b11749ab6760c50a8d5aed05,2,0.9826927185058594
83139a6df2fc03089e79e979afdfe29a,23,0.9523462653160095
2fcc6f710bd42a5b64b7c078be7813b9,10,0.9376657605171204
3d9aeaaf796d30007dbba4c049cab740,26,0.9243350028991699
1a121464b0814715909559c226bb4121,0,0.9803251624107361
ab811e79df70dc97188a6659178c0225,2,0.9800313711166382
9b4dd6ac9229e28c9a5eb76bc52bb021,2,0.5877676606178284
65b79fec72c6b829112432c84b946f89,8,0.9616232514381409
e40e9b6b8f52d0b94434b7f08acc8630,2,0.977088212966919
f0d9248d7fde3028bb5540af6f0a3ae1,10,0.9713472127914429
5cfc62453cd963e929da9ae8e33870bd,1,0.9650870561599731
b41fb344efe7a2f3199a8b6b9da95408,18,0.9330966472625732
8eeb519946cf6737a3e4fd3fbb4f61aa,2,0.9813029170036316
f4499ee72b04bb6d958d8377f5c61f30,3,0.9318567514419556
061fffc6b7cf200529a64d1462365568,2,0.9823494553565979
42ffc472755021219311807acb62de62,28,0.88866126537323
7aad02b2f603a9208e79aa254242be9a,7,0.9719091057777405
d4079aab897e7b26b614ba920e01b749,21,0.9260932207107544
f59839cde4c8e110af884742396c91e0,23,0.9527238607406616
25f6d29be81b7f6b5a191e21f9e9418a,25,0.9143195152282715
9b7d00ae7c4958897157b84a6522db8c,20,0.9605671763420105
49bb01ac1ea4897e310995c03f958c28,1,0.9654796719551086
8b88cc4be03907cde602b4acf82da4a4,2,0.764427661895752
fbf52f2995d350fb7ee2e401bfda1215,7,0.9718743562698364
8dd0cf4a6f58fbe9587175df25a43711,11,0.960760235786438
ec65f1dddab95906e3baa1a6d367890c,10,0.9714615941047668
516048b63504cfe6df5990f03980454b,2,0.9759701490402222
8e352ba0610ff0c0f16ca749b4b1c3c2,2,0.9826913475990295
b0caab89d2c27d1e7764f4a1e9a3a2b2,7,0.9718431234359741
579dcc54516d4e77ba0b8d26990d3fc3,34,0.9189851880073547
a6acee9cb444029eaeeaae94d49bdfa5,2,0.9819052219390869
d47d9b27fc2ad21aa0ee91ca39b5fc7f,2,0.982774019241333
c714741fd1448f940551cb8ade052060,5,0.9703538417816162
e82541f4f8a83030a9d09897db90616b,15,0.9529501795768738
468baa329df4e10cfedbd7b517c4d563,19,0.9068255424499512
3be2a11de67ea20527c33f06161dfae7,25,0.41995638608932495
f988e783b873cec2a388db4524fc9cba,0,0.9797255396842957
aff5f4475c39708654288841a7c82df2,13,0.9622715711593628
0187e6cd39c64f7ac353278ab4180c96,10,0.9714272022247314
3af50256ec66706ec0a2585698ad4067,3,0.9330914616584778
8bc12333fb2ab79d13e7aacf4c6afcc8,1,0.9652958512306213
290a3d3b98e19bcf915a78063af35f5c,2,0.9824184775352478
936440341e0da44fd874f3e0d62d0891,13,0.9583433270454407
0fb259d65d569e651191819092292c80,17,0.9322192072868347
5f9ac2dff44f23f8f12213ccb5f8da2d,7,0.971861720085144
96c7a9a9be3df01ec0b1440ad4e0b14e,10,0.9713121056556702
03d2beee2522c47e846dd6cb6499802f,0,0.9806071519851685
9661f03b3e3611c3f3ed87d5af99fa0b,10,0.9713662266731262
a93c7b5708257d6ab16669159e6f14d1,7,0.9717896580696106
ef2f624ab168ce62b13245366c40aed4,13,0.9613081812858582
90f5e26d783acad61a6451cd323dd5b6,0,0.9807170033454895
5ec13a994a71d28fd2db91ab7ee58eb9,25,0.8205612897872925
964a6027eeb437fd4b7045e2cf435f1c,6,0.9587173461914062
1484443481198d3bb88e0698559f0273,2,0.9827808141708374
10c857178499bc66138a8e9c8d02b5c7,33,0.8423014879226685
28750486c6bb77e940003870adc7a844,13,0.9617176055908203
7368706a5c4f43c072bcf747b4383d68,6,0.9469097256660461
d584f9afaca2e1c71feb018bd3d23b8d,2,0.9808692932128906
1068ef5ca4765b5e0db431a59278c889,5,0.9703066945075989
f487e38eedb105e5cd45849f6170dc60,2,0.9819542169570923
cac6b558b41e90aa3770548f4df51451,6,0.9575160145759583
2c40f29ec772d292c11fdb04038559ee,21,0.9360529780387878
bdec4ffd36993bd51b7dd5f69facb83a,18,0.9339559078216553
c9a1da095fe016ff8dc81abc6e2b26a9,10,0.9715282320976257
d0f032c4e85cb77d7250279a1695204b,6,0.9604776501655579
cf716fc4ce786b9c0bfaa95516614dc3,18,0.9336759448051453
d33e898b411079b7bfa9c3d74f2ba023,28,0.667911946773529
9a47c41b193ac5f9b3f51b3f7e75e982,5,0.9690901637077332
e5a909e642d3764f86cab8530049393f,18,0.9335924983024597
dbd22a2d5a0c5982a58f5b16fa7fd07c,9,0.9400491118431091
129e7ca7d4f1e7e9b299d4eb9b184901,1,0.9647236466407776
e3258c1fc9f64f0fb72780243754e47e,11,0.9609847664833069
c9e75957b76cae2816b5073751f0582c,10,0.971430242061615
aec6d345652922af98b3dc5083915ac6,20,0.9606847763061523
0d73676fc512e845214c9f40d8e0998c,26,0.9252491593360901
c052f4a623367dda452ba7ab3c2284d4,0,0.9798728227615356
50007f3e546f9b1d2d16aa74a596d98f,6,0.9599790573120117
0b2d84f8cb4e70d2fb847fda1922661c,30,0.9037081599235535
f87fa320feb059a7363ebc5f0c6dc229,2,0.9824867248535156
d4ddbb2215d722fc3b268fcf284b0752,3,0.9295967817306519
1230a27167d5c04eaafe4a09f9128cd7,20,0.9592531323432922
6e516b68f43493286198464777b0bc81,3,0.8828874826431274
1d8a9f9d3fa33fdb409397c7ede381b2,34,0.387566477060318
4458640563d35de84d6c8f474a04cd25,7,0.9715942740440369
11a0f096648bae61afabd8bf551bf12a,20,0.9604897499084473
4d8b0c85313ad2e879b70c6a883163f4,5,0.9704382419586182
33f88a77c29c697dd0899d11bf7810d6,33,0.8535534143447876
f93c9f1bcce58e695690caaa01692267,0,0.9802583456039429
05423d986eab9ea9d27665bc3a20fa57,7,0.9718852639198303
0f0ed4e32881472d57357ed825a27c80,8,0.961571991443634
dfa005addd2b1c2826a0e74901b56e6e,2,0.4109632968902588
850697776308897284526d4b37f3140a,18,0.934034526348114
84e6c58b2cb65c3e63c50221e3e24281,0,0.9807114005088806
c152e4e60b7f088ab6bd77d585543ff1,2,0.9808067679405212
b87f32a6e5f599b3cde8f70c1600b3cf,2,0.9818537831306458
997283cbdd833f790e7c9de5082d6296,4,0.9513749480247498
c37b6922f7519184615e46537fe01f87,18,0.8778652548789978
fe021a16ab4d8910374818f1a21b336f,11,0.9612218141555786
ded91c5f694fad48b4906ed271260c7c,2,0.9811752438545227
75a8c5807650410062cc8aaaa10daf65,15,0.8234337568283081
ff229019bbca816c8932c26348aeac7e,2,0.9827530384063721
d76813851d8ee850ae5782a25456cd00,11,0.9610897898674011
d39d648c6eae5998a2b42ecd6d3e2a55,3,0.9308028221130371
8e90922698db75c76a9173e207c0be3c,7,0.9717909097671509
3a4b9c8b3720c22183ab8a656c12cc18,0,0.979649543762207
d4c652e41823f21d25a4576599a7fa8b,24,0.8576750159263611
e24b40d00f14f1aa24f1aba5d91dab3c,1,0.9649919271469116
471aa86336cf815164f729690561f416,3,0.9325982332229614
f54afc3bd45870cc3d4e6f1d98c7f429,2,0.9827463626861572
1140cb1c6d3aa4e1413b2544652f0cbd,9,0.4369174838066101
08eba7db8e9a88709d5c2ee43cff90f4,6,0.960772693157196
be4a2ecbae73dd55843bab22ce2f6df5,6,0.9603545665740967
2ba3c5f85e162c91a98f4a955f813e20,23,0.9526771306991577
c1f6e94b70c3999eb0a62435bbf1aecd,28,0.36148640513420105
dd92ec70fcedd758f379251e38adf53f,11,0.9608140587806702
7ff2290d25e5af4bfe21409d0dac37fe,11,0.9610491394996643
12d6dca75aa86e53795c92af5ef0edeb,8,0.9616057276725769
9a6c4d0cfc50c60db73cc73a07ee3593,10,0.9713940024375916
2f35111c7934121232a9b4622315aa8f,33,0.8544057011604309
4e1b1b55928ee776120a12316173926c,17,0.3038829565048218
98808343ec7ae4d0270f4771c73c8019,15,0.9520606398582458
a037f9e8936851b7c41eecb863203985,6,0.9593194723129272
42607222fa473223e5ebb9544ce9e294,8,0.9614819884300232
662afa2be88a98103ef549e9fba086ca,2,0.9817710518836975
b7cd33e54f006599d54d5d451d512dd7,10,0.9711633324623108
062939a236dd1cd7a0c955514403a42d,2,0.9819563031196594
d767fd0a1c08aa36c59fd033790cfdce,11,0.9610642790794373
29db911d190ecf840bdaf585f18530bb,7,0.9718672633171082
ed1b4360239af576037dc60533cb19d6,29,0.8924628496170044
fa28bb6be551f7e9f60cb5925ed7d301,0,0.980216920375824
31e83751f3d6e65a1f0d335e64446a43,2,0.9828054308891296
f7e7cbe3a48d3ca841ee77246f3e9f9d,17,0.9390183687210083
07d99731e7a1347df7a7b1fc79870f0c,10,0.9712623953819275
811c4bb675bd2288cbfc55e2ba94e13c,6,0.9603173136711121
d5cf05903282f7de2f35e7067f1a121b,10,0.9589619636535645
02f9968a9f3a7c2fbb458f2eaacf5753,8,0.9615962505340576
babc726b5b9985f7e1c41248da290c02,7,0.9714261889457703
f364b36eb57d9d9abc10f6205e068752,11,0.9610597491264343
46ae5a7a04f4e05f17343161818d7a37,2,0.9827994704246521
a6adc91cfce23cb63c2ac02207e70d53,0,0.9518409967422485
cdc1b1dbdd9b90615deff194e39c7125,2,0.9825144410133362
3d17ca261c1b985b088a3b0ed70177cd,30,0.9062973856925964
25631853aa567b4404f367e808b15c92,24,0.9527117609977722
1d1e8086e9959cb2867b5b73f7698a95,24,0.9491163492202759
1058f582254b36066ff1b30cae907aae,13,0.9625402092933655
f1bb1999b6a3da4e832636525b4ae7d8,2,0.9826315641403198
7d45f730e19cfc06cc687891104ecd63,21,0.9351933002471924
5a22751e1d8116c8440597682c72cc75,0,0.9805572032928467
04209d9be6cfe192d47d4827fb13928b,6,0.9589248895645142
8a3f3b67833c81a08d5671cd2326347b,2,0.9826509356498718
a38c1fd685cfa9255a3ceb1c4c62d56f,34,0.9186257123947144
4f5567a1cbffe6b90925816c46bc7022,2,0.9827159643173218
527e9d75334edad8ede437ce9375b9ec,0,0.9782972931861877
ef596b3967ac0a9dbaf93a9c6d72c5d0,2,0.6194584369659424
35c2b36ad93f03243ebf40585f0ccb62,21,0.9314058423042297
c8ccba19eee2c6b70355b1a0b1fbfd75,0,0.9806397557258606
bcb9d96b92d532780811bb6002e2c010,6,0.8933443427085876
85f584ec67eb93ce1d437cb35fda20d3,29,0.8946152925491333
f633f74e131993253eecd0ab9b1cb77e,8,0.9616231322288513
454cb926b7c7717bd266b9f066914ba5,13,0.9625502228736877
d4e166599aebd6c54ec1e31ad5e8dafa,0,0.9805505275726318
c5bd732eeab38131943c79ff0061a836,1,0.963649570941925
bcbd47a0a356a1112a2a6bc04406ee4b,8,0.9616522789001465
a63e1d7a7bbc4dbd56e6228e97d98183,10,0.9715163111686707
bf0d17358e78f6f004a57905a5f38fbb,8,0.96112060546875
f9c94652dcba79c57681a4dff3c8790e,10,0.971462070941925
3d40638cfdc60a8c2b397b7b8b1ba4ab,13,0.9622324705123901
9da80fb9965dbd4c6c38d1f7120e148a,6,0.9603564739227295
5953bd024c74346eb984bda3967c153c,20,0.9607978463172913
dbdab15a04b8be44e3c6949efa603ed9,8,0.9615795016288757
4dbf7190816e28d117fad676c43facc0,15,0.9487133622169495
54d61fba5111444dcc576a08f02d93fd,16,0.9470329880714417
26f1167697bc1b6bc111f17166a5349d,2,0.9820079207420349
d4d1024ad39e305ecf88a39ef47851a9,5,0.9600536823272705
9780d023687af0c41d3c0a506389cd6e,7,0.9715492725372314
16e8e3ccefd194bd392107058e8efd73,4,0.9525588154792786
d8800668e47b6248922ae896509e403b,15,0.9516224265098572
8abd459eee68abacecd122b895da1f3b,8,0.961682915687561
026859cb62affbf91f750dbaed00e1c2,1,0.965573251247406
00e2517eb12f40e2bd44735fb39bbe1f,2,0.9827890992164612
f8a25384bab58ae230cfe8aaae5c4090,13,0.9624437689781189
aa32ef4fba17d891191b73b49a9d9a1a,17,0.8416121006011963
091142989363dc92a994e6afe7bf4ffa,10,0.9712983965873718
7526ebf27f7eb563c240fccd2175bd4b,13,0.9586004614830017
dd9592a99c987572f842fa97a2e275cc,11,0.9606141448020935
b0ca341a278055441d1c07716afd9b1c,6,0.959496259689331
9ef3a01bd75aa0828428fa48ca337416,35,0.9329504370689392
0ad388dfea98c8b5f1bc254af5afaa47,8,0.9603351354598999
7a62ca8f9218c393a55b260c8874b443,7,0.9718307852745056
502a9a99025d621c8d26c045bf780cc8,2,0.9823094010353088
379600bd669f9f0473d83b764290f406,16,0.9472437500953674
d03d4ee28dcd62306069ceb6c45852f4,28,0.8102852702140808
94dc0ab81f2c95b0d66ef139d503b0db,4,0.951682984828949
fed27380d69fd0f8094aaf394adb70b6,7,0.9707798957824707
898828fb1a2f2ccbce81f80d3d4bd6f4,7,0.9716729521751404
509de625aab8ba605cb6f8de955ceb3d,21,0.9334421157836914
533fdb8dcc2038308f4a4cf433956a68,20,0.7296881675720215
b9d31171372dbb310c03de4e75caf7c9,21,0.9312857985496521
2d1fd0e664264e936d35f977a2f922b7,11,0.9608720541000366
b5c995fe38eb805800353327b6e4dfda,2,0.9825267195701599
ddab7a324756304ab2b173a7d6cbc330,14,0.8921765685081482
1e287ce10d9d737e6e969200b2eb5583,5,0.970704197883606
d59e524ad5658af2bfa8afaa30312699,5,0.9703940153121948
40ed4a2af23b9013f5fc64438328ad78,2,0.9821572303771973
e9937ec3fc0fc8c716f99ade125a6d8e,5,0.9704166054725647
b48a19e2fd91a935b70fabca2a59106d,23,0.9523200988769531
6e1ac16e4ca7c7dbfff15854c05d5db2,13,0.9621703624725342
41fd2c6d31ee091a2e2ffc2b321f676b,18,0.9338077306747437
a3212560fa16ab6593273647c131b167,2,0.9827445149421692
5cf92f0d44c6c7d45b7f030b9e45930a,5,0.9706181287765503
cb16af1171a5b24246b23b35cdb1fdf8,10,0.9710465669631958
feb20e698a9c16660ea506f6b29abc5f,11,0.960675835609436
689137ec067cb07d4ae2752cca480b0b,2,0.9823728799819946
6408aa09294157e0239acf2fc31aa2bd,11,0.9597485065460205
3815064bd01b1bb1cc96964275ffe8df,2,0.9825007319450378
f0b27e0d4422b0730dd790d0d52e0dce,0,0.9805296659469604
15eaa9cdadd0b25b784d13731baefebc,9,0.9404268860816956
bf50fb31ce2741d894e444bd3daaa600,8,0.9616978764533997
6400d90278c3a71af477b229952b3f24,9,0.939848780632019
0dd4ffbf9ace5daf07b96759fb0a6249,0,0.9806632399559021
a91e3c247ab15c33446dee123fc2fbb9,11,0.9613208770751953
3e3a715b683f7e967ee318c1e4a7119d,28,0.4072975814342499
de9d082bcad78ef2eb53a7e6bd0b35e2,5,0.9607664942741394
1a32e9e01508bd20e5c022f9421628d4,4,0.9454904794692993
109a912b71114785cfa7f73e041108ae,11,0.9596787691116333
a8b9c530948923a864f8ecba60e15f05,25,0.9145358800888062
cc40c79d83f68a01026b5479551bab63,2,0.9822571873664856
dfd6fcfe04ac4d9a42fd6a3b806271a7,5,0.969458818435669
de5e30b0cbb40f47bdecb4e41d44f79f,2,0.9786282777786255
686ae5ea45006d9c22d6444e5de1808e,9,0.4353434145450592
fa367f960c9649675fd4b28597492a40,2,0.9824908375740051
f9aff5be552eeee48c82141d425612a7,5,0.9695284962654114
a0c4e587a6f51b848e929aa448ae2150,8,0.9612826704978943
375ccf763426d2f97ce18a3ae6f8553d,25,0.912969172000885
e33ba46a45c8777f10b07e7b5570002c,13,0.9608087539672852
13326f2c356fb5316991da424cd2535e,11,0.9613894820213318
210b656149adebc348d8928a901ca691,6,0.9600566029548645
6881080861f73744ffbbc6d4698c5927,0,0.9785555601119995
1b4fcdbbbeb48a16bbf8b6e3b0751c82,3,0.9289779663085938
e675b8c620f11a7dacf2625fbf9ba971,34,0.9233519434928894
011ab2d093d1f09299202a63c49ad674,10,0.9714998602867126
9b5ba4735c59380a6ee66dbd6666b40c,1,0.9655914902687073
c0085e3e3d063a63da624599956f54f7,2,0.9785457849502563
d0cd2a849fd354c16308b640127a7b36,1,0.9654058218002319
92019e2bca7f1ce019abc2da4f7334e1,21,0.9311171174049377
0c0971e41137e7b87c2bfff65bce8d87,20,0.9608521461486816
bc3ed477c2d9b1976b56da7f056a1caa,21,0.9200671315193176
4c2a7e0657f307463049f37adbeff3ab,7,0.971648633480072
91180eb183d5dc9a7993c3ba8a3692f6,24,0.953528642654419
3a1a64f4b5db6a7176d967ff9d77f667,2,0.9811722636222839
e9cd7a0a3b31a9d7e374907298a2c2e1,4,0.9513553380966187
f856ef01a780ba65540603451dc1c87b,7,0.9718481302261353
e7762878a4b153138d090311930d35ae,6,0.960132896900177
8c41e7d1af743b790aa4d431c67fbd56,9,0.9400808811187744
a2c1a5a61465483c3b43ac3b9ec3f481,7,0.9703415036201477
90be343e9eb57bd1afc1cbde9bca411a,5,0.9704161286354065
6a3bb0203f4404eb640078bf23db7492,10,0.9714862704277039
56e420c45284de44d4be6f8958d6cdf8,1,0.9643851518630981
52f5d56f0134c66a3b68603d3801aa17,4,0.9488964676856995
d0fea9d59ed4ac9f8668217c38ff0462,28,0.8924622535705566
240482c1a285d6dab98d0c0fe568d3ff,16,0.9465156197547913
e38cc2bcd135fa1d0ed8d3983b1e1362,2,0.9748938679695129
d4ffcb1ee92ad8d0b65fa7f9a0e26030,11,0.9614028334617615
18d29f100ceb6d06200fb6ffea3eae84,28,0.8853959441184998
8968fa8ecc31b8655fdf816be4f15dfd,4,0.5068811774253845
ec4356c205349829e70345ec2bef681a,7,0.9715946316719055
60d2243848d91e1c880e4077c7988292,31,0.875089704990387
e678531ab193c1e49bd7fb80152fadd5,2,0.9828096628189087
0bd47296dde1795a1a762b6317af8c6c,6,0.9606391787528992
50ad700647e198a87490dce43c34c376,6,0.9548722505569458
f054525a0f0c03dceb3a30506d47cfd5,7,0.9718268513679504
5cac78b253172406323e63c1a8eaa105,2,0.9825688600540161
5d7bf5bc7b76fe8e9c720c2b3a9bae1e,0,0.9793068170547485
c1869900e7807ba1bec91973ccb61262,5,0.7989484667778015
7b9ff0fe65ab17fc722b0d6c2934d9f7,4,0.9414317607879639
098ac1c5d25e96be05afaab14b521c73,6,0.9605686664581299
7bb612eec649b9092c057a86c6f05674,21,0.9244530200958252
3623139eadbb682217a46728993471eb,7,0.9714937806129456
305f8ce494df60613fb66f347c106095,11,0.9607648253440857
c488ecf6a7fb072cab951d0141c39f72,3,0.9113497138023376
d5c4ccd965099d2a6a2dc1e8dbec3a4c,0,0.9801995754241943
ecf294b2c0265034292e000b15733053,9,0.9381913542747498
2d721a2af3d857f38785a827a6894be9,2,0.9820501804351807
8e99ce8c82ccc6da6476c05391b6e587,28,0.8950982093811035
6abada02e5db3b23b474b687aa3deee9,14,0.842050313949585
370724da130c6a64c2c439d50dbb86a9,2,0.9753152132034302
cb071d973478e8e646b6804436349c9b,4,0.9356422424316406
d2fb8ba98f6bdf836676a64adee3ee55,5,0.9066200256347656
eae7b2b45cc56f62e9e601fad7791a89,0,0.9803394675254822
3536d490d59b5ead8faa6bc79ea487f0,20,0.96062833070755
fd88f9bc832ef7d3ac013885d824fb42,21,0.9091998934745789
fef82b11f27ba03aa95a998124d6ffc4,10,0.9712572693824768
dcc85accbe50b6a712e16117a72f6b88,5,0.9706220626831055
7580b16263b160aa9a2a2b04da70b736,7,0.9718015193939209
caf1019e030bfebd2dcdb85131a022db,1,0.9655076861381531
7844bb0a3e844f868d0dfe3f14bc75a0,11,0.9608331918716431
efe3a3ccf1e4309f9bfcd0673bf2da54,2,0.9200934767723083
5a36327016d1b5c96c1bb737b9feab09,33,0.8565321564674377
32fddf648feb80f0f75faee02aec1213,8,0.9599999189376831
ed53ae1082d0224887ba271ccb0f8b1a,4,0.9225647449493408
cda892dcfc51d5cd84a60f69a9ff33ab,1,0.9655256867408752
d4ab4ca6c6fd09ab8f71802074f4b067,10,0.971359372138977
53b617e2de6dfa3cf30429f8dd0517fc,5,0.9706307053565979
f08d759e6b1a390bea4b1bc2e65c4471,28,0.889033317565918
e0e35f6f0972c73c42f71332e8f1213f,2,0.9826858043670654
d2d639f293de0e04e281a8bf2341ff64,2,0.34391143918037415
08996c7b1598a0e37745cc39b8f0ae53,10,0.9714502692222595
a547dd121b2961609ed95f8023c1099b,34,0.9256273508071899
9f3ee06347fd64314fa15b23ccd6a2d5,10,0.9706516265869141
1abc69aa5b62562ee18f299dca4b39ee,4,0.952035665512085
05d3de19d494325cfcf175f77bdebbce,2,0.98248690366745
571b2119afe5afee82967fc26fb69370,2,0.9826065301895142
fc3293e3c4110005e9c0e90f5de54c89,5,0.9701683521270752
16a6d3fecc5372c7948200737e9bc80c,11,0.7706227898597717
886e95fe9aca000f11aeeb3005fb4e21,5,0.9704515933990479
8979e7077cbb22a27e5f21d2c65e76a9,2,0.9821073412895203
de6185dc2e7e63a77581d330b860513c,10,0.971250057220459
8a87639f9a8b363f009df2b6a6959efe,20,0.9604438543319702
9815d4338b99d2bdfacb7bfc7e654846,28,0.7854249477386475
ad3f690d4b91855112a9fb47dba3135f,11,0.9605985879898071
cbc89cdae78888e2794eb6ca5af9b274,6,0.9600129127502441
0d8578b6cb01077a9119702e4665930c,3,0.7887739539146423
1ee2de8d69648ea48e7b2cd55c640063,2,0.9827591180801392
271e2880982cbbf832fd48d3587a0f0d,2,0.9820327162742615
b243a840b170cef62ced93a07c5ac29b,11,0.9604869484901428
0a09a8cade820cae937bfa620bf597ae,11,0.9611263275146484
1df37ce15384a633c42118544220880a,2,0.9487417936325073
270bcb2abd868b856b392efd971012fb,5,0.9704316258430481
f51a02b8b3c327e05f742392ae2d5fba,20,0.9605138301849365
1393fc7e84860eee0177ff3b2cdec825,21,0.9351115226745605
dc517e3beba51c1bc81f0c86328d2bbd,0,0.9805005788803101
ede6d3c418c0d1c59b92116b554e21d9,10,0.9711102843284607
3a82dde0d89f94131127e4d52ef69f50,10,0.971347451210022
d98d393917e5e6d9f07c9ee5fc17ef3d,21,0.9337047338485718
6a7cc88abb0407e7b4d6261a71e93f1c,10,0.9714258313179016
c560986257407b76b6cc2d22baa61c68,5,0.9705265164375305
3faac1fb821aa9a699cabf0ff7813e5e,0,0.9802951216697693
8a7032aea6baa0d0c8f1c53029fa6b8d,4,0.9516820311546326
a32cd2c00e6cd17e9dca70ce01d0bad4,3,0.9238179922103882
50bdb0f1afda7c8e53f7e66b42899b73,11,0.9600318074226379
7335d7bf6e01858de8efaf5e2ed7909d,10,0.9713466763496399
c16733f8f6e3f8a36cc291740b20d9e1,1,0.9502911567687988
82961b1e815a1783c1625905b5c8a813,2,0.981389582157135
57ab19232121d627700c1f47dab3ed2a,15,0.9523152709007263
a6a5411bbaba95253d0802686671eab4,4,0.9518505930900574
946ba57397e537b0e1c07ae00a3d097b,27,0.8883206248283386
4003afee5069a719fac4e0591e4fdf03,11,0.9607648253440857
f1514a5ddb9a6ab5f43312c3bd309b46,7,0.9717783331871033
9ec41e2ccf0440ab2583dfa94f02856f,0,0.9801307916641235
682811192ab7ec082aaf86783110d46d,11,0.8623230457305908
cb5d65970d16c134ef5660a4405ef467,7,0.9719488620758057
d7bdc61836bbf6bed8bad54878186241,4,0.6988611221313477
47c941fe78b040d71cd8cbcee1cfcadb,28,0.42816388607025146
081fa1f604f8adf4834af91010b985d5,0,0.9803211688995361
b5425c8a9e9539b8f782e44518128695,30,0.899110734462738
b02da435a3b919b38f14ccbc5eef8528,8,0.961583137512207
77f7d416799c835ca058dbd180223c58,5,0.9705172777175903
108fd5dac1a97a6e84442db8011cd10c,6,0.9534567594528198
618c140299b528a5477db9a7510af55c,9,0.7785928845405579
6dc9ad5aa79fa88580e8b72295bba900,9,0.940029501914978
b02b0047b974b914f301b46fb61ecb5d,15,0.9235937595367432
5d856b2a516274087a1aad06efb1b2d5,30,0.9008695483207703
11e5abd77d529e631fe954488514bc01,7,0.9706041812896729
6f84e156957b5fab7228cc233f676eee,10,0.9699750542640686
3450cd9b0adbb2cd194e0e162155844f,14,0.897516667842865
489dfcc1675b93a1cd00e5b01a81572f,0,0.9806622862815857
842fcd9c1a648cfe1b2b352bc660011d,2,0.9820313453674316
8ea96b609a8f2d0582c6714023727d51,11,0.9371358752250671
752e3f345f004ce67c5f07e555fa75b8,10,0.9711537957191467
7f5ebca6ade931a385989f0a5fef670e,11,0.9601055979728699
87c76a90bca12b0abf7b8e150de72f8a,11,0.9607815742492676
b2605de716556f1fa7a89985eb0b411a,7,0.9717817902565002
c5a1a56f720dc40a9c8501ef07dfdede,10,0.9713096618652344
70275f2e26f9b6c75f750bb08dc10448,5,0.9703466296195984
fe55af925b90cdd017279bb4e8d0e015,2,0.9823787808418274
7154646d4b3b52f1615dd97c1adb7ccb,9,0.8015419840812683
1e5ada24552bf268aef0e241fa4c56e6,10,0.9708076119422913
a5d3c6a5be841cf5f6dcb46948698cd0,0,0.9805938601493835
515a894645fe7d3d48f4063f08c077f3,2,0.9827149510383606
1d4df558c17abcfc5bbbbf1085cbc205,0,0.9703472256660461
c5005eace175daa51379e391334c41f6,13,0.8679468035697937
ad04a8241052b763b2c802f4b5a5670e,11,0.838262677192688
ccc289b79becc3a1eb94e8fb0047c8a1,9,0.9211165308952332
4559be57a01dbae187f0d12ec4256256,10,0.9711941480636597
206d76757257aca5d4a6b24f0eb347f4,9,0.9290451407432556
7e1b1078462e345755e730be5346247c,0,0.9801279306411743
1d77a94ba2fcaac8b0eb1effe3858727,6,0.9604529142379761
5f492743e55212e101b5723ebaa0597c,10,0.9485960006713867
dc7c35d5b3673d3db5e736fb698fa780,26,0.9260565042495728
7e0a67b4ecd71508633bc786245c3d86,21,0.9344866275787354
11e9f40a825d7bf8bb064c4ce5255c7b,0,0.9806232452392578
7b0c20d175933a159cc42442f8953156,4,0.951645016670227
bee201e12cebd7391e2418741877b8b8,20,0.959963321685791
d0cc16adaec155bad7d2f7f030856ea6,0,0.9804089069366455
cc6c35ea696f27ab6e43c911554e8453,2,0.9827682375907898
70af6fa3ab80efff1f5a53a00ee4deb1,2,0.9823048114776611
ab68d77f7285af0f37ad6a458584ffa4,8,0.95428067445755
97f23dc373eaef383cb4ceef26a4af76,34,0.1790417581796646
57673a89c2e4b97b2dd220d4110015a7,5,0.3203543424606323
45a2a2362299dff1f6c4d35dff9dc8f4,6,0.960654079914093
4c2e564b8a29d29ca9dd02b61abec4a8,2,0.9825395345687866
0eb073441d90faad8e4d5be761205846,26,0.9256653189659119
c88c8723169ccad923318a2cb13796c0,7,0.9717822670936584
1c816add18c79e9f8c39dc2b356ebe69,2,0.98250812292099
5aeffef66affdd122fa994310136f496,23,0.7085294723510742
5e3ec88dde1801de0c030ebb1e81194f,6,0.954526424407959
a91b43fbb92c16f9ffc8e16e2f2e8c78,25,0.9151230454444885
50294eab93cab9d309a0aa810d425a3e,7,0.9715991020202637
c05c3fbc39cc67982e48d73cf0427675,0,0.9803462028503418
dea0bd454d99fb893c01060d47bb6321,17,0.938871443271637
de1ba07adf6e3c55a1631531a6d44324,11,0.9608722925186157
b13d98d09399c08762cad22eee25b08e,16,0.9466708898544312
fd64f5839564072f74c352400965c1bb,11,0.864271879196167
2894606202154402a58a7ce53dbadd35,30,0.9046648740768433
67525e3748ba1f5545f68f6f58ec9c84,0,0.38694217801094055
f389e14c5cac2514af176b2c9d2c85a7,7,0.9708995223045349
6a28525fad71c95b4cfcd35923385bb2,2,0.9827187061309814
7022df5a44665d1310133ca4a52a4828,17,0.8943336606025696
af136aa227303c79dc72ff2d166d2bb8,11,0.9604599475860596
67d4c486deea5d63d98406b16d9cbbc5,20,0.9514226913452148
3f9d1ac4a45b2a88570650ca0b8c0aea,2,0.9824373126029968
0966d8dd7dfa0738bd1b9b9c6ca351cb,2,0.9825196266174316
e956e34cad9bc163e737d7e3b1130fb3,7,0.9718400239944458
aed0f317bb482c6fc0ea550d41466ba7,7,0.9716206192970276
2b21c1ab345ee033c8996febca096d9d,2,0.9827933311462402
57f38ca382851e6bad72df0c008fd728,33,0.8512669801712036
ff7f9c9f090ac51e694e2169afd40d3b,11,0.9609444737434387
cfb50c0c79f386b19ed0d9fa859884f3,2,0.9827938079833984
9d4d71cceddbb04185c3c1695d35b72b,2,0.9824969172477722
3543210d798d1ec5c7637fda125539ca,2,0.9376509785652161
bd4489af99c06f115dc450f37262df16,4,0.9510958194732666
ef37cd75f3bc0520794c57238e895da3,2,0.9822676777839661
1e24c606bd0aaf958a1ecfdd52b01fde,10,0.8290839195251465
327162cc48a1e28f747edd047e8c5605,21,0.9357092380523682
7cdbfcae3a437a2e67d0df3cefa61da3,6,0.9587222933769226
f9956a63066035f73eb03733ba47f33b,10,0.9714131355285645
0ebfacf97ad8ded319f38dc4ca6e64b2,24,0.9531992673873901
fc0c3904636e3dac3c6bc0bc9db247e5,25,0.9145512580871582
d897018e8418e0b25907b55ef8960304,15,0.9524171948432922
795cee690c77f6163bf2a0fb37ab6c32,2,0.9563186168670654
601f7abfe6a510628f62dc309953694e,17,0.9275000095367432
977919c0ad4b5c837e8f2d8c7af58cbd,18,0.933908998966217
61135c2adb0ef08ddd8e42565b2214b4,10,0.9710463285446167
7787b18d84618900488539dd5dbcf13a,19,0.9146078824996948
8d12316f5d9b76449cac47eb914e6872,2,0.9805830121040344
433df32b656b7bbcb7db40408d8ded5f,1,0.9640054702758789
68baaaa39c8dc2d0f16590cb3826ef13,31,0.8724470734596252
13f4097a31332d92bd966b149c1c9394,2,0.9826202988624573
302b6d961233b77be3615f0615e49e59,11,0.9605345129966736
44480bcabd648e5ab86564254a601c9e,7,0.9697535634040833
374921709bc2cd08dca5ca4712fba6da,35,0.9320171475410461
62868acc74fb47c75439ada2ecbc6704,15,0.9518593549728394
8faa4415fd459d1431877ec2efa84e10,20,0.956550121307373
a6bf3880efb91e6ab8d06283429f8ae7,2,0.9823076725006104
6c68064ae667a812ddd563812e52f771,23,0.9491204023361206
00451f4dbd31fdad7ce161131b538129,0,0.980588972568512
d26b9a7f3ec5772ce6b8ad823b4ca10e,17,0.9323028326034546
717113b84a5778227a6774022580452c,17,0.9373661875724792
c6e3a3fecbbee743638eed445521b20c,7,0.9716164469718933
4d391833d3e9d89b490edbb80d0d970f,2,0.9812014102935791
50b6c90e46b35992bc6cb34355b7df76,17,0.9374428391456604
1189471d9329c9159d3fe97c6cd9bddb,0,0.9805866479873657
166417844d9e0effd4f7bf1cefcff2bb,34,0.9160773158073425
57888683a157e3a40124befee54bf9f5,0,0.973011314868927
061f5dd639fb27ee996aaaaa78704065,0,0.979125440120697
6867a4036a9db78681406433216b431f,0,0.9777445197105408
75335cb3a9a5674ced20722d9cf81d63,5,0.9699559807777405
8ec30f1872e368b22e927daa81cc0cd0,7,0.9718073606491089
1a41ba8d1acb39f45783915f3c542cf2,11,0.9608384966850281
68e689817de82a7d90835c2c90abac5c,2,0.9828133583068848
f4154492c02def08c2a893f0e2cb9f8d,1,0.9654688239097595
364d61895e2cd419ad25e13c502aaa92,0,0.9804983735084534
522e2cfcc519d68dcddae3fe293822a1,6,0.9599957466125488
bee8ae5d691988c5971a8da52ca437f4,6,0.8897738456726074
04fc9c04b5e55c9c4855571d0874eca7,10,0.970982015132904
d7af0e4f47d4a08f604024b0389ca968,0,0.7488428950309753
4bb5cf57e39e436a5bdd210623793e24,10,0.9711455702781677
a9d67e414402c6d0711510b4d79889b9,0,0.9804065227508545
d61bb5c9b85d15dee4133a65db4b1c5e,10,0.9711092710494995
c0a4aa25a77cd20626c0dddc3df80f8c,28,0.8907706141471863
1fd5dde1d66a4379d241a831f5fa51c8,2,0.9826216697692871
d149f3bfad84d0075af9db10ba76e451,18,0.9336570501327515
6146b497d0598bd846bc239140c099c9,2,0.9491087198257446
c944ce6b05531942ce14ae79c09c7e27,13,0.8005257844924927
f4970b8eb243d83bb46a0650fd2d43e0,11,0.960502028465271
c0451bb5cd53c05657611c396603955f,11,0.46192896366119385
fe817006f45dc111dd88aeb5a18224ef,33,0.8556311130523682
c45fe1ddc3edad9da9b54315a76828e1,4,0.9472495317459106
11087eb5a2ad1ee8875ac6612990071b,19,0.9161543846130371
4954360eff41edc83fcec2c09ad3dd68,5,0.9537202715873718
b172066005cd9e825cd2384c183dd2c1,11,0.9613656997680664
02d71a61a142c1655671225f8cff23e9,14,0.873573899269104
91ba0515ac8e58b6c9b553635c053859,1,0.9610607028007507
e0dee0c3c3b79ad685b89552c8dd9b32,6,0.9520456194877625
b31f63f416277fbae7d3f4e0df33aae5,5,0.9699384570121765
62ae7d0543473f15414a858d34eafbbb,2,0.9764542579650879
c0366ec040e9b81ffab85e6adff6e5f7,0,0.9805231690406799
df90d23902e15fd2b2b2446cc671f921,20,0.9602214694023132
d8466312904bb87c80e61c111cc221ae,12,0.9218822717666626
b7ed29316e27966b52f7f7da3d4e8d8a,24,0.953479528427124
5dce194ae1fe8498888477be32882112,20,0.9606359004974365
f01905618e93eeea8bd8a45e1dd53429,10,0.971345841884613
e2b38ebdc0bc4dbeb3ba5e732627a05c,28,0.8927079439163208
462977b8e6a3322bef578570bf01dc31,0,0.9797164797782898
aee189744134df4f849661dccdd93aff,2,0.9805392026901245
1d201ec2486b774aaa7a2596b9e51e95,10,0.9712207913398743
39a69ec15dbcd6fa3b4acf8c6052f51f,24,0.9535775184631348
4fe84fa1cfa02def89358df1d402855e,2,0.9820194840431213
09f5a713f0663f0a52a01a72dd500b67,7,0.971535325050354
e4424779af13de89d7075f14bd42e22b,7,0.9718241095542908
2c3df5a9382ef617e5d20fae34b219b6,22,0.6105331182479858
15331394348f752e7e5886e64eb4c528,3,0.9033018350601196
bb4da98914f3f40f212b82cafd9b8576,0,0.9804979562759399
d4b23a302283b8ceb3a49a44b6fec729,8,0.9613842368125916
06e615ce34f6ad1f2a081074a3827e7d,26,0.9270752668380737
89feb71279e716b46c81da6720d98add,0,0.9807010889053345
eefc7eec876003363983296e8d9465db,2,0.9793238639831543
e84141918a125f31c316c4bedbe8d95d,0,0.9804481863975525
359106672e54f60e09aabb97bd2f942a,7,0.9717087149620056
75e0756c6e0ae01b2e5055a0ae3be0e6,1,0.9650335311889648
cb555f535097cd8fcc59d25042fa2f9c,10,0.9711167812347412
6e939d36e39c06f9c742ab8aa32cad29,6,0.9604103565216064
b643d50e7c289f634fe282fd8c4a3a16,7,0.9716984033584595
f94f17d982dfb350f06239033499a2c5,1,0.9653868079185486
dfbd2989510c2e3ab3d87e65f006a17b,13,0.9616045355796814
a5cc52d6758bf2e62ee4e038f79f6cf7,8,0.961624026298523
1493e5d0bda4a957274c3f35c8026502,28,0.8917263746261597
b066069b9fbe281cfc4b33dbd0fccb40,2,0.9822384119033813
0a6fbd57e1fc77077235d6edb646f058,10,0.9714124798774719
fb529be8a762c756a843979b32af6171,6,0.9596469402313232
38fd035953e9ab8d11eb98079e4dcffc,24,0.9504441022872925
49c2fff3e97f1e49cff449e296ae1697,4,0.9522944092750549
c5498dc1cbc1ffda7e54681c576446d5,2,0.9826175570487976
99c9c366b15ac58da0907ac1572638f8,20,0.9606715440750122
075721e4db336443f4b6896650b1191f,7,0.9717081785202026
3359b569c5abcbb459e36b85a9c647b4,2,0.8593605756759644
7146ee3e41eff5dbfa2b69fc5272a72c,11,0.960494875907898
006fd248ff6aec9d32697501c0352931,10,0.9716070890426636
0ab3adb92e92cbd45b275a2ed935ff67,0,0.9806604981422424
33f5ecbf0d8dddad6f84d89f763704cc,21,0.9205437898635864
5e76b4c8f547971510aeec029ad629ab,0,0.9806550741195679
99431d4d94be80b8dbaeed1d3e108545,4,0.5160993933677673
facedf57dd70faea5291add9cbfd32c1,6,0.960041344165802
fea6990c92c4435362c5cbeb0b464996,8,0.9616521596908569
e5760d6418adfc05a53c59888fd9e582,18,0.9342782497406006
7e22efc2cda68f37c9812e69cf6a6833,2,0.9796372056007385
db485af55a12a6c3e269d2e56adba780,0,0.9805567264556885
a44fb1b9f9ddc0947eae074e413056c7,10,0.971402108669281
5a5a07c0fe3aa4de35ebd1d0c33a9f2f,2,0.9826489686965942
59d6d4205d9ffe2ff34be3e7af9235a1,6,0.9602036476135254
24f10b7af6e6e9f90a9c1de9fc0c21f5,1,0.9656373858451843
6ca87285131349f808d440816093d7c4,10,0.9712530970573425
43110c3eaba6f92ba88f0f8661b03aac,20,0.9595921635627747
0c2323aef294ca144da2fb72f8855222,15,0.9490703344345093
f73d0c811c1e0db939ab26f28fa8ece7,0,0.9805497527122498
4a1d58cd66db98587e87d526888cdf15,6,0.9599369764328003
ee2dec3a1e37e80d4e925c5fc4610588,2,0.9825499057769775
836b70e7811e4f553191c5102cd06cf7,33,0.8103650212287903
55e5001be76ae58d3e7bbcafba111bed,7,0.9715912342071533
9eae2383d497f16ea813952d830955a0,20,0.9606560468673706
bc4c4ed4726dedd4848b81a01e1008d5,23,0.9527665376663208
2e3e2769a6e3bc4262d0a5712401aba1,2,0.9825376868247986
a3c93547197ff9810a885cd0c1c1c2f2,11,0.9610195755958557
26cb07bd0d25b31021dc57d5495ef783,13,0.8056609034538269
2afdc22ac35befcd793844a1ba3359e2,15,0.9530359506607056
e2d077f1ce99c62391c2949d950d8905,24,0.9536569714546204
e0955dc97a965121dcb0f7119fe968ab,2,0.9828024506568909
6623710fd0ca2446d46d0ee16c7b3f75,0,0.9804785847663879
60f75c63185549248d24edece2268e17,10,0.9713862538337708
5f4077986e73f28f29695e12523a8ee0,13,0.9622229933738708
ed0faf941b423d9a3bc9714fefe4cff1,0,0.9802267551422119
1f43515ea090dd7a2e7979aff256886c,1,0.9651781916618347
e8e7e601cef3f18ee77f5a73b8d6fcdf,2,0.9825946688652039
1e3bd36904bbcfe9f76cc79999f19363,1,0.9655777215957642
7993bfb28d17e73080214de7a27159cf,24,0.9536488652229309
c60441caf237d53f6b249c90ee121206,7,0.9719423651695251
b226ee90a60b140d836dbcf4559babc4,2,0.9820939898490906
5f8cdb827b10165db5441617e267b3f0,2,0.9825388193130493
6d4d30e24e3ffab78ce9e2d61be32b17,6,0.9598622918128967
d8de29cccfcb18a4b5e10b0e4e525bc2,5,0.9701723456382751
de7e2801f635a255b02f50beb5bc969a,1,0.5077321529388428
f8f46526156708491ccd167013db8d6a,5,0.9705578088760376
cfdb84f04b1ef4ba553f1c75242cd0f6,2,0.981833279132843
61bc8afbae7f8e33e7c6da026c3518bf,10,0.9715168476104736
b440cef9d72eba66b5e0e6d3a9efd655,20,0.9592189788818359
4874c4ada3f41f629295a40b408a612c,0,0.9807029962539673
0612af8820ef13eddca024af69b505f8,0,0.9693631529808044
057899cbedb6adba4e8c372911205746,11,0.7582911252975464
c8cb539e540e165e347104ca8f28ecb1,9,0.9402872323989868
2b614907f460a6102dccc9f9138da5ce,7,0.9719133973121643
61f7979c9799f4c29d493c0a685b94a6,9,0.8695571422576904
2a297f887934586c64ea33454de2b8c6,1,0.9090861678123474
c2e75835d5d8a346ee2e5d8d941edf8f,2,0.9805781841278076
b120e42c0b619099b7fd90317c8a990d,0,0.9776392579078674
91e7425cf31c44901d7127de5b09b40d,15,0.9529145956039429
85f4db5286130cb96698eeffba3742c3,7,0.9717590808868408
92d5c4df788602acd361b61e1c29f9e5,2,0.9823592305183411
9699be517cd8617d6d6187479580c603,9,0.8286190032958984
c99562c16c243f18f66d3fc79d96a9a8,34,0.9250455498695374
9e472c2157b2e8a3a8472bb4f861828e,9,0.9390632510185242
019b02183f19930732a45fd36bc6a589,9,0.9403716921806335
fefa5b340752f416c7bc5649fcbcbc21,34,0.9265371561050415
6951f9bbf1bf15547588aca9fd281089,2,0.6971657872200012
500b199516c06fd6218662d929ecb0bd,2,0.9825321435928345
186fe666e2f15db13256edb6072588a5,0,0.9806031584739685
8744d445439f18d98542799a15c8865b,30,0.8994240760803223
660499d381900012b9f2d628426ce509,1,0.9652842879295349
4d944dd73bf742c9baffa4e9704c9d98,7,0.971764326095581
04376f8faa7ae0bfb964b1ec2850f21a,2,0.9824956655502319
ac217b38e2cb61512583eaad7c51f0ea,6,0.9601652026176453
3ab648a973e5611cc541de73defc1ded,5,0.9704685807228088
f4e28911ef4effea80d9fe079aa57501,20,0.9604820013046265
756ad40ba8c8a1b20e0c6cf7aa92af0b,11,0.9586624503135681
e9c4c50f4f4e393d0b870a9f0f974157,2,0.9826173186302185
c973342d71d2712ab85740fff11bc5a8,2,0.9827131032943726
53b6576f3963969dd5d3501b51c1cb06,11,0.9604892730712891
90389c5360cc6c6933962287cd112f74,4,0.9088978171348572
74dfb24ae296496eb2f59257db8d3451,11,0.9047977328300476
3fd2f243a3f52f1de0512d0038cc4ea5,13,0.9620224833488464
5d4e6722f04ae3a3ea64935bae90e870,23,0.9526736736297607
c1e347375b0a15cc7daa80b8e8d061c4,2,0.98248291015625
d14995ac8a6eec9b020a9b7231322e5f,11,0.9611480236053467
6cf51c652cd959f743bc28a4e27bbf83,20,0.9599519371986389
283432bbcdd9530ac178ebe41587af6a,0,0.9785634279251099
e4111f546b8938a231934f4ccc1e0acb,25,0.9146748185157776
7694fa60e1a05cc6a5778086d9f76120,4,0.9520888328552246
6ecaead708576b10b571b0f43542a6ef,0,0.980412483215332
7a6de19d879a608ca0a57bcbc87c3dfa,11,0.9610514640808105
55ec1a4843192e19d9e5cc0e619a6cb9,2,0.9828448295593262
8d8abf42ce71c1dc531e3526a7a92a18,2,0.9820150136947632
3d72605911b0317d599a724b0c271b71,0,0.9807066917419434
ac84a3baf14468215ae418e8b7e30577,2,0.9794984459877014
4d66c81df44c098edac552ecfb6ebc1b,23,0.927547812461853
6617d4f1b2a975074ee749853d055828,10,0.9713303446769714
0669dd4228eab0659295982adbfbd7c6,2,0.9826351404190063
e41a4f490d7624c19f96f379d09c6bd7,15,0.8161669373512268
741cd78cbfca490bf6c1b835a153711d,11,0.9608564376831055
2825cca82ae3de9f08fb26217f2f32f2,10,0.9711365103721619
2c52a9c68f579d3412fd8716f95eed1b,11,0.9611552357673645
8105e5b419d2f102ee01d7cec34ee8ce,5,0.9706437587738037
d4c4eeaf055588a01c233eafdeb4f88d,6,0.9601870775222778
d18f62a87bad293f7466c3420e43f486,17,0.9392191767692566
e97759100dc3ae8179e17e8d8db00ca1,20,0.9606708884239197
e6bab413847670175eae2803039d5687,5,0.9706999063491821
09eb4d98f978dc753058bb4ae29fcfd7,7,0.9709718227386475
95f0196b4852a85d7e38f88d38d5a293,8,0.9616401195526123
d9ba758e41007dfa81b04a570e6cf4fb,2,0.4513377249240875
3ba7c56d36e8fd169768ecc6bf443793,7,0.9705853462219238
0b7e102f752ddb8a0d1d3ef2b9717863,5,0.9701331853866577
39ac6ef263099653f7b2ae8eec5cfcf2,0,0.9803095459938049
27812f18101c1f2af85ce294fa079b24,2,0.9542487263679504
1c97de0624ee5a889d24b89587d0bd02,3,0.9037435054779053
a48a597e00af4fa0b700305bba018909,10,0.9704912304878235
8c4f352965ad013231f522401f02e953,5,0.9704986810684204
5716190dcedb92ca3d3d3df82cf1c7fe,2,0.9818285703659058
4bb23bc128536203d7c9a732bfeac64d,5,0.9700229167938232
ed6d58469c658cfea7eab72adca16b37,3,0.9329973459243774
3e2af21b4bfe66a742ac8de43f90c5f0,17,0.9395147562026978
ce97254e4c07f813c664575d1ac9073f,4,0.948269784450531
0ebbcb1017a640fb930118b7d55cd52f,7,0.9705148339271545
aea22d1df56eba2a1ea3d9845f1bc443,11,0.9514687657356262
153e585de62eb7b54c009b26cd1852a0,15,0.3592013120651245
057b6acc8f64d8f3f67a5d9b31f4e114,2,0.9825751781463623
e4da9587c0999504d6f55036c36e669b,17,0.9395543336868286
355e381269e4eecddc739937c24be8c5,4,0.9200185537338257
6364fee1c9febdbff493afcf22e81f6c,10,0.9713378548622131
a9dce02fe39ddeeb9a93efd5ac3e6568,4,0.9515702128410339
032f5336e10f7c81efe013b5a71b8273,21,0.9350112080574036
8e404b36631a16c207cabc3a7f769f8f,26,0.447521835565567
6c4706285c9addde455312ffd10d1ce8,0,0.9783633947372437
335554a7f7b283d7558ffb203244ba59,11,0.9334941506385803
2f1f29dd4d7b20a5938ca11f5bfff8cf,26,0.9146255254745483
c424efba3015476dba50c0693d3937c7,4,0.952530562877655
23682ab81a339d745c082eddc63691d6,0,0.8891414999961853
bf00c7ba7cb172b3a6df545c3cde5617,10,0.9712319374084473
578df26d6ec8488f7909d94d1e531343,17,0.9394217729568481
c747360c1008890552239fba9e5b42bc,11,0.9468656182289124
41c5f095f4e312c573435df54034df6f,2,0.9809766411781311
11243cb5d08ebffa729c5ea36b8998a8,13,0.9629378318786621
b837137eb049188bff04323fff7517fb,2,0.9814899563789368
c67da9c63aa860ec2b4ead7770651dd2,13,0.9621357917785645
e8377e60c630d5630ac3b5b583b42ebd,8,0.9616515636444092
4b03aed65944c4888980e68452b71497,19,0.9163439869880676
80c34c756b2ab464382805f89c95f551,4,0.9507443904876709
c3ecf0ffe6f86f7ae70fcf9306940812,10,0.9655126929283142
0aaab7a62ba11de58e57739b251fd065,0,0.9806802272796631
c5ea7207f7ca9cbfa5c5967a5d263e38,18,0.9326928853988647
bba8402ac9afd91b22fb7d4133c98bca,8,0.9615009427070618
16f83ac0ed66c561cc74568371a2c996,13,0.6976679563522339
0fd8efd92d3d91d1d7cc6469b44e63f8,24,0.953285276889801
d9ef4f5c9f10ec2957ae49ce7151f882,20,0.9607264399528503
d1f2226d3c137fa83c7839db54b5b679,4,0.7695698738098145
b3601aa14f14285b590c520d7c23b83c,1,0.9649864435195923
16dfe50067c1cda9a928f5751fb57a20,20,0.9608626961708069
e1bc2ef71b5b0b327b8df723ece016c4,1,0.9652462005615234
cd0b49730f04c8f7407fe208571a38b2,3,0.9145470857620239
6562ec537a3ead9c639385e405870289,11,0.9249995350837708
c38cf3123c58f0df9c80cd654bfe8c21,13,0.9624037146568298
b4154503e14b3cfe1e64fdad720f393a,26,0.9257774949073792
95d9bb1fabd0a65f6e835efda30d1d3b,10,0.9714171886444092
3a4cae98ca74d919c785195f84a4880c,11,0.7396906018257141
1b05d8462d48fb635ed0d39564352474,14,0.8831506967544556
ebb9aba90891dd5f9a706cae93e0400c,5,0.9687118530273438
487067ad9d39a5e349d2d4e024497116,2,0.9814314842224121
5fe0c6e804d4a98c5b9b4f217a471ac4,11,0.9318475127220154
3ab8ae34a1379c1adfa3a5c2823f2a3a,10,0.9714971780776978
bfbd82e85331030235c75f20dc688628,10,0.5518386363983154
74f501ff861300f34f8bde26a5af8560,10,0.9714543223381042
313b7c9cb1c8a02285ada287d40c2215,2,0.9797143340110779
3c1f2b89cec00251ca393ddf3bbe9925,2,0.9608467221260071
def74ba8cc5cd6db2fca6851fa46f4b7,20,0.9606896042823792
195439d2820b616071f840b4fc0fcf52,28,0.22381529211997986
263e25883f82fbc1c881a07b852782a4,10,0.9714120030403137
a987baff1c7cd459051286ee5d8d6837,23,0.9526131749153137
6f4abc3b91138b71d67a9d8b72c2d2ff,2,0.9827218651771545
e308e59c0bd5dd80bb2aa746d9e122f5,10,0.9706272482872009
8f54fab7d7bd35761e2e2b1f1a58a99e,5,0.5409561395645142
328104b757ca36cc783681d6c35e7422,8,0.9616104960441589
36d79222d07eb17e402df1e28db1490e,11,0.9610532522201538
6bf0fd03a0d87e17cf1a85e31fb708e0,17,0.9375578761100769
8a3fb147a148f3450f7356a070b5fdb1,6,0.9602588415145874
31ddc85899e0bde82c23bb4a12549c51,6,0.959322452545166
e3f3b8830d1c6832f6cd017296deb5db,11,0.960321843624115
f7a905a6cbb8ff6d56712a64db330e17,20,0.9606373310089111
3d7f408a4a874770818b37bf73101336,15,0.930407702922821
a800c4c9682223c38b733642eca1356c,0,0.9807166457176208
87341aded3570dcc53081bd1817911e5,23,0.9525304436683655
4e191e43e71d79e38a82ac4ef9597a5d,6,0.9602110385894775
0f332bd8f76b4ea1e8b5cd1db85654ef,14,0.89459228515625
b0f77c4be4cad2d92395f51a61579eb9,4,0.9466797709465027
9820f71362de6ceda4cf58f4c3870948,2,0.9821557402610779
84e526b40fbd8c360c0b0481ebed1ccf,11,0.960863471031189
03fed0d88218d844d07c6ec47b79bd14,13,0.9621739983558655
5daf7b39e727b3ff70772ff829dabbab,6,0.9543725252151489
5883829c6bcee60f31019c299ffe9e4f,2,0.982721745967865
7563b383457c15ad6cf4ac80919a3d28,1,0.965234637260437
fc875a75f753973bd33b03070326a7bc,2,0.9825087785720825
efb6b027a5ea140c2930d5e661235e5c,10,0.9713972806930542
a2a89a77ff761a4c2d066c64a943f7ab,3,0.9294829964637756
ae5a660ac7045c71115e7c52632fca01,10,0.9713809490203857
b95bf74b045860d098e059ab6f0b9932,1,0.9653822779655457
0b00cb6dad13bb3b43fcb70b69370297,15,0.9499722123146057
b51aa5da8df857ff825fb40c69544497,0,0.9802066087722778
5f20eb93d69b6edcdd822a0386fa655a,2,0.9815621972084045
9b1ec00abec377e24dd49bfcaaea5959,24,0.9535718560218811
fb2207066b04549fd76ac91c25d9419c,8,0.9607691168785095
c79511fc473d61bc30a6a528c4190eec,5,0.9705154895782471
e3b1f7da0afe1a2eddf17cd8f7930292,2,0.9825594425201416
b08244c5e4f15068192c0d967a99295d,13,0.9626544117927551
7121920316ee762ccfa877e9d682c1bc,0,0.8503584265708923
88eb00c2bfa0c7b0110daf79549cb0f5,4,0.9489917755126953
c8e686451259905990acf76ec407640a,11,0.9613659381866455
857096e525b868600ea1ee08d19cc6b0,2,0.9827060699462891
d2c66b9c53c8450bbbe39caeff8602bb,10,0.9714425802230835
73e9b53bc0964e5bc751f060d62940f1,14,0.47607454657554626
bcd493de00869d01e10fbcf72c8d2263,5,0.9703639149665833
af1703cac6b8107f497406b9dfa45feb,16,0.9468395113945007
7982bcca61b6b040bb0de7c16ab8bc40,8,0.9617117047309875
6cc707d607ec7888f6294f184b28fdfe,0,0.9805992841720581
6aaa31791b75ee83186bbfa68b4ddf5d,13,0.9623730182647705
9b52cf2a442b1e576743cd3e8bd6caa6,1,0.9655589461326599
7df046f28b9562bc48c204cea21016ee,2,0.962131917476654
ccb317882874c792569acd535b1a0c88,0,0.9807100296020508
fe966c318228575acebc403115de46fe,33,0.8549239635467529
6f2692d4be306cbd52d3ae2a8f843a66,2,0.9826517105102539
1a8381de540f03d8f3be3df62c72e3c5,8,0.9616328477859497
495d23c1b12b58afd4c8f4387cd2bbda,2,0.9824586510658264
41839206ac3b689cf912d38eae2a8ce5,11,0.9175328016281128
056403e974f9fd127e05a486963d0e68,11,0.9608049392700195
bc4fa2cb3d9f2fc336edfee4d2614ca0,11,0.9611384868621826
6e81c7119dfdfcc3e14b03cc0deeab19,21,0.9350336790084839
b019242fe70d64ee1004b3acbf549fbb,17,0.9391292929649353
44bb2cbc2eeb33d527857948c586a55e,2,0.9825645089149475
2fbc8193dd949e720974c8f9d1d4bcf5,10,0.9712943434715271
aa9ce498a0e9f67e8e32f51c5d0e5e26,2,0.9827386736869812
136ed89788eb417653a7c0d2bf550d62,34,0.9101284146308899
5ebccf4e8cff3e854ddfa735e71543bb,2,0.9817248582839966
8b2e286a131886440e3542a5fca458e7,10,0.9548861384391785
7edf5694a7aea36b5bf591f899aabf40,28,0.8945277333259583
e7186c0d93c2f5b3f4037fd7e9dda81e,10,0.9714874029159546
02af9d8cac234213cf01f18c7973c271,13,0.96233069896698
a55ed4eaff7f370f97ed6cd70744c53b,3,0.4590986371040344
3a940f94b373411ceaff97bfb789dbd5,29,0.894383430480957
d0bcaf08487ab045d4a1c694488a1437,0,0.9805896282196045
84cdb20a4a694191ddee3b2a7e6eb642,21,0.9343831539154053
74999045b29f94e5b313fd8bed43a765,5,0.5366220474243164
e17048af8e6f0cd6561fcedcce3cc692,2,0.9828826785087585
5d1d0e66b50bd1f168637c1963bb617d,26,0.926298975944519
05ea1ab9a7f030226b79d9829f35260a,2,0.421413391828537
df44e1a44d4734b88f33655b5fcf3482,8,0.9616836905479431
f10d2c2023c4bb57c6f8519fed157100,33,0.8567599058151245
864e1aee7229aa9114b674bfff174d7f,29,0.8942182064056396
044fffdedf37061e728095972c65ec78,10,0.9551040530204773
205196a1f935ed85fa8bd26855769031,16,0.9113540053367615
ffece71b69df4ed4f85136f2f45a874e,15,0.9525459408760071
6922a125adb20b2f7a8ddb5ef3c081c8,6,0.9604214429855347
1b540de4a457374b5a66d1d248a8b602,2,0.9827373623847961
d918f6d1ac6857c1ba0248ed0bebbc15,2,0.9828092455863953
9c457b42dd9e459b49517f555cb9c377,6,0.9302409887313843
dfb705f5be0fb898713918706acca877,0,0.9807794094085693
1c34f4ef8e7a988cd0973655cb4fb6ba,11,0.9607062935829163
817f44bda424fe9697097bd52b36084b,2,0.9823836088180542
d3a02cd1f0c73df000ffb676011d0b98,10,0.9714075326919556
ebb4631df3f6e0e2335e48a75e9fc530,7,0.9716264605522156
3fc3ea78c309727f1d8d4821d3f76698,2,0.9822961688041687
53e78823e393425e130f7723940badd1,9,0.8988373279571533
14fb91cec8d13fa3fd970ab0f7a31513,0,0.9807518720626831
092d48cd4335dd4b062a5c453465a0bf,10,0.9715152978897095
f2d8632dbe4bdaf20203164c5fe7a732,0,0.9799153804779053
774e4c71fee5db6053adeca8977f5fc8,2,0.5786175727844238
7102bd922c78f38e396e526b2627b704,25,0.9149148464202881
073b3b182ef84853c89fd91770e816af,15,0.9525109529495239
0b60a3ee4c0b59b2f7bf7185cc22009a,2,0.9822497367858887
34c378d8323d01ef5b53106124ff4444,0,0.9799479246139526
bb9d2c7d79a00648771885435bf4b3f3,2,0.9720393419265747
c3bfed7c4dc4530cf95d1d8ae0a351cc,30,0.904050350189209
d9afbdf3ef2d5cde840b48242be0de8b,10,0.971390962600708
8a6ac8da580105da9d2d4bd9d8928ad0,13,0.962699830532074
97d7a6394312d61f10402fa01294f0aa,0,0.9794130325317383
42f2e9378768c4198977b244ee64726c,18,0.9309123158454895
58f19627e180abe6cb74e20c9154d66f,13,0.9611343145370483
55a7a271dd31e1900556f2146bff345d,1,0.9652009606361389
f90a140dac25ed8a5cfc8cc26bf76831,20,0.9606646299362183
dd19bea3d12520a55af3384015536095,5,0.9706643223762512
81f018719ba600cdd898d4a45f02e5ae,2,0.9826054573059082
3a32f40a94db54c6e2c8087e0eba493e,34,0.9263779520988464
c9c8032e24dd1b0f5f6171cb0048bc5b,26,0.9256538152694702
b26b36206f5a1b6c968054f692bc04af,2,0.9573460817337036
e232ba389961432606bd43f565603fe6,15,0.9535167217254639
eb14f7575bcee463328923d652c43929,24,0.9535335898399353
6115f19575fed7ca02b3b57ea5523fa8,2,0.982723593711853
2ad7ae0aa92ee8e45c0be12c18d96b76,2,0.9767354130744934
d38c73383eb68ec82353a9c2e304b57d,5,0.970392107963562
f05669cb3e9803976023df81ed01269e,20,0.9608577489852905
5167bb189096cffb2d55bd8b2bf752b5,6,0.9551432728767395
a79dd83c1f6120769c8fc4bcbf8a9098,1,0.9031251072883606
0ce39a31d5205c886a1f98f54411fc68,0,0.9798315167427063
fcce09417303fea371e51437f92189cb,20,0.960567057132721
8b93bea89d95316f6a01bcb0d908ae1b,5,0.9483795762062073
e2384c5ed131e885eb8cc1dd1d9a0fa1,29,0.893645167350769
d73c871af44c0aa3a0665e3ed8a2063f,2,0.9825113415718079
a0119564dbbd54db5ec0226acd295987,1,0.9650680422782898
77a6bf58892a7416a22b430df169e5f3,10,0.9709290862083435
6b2fef0de15bc9263ce48ce10a723ca3,19,0.9145475625991821
d1e76160fae4fec2c35723ffc01a2a66,35,0.9320698380470276
7997ea1866429e792c280518f0b0b6a3,10,0.9708153009414673
dca182a6adf9f13c5955462905a3969c,18,0.9159905910491943
6fee7fe5c11f9f35fd2d51a99c91d830,10,0.9711853861808777
37d57cd807a059a2836b2054e09853e2,6,0.9582062363624573
cdda53cbbf31a427894a278336a50cb2,0,0.9804860353469849
24193b90318275f4a3bd46339e6d026c,7,0.9717519879341125
7eff743993bd8dc771620b21cc6f74ec,6,0.9589657187461853
298b3117c1af017289520f33e9872b26,0,0.9800623059272766
891735be1589974ac67a655a7ac10f11,6,0.9575801491737366
e8f29f6d5118589926d400be7254321b,33,0.8562027812004089
9635aa0d28abad42e66109e32c7111c9,3,0.9321205019950867
5d2ab373b5744aa1bd3dceaa49641463,0,0.9805126190185547
9e8665372d74760bd8b05ad2a0eb377a,8,0.9614729285240173
c0c92c15674dbbd618f2e148c7354ce4,2,0.6180282235145569
b335d7bb1f39712e1de115c31dd40c83,2,0.9826143383979797
03a5004b5a93a173e68c4ed68707bdad,11,0.5169894099235535
6e1c09e1ede93ee75f7b83f437f6cc23,4,0.9522233605384827
0cd05115a56a6f80f9e0a238135a5a4a,10,0.8326183557510376
81b13a539a7a64297c08e00ce490d9b4,5,0.9702426195144653
2ce55a7c4650a8ee8d9ab0ac9a2dd143,6,0.9588980674743652
a6e5f63eab21094f27cb07a64106a728,13,0.962056577205658
0ef385ec679a7beaa3a57c77afff0ffa,2,0.9816908240318298
faa75663024fc07bdbcf54b233f624a7,0,0.9807028770446777
167671d41ef41bc3e526e74fc028507b,2,0.9722902178764343
c16ac3c730e6bdc31cc09cb886c66aa4,0,0.980678141117096
fb39e818522538526aaf3dcd0d522365,0,0.9802612066268921
81d3e751e73bbe859e3e8e8722d06e20,11,0.8027204871177673
c8350a1820fc91c54909cd5a34047b73,27,0.8826268315315247
28215602edc5dd0ce4a2d4b8758fcca0,8,0.9614983797073364
ba8b03b249df7764707c3c31d919bf38,3,0.9326187372207642
4dbacc5b47732acbb49601e5a3be55cf,21,0.9301657676696777
0f07f5163df98d8c3f84cb9a816f5299,0,0.9801842570304871
d7fdc64dc03919c00c4cfdfe6a8c61ba,2,0.9826582074165344
81c66d2ec90f18885ad8d1cce9a6b1b1,7,0.9716049432754517
f46b650ec4434b4df5018b95809d24f1,5,0.9700639843940735
797a91b6e8e33d2b8dac8e446b288d42,3,0.4546865224838257
343858f6c2198a497a3403414f0a6149,8,0.9616617560386658
77278306c6dc296e05d18dfa28e97f98,15,0.9524170160293579
3dbb8cfd23799a2ac803d2880138322e,2,0.9828124642372131
79043ce89f4d54fd2193d6886c9a750b,2,0.974272608757019
2146bcaf113871d6902ab890503fbe3b,2,0.9811103343963623
114626184377390431b234409562eba8,2,0.9827302694320679
03d1449649627928be0d910f5355e5c7,6,0.8658317923545837
b27cd2f494feb779c92f6b0199dc7b7f,7,0.9702242016792297
ca7012bcf37e597f3eeacb0e1191a5cb,2,0.9821494221687317
a64c1d9b713cd376a9edb73e48cfcb7c,14,0.8768887519836426
b53b216f869b911484a28cafaa9ab54c,2,0.9824826717376709
c27f74cce8e71f228cb627ff4f28d316,10,0.9709898829460144
0d836515126d74869c4b1dcbc6de766e,2,0.981389582157135
230dd2c55e17b7cfabf6e7112f1d3dff,15,0.95125412940979
71f3ec321af1590e754ed9e84954d5e9,1,0.9653807878494263
da4868469de7b4cb6010ee083c917e84,20,0.9601089358329773
b2c3a157236a84807bc8ea87f138b5d1,30,0.9069148898124695
799cc1fa457678f1b8e35b85bc7ad878,6,0.9601733088493347
2845ecc2324ef3219ef0ef1a5c966d4f,8,0.9612948894500732
df69269cb2ed86412d1b218822457f74,15,0.9519632458686829
7c24c0d81c66a7fa801915b7c2e5fe39,2,0.9824344515800476
9ad2bd6704b74e8ae045b726dfbb95b5,5,0.9706399440765381
6a2cf79f89c79cca65cccf4414670977,4,0.9472131729125977
83eb2da884142ea2c953c63afcbd97ff,13,0.961812436580658
ba082ec97718044e61b7bc8a123afdf1,11,0.9607551693916321
000871340d43cc38ed9be7603893a5d7,10,0.9696894884109497
016fdead98c209c82505f2e74020f584,11,0.9603585600852966
9e9981411dee2880ab77acdd4c2b9f13,18,0.9144503474235535
36f45994661107fdf68a04bb8f0ce6f9,10,0.25465089082717896
51b801f74e6fc0a393a0ec520bfb3c10,26,0.9269133806228638
c196d49e558e790d14f1e9a5a22c1dba,0,0.9803397059440613
ca179e091e5a5a21ecfd45090f7d7555,27,0.8802961707115173
deeb371ea097473ce2c902195ed0c69f,16,0.9471360445022583
110cacfb82ed04b881edbb9a14e4941a,2,0.9821398854255676
d95a9c79ed04a0caa8a70efa1cde09e3,2,0.9825029373168945
9d8d8dd3384b85d358e673a224653b12,10,0.9715196490287781
7bfe6d531c30348e92fe99a38fbb39a5,2,0.9813552498817444
985299446b9cf2b693baa2bf19c10c03,10,0.9714440703392029
fb8bbe0274f7b98d73525b95a8c587bc,15,0.9533109068870544
2c45b6c78f53fc9dd703b0059cf4783d,10,0.9712954759597778
c7754b8808bcbcc25f1c96c913dd397e,6,0.9596806764602661
4237b8ffa556e4962a18931b9be8c4ec,0,0.9806174635887146
f44ef6d31030635ef2f96b4bfb955d2c,2,0.981613278388977
5a352e4e44019b7352f00edae49ac919,17,0.7929317951202393
cafeb06c2a2c70850a45364857e4f7a6,20,0.9605420827865601
3742533556d3dc63f3ffb74d1fc3b0e4,2,0.982550323009491
b063630f5f948b1d44d11eed0eb8a28c,0,0.980143129825592
386bde5f93d3fd071bdb7b8328f7fb2d,10,0.9712975025177002
8493cdb4309ae60aa74d69786c37799c,15,0.9476157426834106
98ba34cbc0a34a02f00af875729caf6f,16,0.9475426077842712
cefcddf2d0a82ddc2bde172eb4031e4b,20,0.9602842330932617
bbb8c31e1dea6fdcdfc75814c66e5b37,8,0.9612476229667664
e14986c25891b4061999e0aee0dffb6b,0,0.9795665144920349
e481ca7edc410f67b9c1532b750f5b75,8,0.9608355164527893
de146f4a5f74890faa365fff91bdbf22,10,0.971247136592865
4e68877e575b67fd884c867cfb72a838,6,0.960580050945282
2d09151e48946eb59bd21f8725724201,7,0.9716926217079163
03d32e2f192c9396521f0da3bb1af1b0,5,0.9705411195755005
582635ad42b97486f1a66c45a17b160b,2,0.9826676249504089
48647ca3f76674aecf375de600cf7098,11,0.9482794404029846
84d87f2fa640ee7d5bdffc8865c7686b,10,0.9697434902191162
76ae8f8bc0117c78945c7c4c697ff667,31,0.8764958381652832
502e3f43ed9311ae1af7a2dfbef14130,10,0.9325403571128845
85183605d7e0140a26bbd19a465dbce5,4,0.9156073927879333
ac954f6d449ef5b00cecdb01397ce35c,0,0.9806196689605713
1161bf099dd516626a3fb697c8553bc7,12,0.9228407740592957
739683fd3169cc4cd4cda6698cc1277a,26,0.9277732968330383
fd203600a1c94cbaee098fdc61f74aac,34,0.9265897870063782
436b80aa68e878f6c61f59ca3885cddf,2,0.9823845028877258
3ed7be3aef6291ce0f55299e7a748cec,1,0.9654171466827393
d2c092cac046e8dbbc0df7ea1f63e9e1,1,0.9653101563453674
abfdd9b05fb5c2a7a35511526cfde746,0,0.9801445007324219
097487e443930d4ba6cb0ac19140fb07,1,0.9655156135559082
6f1a7a9a6bbbd11f6cfa9b5909379fb7,10,0.9713609218597412
b1567f05e185411088eafd16dde3f9d2,2,0.9827057123184204
1d8dbf7f792a63ff5352bf2d46e6ae4a,10,0.9714645743370056
43ea3cc025cb7b87dbcf0f9be30afc76,17,0.9394909143447876
1e1829eae47c46b23d2e21a8e283d383,2,0.9823379516601562
8a19957f9442b69a8f8129b08b19ad5d,8,0.9615458846092224
da0b9ced3e9e586d72e2f983d8a6f2a2,0,0.9803691506385803
3d6dfb556c55b698dd2581b3df05f605,7,0.9718066453933716
35b12ac4f01418166caff939df59eb26,2,0.9825221300125122
db2289d4ed5b4ad757ed369487549a66,6,0.9606948494911194
489263c35072735f1f33b4402cd9de99,0,0.9802132248878479
80bac55708e48e310a0317532058cdce,23,0.9523903131484985
9027be744f55e27e6fe57434685dce2e,11,0.9611542224884033
59749ad2275f319d24d073c803bf7f90,8,0.9616800546646118
23ca275f294c66670aad9663b54fb486,2,0.9811212420463562
eb414a225f120ac41fc7d468c7136a9b,24,0.9474063515663147
7f40f156f94d2348af9c6c8a00b0cbb9,2,0.9814359545707703
5d82b278e524d4a24b0841a1c895cd16,10,0.9713100790977478
e9ce204d70222ef94a72e3d4500a8c12,3,0.891737163066864
44fb06c7d9a1b603aad7fd032970c80c,7,0.9715037941932678
df69aaaffc9203fde0704db0eb19eb8b,2,0.9820498824119568
392e063ef44e367dc21c24518445036e,2,0.9825909733772278
15c62452abf30b29d6b3058d107d6108,13,0.9627076387405396
da41f7e1a5af89078b4fa6744818cf40,20,0.9607565999031067
89e9b09f25b1d40bd1e7880546e887eb,10,0.9659879803657532
42446643a9f94bcf18dd6b7555197f48,1,0.9654800295829773
b2178dbf171a0ff346e524e7e1ce778f,11,0.9609233140945435
ced74c2106e1995cc2d1d746b0960832,11,0.9610016345977783
1987ea60e88f914b92bf0d69023e97d8,16,0.9468088150024414
2cdf6ad073f4ae5b84d0db21c66b9885,20,0.9607322812080383
80acdac4cf07f5ad40f2228402df6d01,18,0.9320611357688904
f00811b5f7aa109b9a8cb458661da972,27,0.8773217797279358
7a68b799f23091f6e3a017bf259e8d08,11,0.9612514972686768
10065a8c13cfb190997bd04c815baeda,2,0.9827038645744324
976cc7c455cede81a4e34a4951cbcde3,0,0.9803674221038818
9c78bd55eb1253d5949f34c4548d9b91,2,0.9827106595039368
cc97be1938c344413d3583d1c76e814c,2,0.9828773140907288
7a837f2654ce8ad5dbea95feab228dcd,0,0.9542242288589478
40dcbca1f9df3ff958aa6d93a0767139,26,0.9200195670127869
59e5a49e44c62bb5c15d0474e0eca1e6,1,0.9656175971031189
0ca968735b5d36b0056c06768491a687,8,0.831789493560791
578e8e9398a3345f53b55dcc12129126,13,0.9616975784301758
d584ac5a87753c58fad1269365d1bea3,1,0.9655449390411377
2b348c2264c29761ff88aa5e00fa0080,2,0.703721284866333
440a65bc1405b479488b3a714adaed2d,21,0.9358541369438171
b6cfd68e924ac42c4e810c98ccf4967d,10,0.9708290100097656
5e567b547c9d57b1a0b05edfbc42787b,10,0.971362292766571
8f8d6e5f371041629f1eaee37f1fedd3,4,0.941801905632019
58eb1ca56210fa817002dc02bd40871b,2,0.9826539158821106
ef449d4bbf82408b6640100094a6a6f9,6,0.9601842164993286
b14158a68aaafce3fd7ef4fbee64a52a,2,0.9821569919586182
9f7d745925b96c944b59aa0b71725cd3,15,0.9335387945175171
76c8a5906573840e906ecc99604847ef,6,0.6334880590438843
141bd3065cab6dc47656d50ebd75a1e8,0,0.9789576530456543
69d20c761764ebb1b83abafe6b17ae5f,11,0.959934651851654
708dfef2f1438b5991bdc793eb7b5068,11,0.9608156085014343
78344ef1a880d55b67bbc273b2dbf4b2,20,0.9605658650398254
06ae898679526945dbf6be647de4c888,1,0.9655711650848389
2150a1da9f4d8be762314bbbc3d6b3d4,10,0.9712901711463928
b09e95d1aa817598edf4df9510f2d65f,20,0.9583641290664673
00d53b44552b889fbe25d4d822881629,8,0.9608186483383179
58ddac5c6c50449ebe5493fdc3f72d60,10,0.9710630774497986
16fad1f2370061b03480fb5b3092022f,24,0.549030065536499
308619cb6f58994ac7d1dad885dfbe06,15,0.9534602165222168
2560d934bb2a33001667a7ec352d63b2,10,0.9713446497917175
2d4b41483dd5f921fd5e947ef5660524,10,0.9713501334190369
cdfdd8d85d88f97e540393f50db73a0b,21,0.926531195640564
484b63930767fd27e7454a51f1fd1463,1,0.9494848251342773
cdf3fcffb4fe1171ad5a80e08b7580f3,2,0.9826406836509705
712611c9429316c7960f18f14e4beb8c,8,0.9614564776420593
b2694a3fe024bd9274ea49c4367f1202,3,0.9326291084289551
06e431b47abdeca519879d2f1e3f4b8d,26,0.926072895526886
7378cf745573395c7a412a5c81c984ec,0,0.9804753661155701
714d63b2e8f4ae4066f8a4f1b6606937,11,0.9614102244377136
a6b849b4e4c90000d46859a8cf7e856c,2,0.9770170450210571
cea26dd4ec6ea02e5d73af13f74016ca,34,0.9242390394210815
0cb6d50004fc2967d779c4e38db00cba,3,0.9274726510047913
d3e7d4c399f5a68f9a3f8984de7bf785,11,0.9610401391983032
9794c8f7a353ccd7510672713a624b44,26,0.9244666695594788
6fb1a6ee423bbc99e9e88078f14d4a7e,11,0.9609972834587097
0fd7e854c1a0222ddb2031acc6adb60b,10,0.9715337157249451
c357813dc8da19a48448a208eff41dfb,6,0.9528655409812927
6342a6129d692c90cd3d0315f325bd13,2,0.974349319934845
ef5e332470eeb4bb29a343ad1da5f1fa,17,0.9388101696968079
e2fa866aa75e4346631845bbdabf9bad,2,0.9826274514198303
6b54415534a5d152ef1af04ed7b187af,19,0.9142054319381714
c2e632550fbd9a64df54f790762965fc,2,0.981899619102478
fafd7e8fe7b243fefea9b1e53ff6e59a,5,0.9702963829040527
df882506d7b035c5e37edbe31a170f07,9,0.9403260350227356
be985616f3976da57a48bdd4d31ec0ef,8,0.44741299748420715
a25a3b0de82e8be38fafdb2d09dde9d7,28,0.8947460055351257
f9e769b9c0ae668b7f6b8abad2659744,0,0.9722956418991089
6c18411a85b9fffc1cb3eb8c0a0ada39,2,0.9826157093048096
7ec34c571617ee791490baeb57ad34bc,8,0.9616943597793579
dec9c8c8a96d00be58978471974b515c,10,0.9714607000350952
0f4e6610684e336c03c3173fbea92edb,10,0.9698861241340637
4896bc2f32d7fd7cd001637cd924a8a7,20,0.9607393145561218
34027958c95f922bee84c3aff55dc9b0,2,0.9825663566589355
ede1dfa8f6880f2a9363418b7ea43b43,7,0.9718528389930725
05b81051455a3ad11258a9cae1c71a1a,0,0.9805799126625061
0d5dc51fc00f5fcb00b802cd87a8b03c,0,0.9805437922477722
e820e181258f342605dc1e17d66b1aa0,25,0.9126867651939392
6200a487c79a1698b00349ac4d155280,0,0.9807518720626831
1e355391f7dc12ccd7a83653a38712a7,23,0.9516104459762573
08b0771ffcac644d90b669a193794517,11,0.9610137343406677
984d28dca57422f262359a3e0c14e7d9,16,0.9467353224754333
8c6b396fc8364fd4486a52cee8205f2b,21,0.8492663502693176
0d3a0f009a2a263fcbcbb6ecded3f62e,5,0.9636990427970886
a5e2c19cc7d099046af60ed58b401174,10,0.9712578058242798
ee390116bf3949186868672c21444cc3,2,0.982124388217926
063941ffccbf439f41c09e4f5ed030d8,18,0.9338757395744324
69f41c20e38225110c2055fe07c4de9c,2,0.9827759265899658
8ae6d44e5d679446cc87252e48f6178b,2,0.9827765226364136
fed55654c9ce51cbfd93a75b07a951a9,2,0.9827595949172974
d33616053988a79bb18a6b9dd4f54568,0,0.8392548561096191
39362f2ac70dea5d94b5ed43e9122fe2,0,0.9805482625961304
7cc43be70a8c74c0561a2af3d3f7bea9,20,0.9590383768081665
28f02260772adc8f222bf9801c7cfbb9,11,0.9603529572486877
e27e3caaecdcbf5890660cbbcedd3fd8,3,0.932055652141571
0c7e8583ca0205a1c41d1905c1095511,4,0.951222836971283
0e6b966b0a046e3494d585c4cf5b51c5,10,0.9707658290863037
b497e007081b441018b8783f1607df8a,10,0.9714382290840149
dc4cf8f216ac4ac31aa93741f36d5909,10,0.971438467502594
5396eb9644a418cec06087ae64f977c9,3,0.9327552914619446
4d9684903361edf59ce6381b975a3d4a,0,0.9806897044181824
68f10cfb3612480186e9bd6d948dd7f3,5,0.9698334336280823
13872b991bb932bb11ec04d5f7c93c12,1,0.9647680521011353
ab4153996aa071900f20a647af9a2dd7,11,0.9602624773979187
4e3049386b09c82ebefbfc066b7d9972,0,0.9806851148605347
e50e9f7584de1ff26378d5d5775936bf,11,0.6451175212860107
dc7d2f46771318db2cfd9a152dcfce46,2,0.9814357161521912
74d67161bfd836e71e2f50e6cf448aec,5,0.9518912434577942
332fccda93d31ec060b196a5a5f48c2d,8,0.9614648818969727
d6ff007406be16abaf0dae5f84b6639f,1,0.9648466110229492
3c5f43aa11a2fe95071e84b2bba1ff11,1,0.963386595249176
439bcca174148576750e4889a33dc169,5,0.9696335196495056
bb9c51d9e77a406b8e67976d2dc0d804,2,0.982096791267395
aa94e599d47143e7ca09edf16867170c,2,0.9815276265144348
74e5add5f5e588c53a975eb7311b7bbe,7,0.9718571305274963
873994db7017ec0e3210ca31d15f0047,7,0.971141517162323
e68ca2b4f78571a0863945ae19d4823e,9,0.9400548934936523
912c296d456ca5a11c0ba60f0ddae7c9,8,0.9616028666496277
7f6e4a302b0de59de23e2231a4dc8fe6,0,0.9298929572105408
a2c4ae2816e56506908e05a70d43a7ce,23,0.9523670673370361
b57e7f3dc3efb2e7d185dd1e9b88d624,18,0.9331936836242676
a9a062c253ed1c85563e99b8de43b6ea,6,0.9242238998413086
d2a0d5d65884fb2b59c39ccc6f2c4f55,2,0.982742428779602
9a59bf686911abd72133e2e84be9c679,23,0.9527101516723633
0cca0a008f207797cd9374804fcd9c44,11,0.9480456113815308
853b738283801c7988d83ffc20909942,1,0.9654443860054016
b0c60810e0b92c04ddd36587be5437ce,2,0.9818074703216553
db21cf7b830d7fc2b26ee8567bf9cbdc,15,0.9504984617233276
86b01f5b01d6aea5b7e086643915cde4,11,0.9540817141532898
74417d080a15447be85f88f908511276,33,0.8559136986732483
1db3948b7b7a76fccb440d80ac800440,21,0.8019512295722961
a5b0bf7c2aeaac17f5a975457e5bab69,26,0.9257140755653381
0f00290b44b57ef16075adce3aee6b20,4,0.9458994269371033
724e4006015aea94ce352e8ee9fa33c3,0,0.9806270003318787
5c44c2966559b139e57e3207d3929b6d,6,0.9566320776939392
a70b397f0f2b32371a62c708407393ac,0,0.9804717898368835
2e8884737ffa05b77285aaf878de8bd4,25,0.9141397476196289
b649548f21bf7b8af51d24b6f40f0cba,29,0.8942901492118835
cf9ef17f3b3758f9091067e102ed7b83,2,0.9826104044914246
f0b1e7c52a77aa1941863484f2991fb9,24,0.9534325003623962
b4ef1063e2659a5ee7a688d52d688fd0,11,0.9609636068344116
cf213e7424bd42ade1fd038d097fae45,0,0.980504035949707
c147c9a2183eb960880a7a4def746d62,6,0.9606463313102722
903f2cba1833f38baf7f5691dd7acd6d,0,0.9804285168647766
c3c58dc73dd6b1c64721907bdeafece3,10,0.9709219336509705
946c9c2200784e1200809ed14dd1b8bd,6,0.9607910513877869
b831cec91501b92016322b4eaf0a8826,6,0.9428926110267639
e49ee6bd07df6e4eb2d188c5f2e24249,7,0.9707562923431396
6d86427b4e05aa4309cba064ecfe0da8,11,0.9606077671051025
65597e92c1ea196a931203278af33ed7,4,0.952283501625061
60348fbfe14c5ce25687d2ceaa5d0d6d,13,0.9627792239189148
23ab45b14e511aec8ea79d9e6df12367,19,0.9163151979446411
34597eb5b1f20ba1f69716d3f083f019,33,0.15100395679473877
ad2419ad19d77ff038b7d9df79df8e49,2,0.9819636344909668
059253b92bcd5aee7851274ac997f7a1,8,0.9581494331359863
d3a2bb16fa4c488ea5fe48a1fdfaa95f,34,0.9218811988830566
700b53aeb1d7fb31de6232e4adc9fa6b,0,0.9806120991706848
5704331d24c8ef59f25147eb710d6f14,16,0.9471374750137329
bef86263c63ff3aaf9b39fbb3867ab00,9,0.884406566619873
481f258ea46f20f33be1c54a2d06f5f5,0,0.9802323579788208
b2fe847244a26ed46a55097405cece09,25,0.7631933689117432
9bfa27623d9eb47b44032d35492cc22e,7,0.95346599817276
d2f94c136459aef8319102c69441b962,2,0.9825772643089294
110493806caa28dad1a4b8f9ceae1fbb,30,0.9044446349143982
8d9f49ad05ab1ae197c9405403ce35be,6,0.957414984703064
8d221c88c28e766655f498594149788a,13,0.8493857979774475
8a1533aef398a5f87b356bf5e0f17b6e,16,0.9466758370399475
de168dea4d2d0c19893077c27e7863cc,2,0.9810983538627625
87b8d091c70c58acd63eaeda55f95b94,13,0.9626532793045044
a8031e46c140e15efe6aada90e1b84d0,24,0.9490801095962524
c777b48db5273b097f537cc5ebd95263,20,0.9607418775558472
872ca3e305c325a28ce4d69829c97cca,0,0.9802867770195007
c125c1c25fe7a68ec822be2eed2e8bb9,2,0.9825610518455505
86151c7682070bd4af6755791017d5a2,0,0.9802974462509155
feb9a132438da002d7eb5c6687ef5faf,2,0.9824408888816833
12bcf08b237a41f1ca600d797620a1d1,7,0.9717132449150085
a4d7fff0dcd56a8cfdfb234182951b0d,34,0.922494113445282
10353fbd1c0bf995ef24e7cd13a5bf88,0,0.9804494976997375
0f763fcd6855b907412e77440f659fab,2,0.9791707992553711
2bd2ed055e4eea4e279900e986e76f32,8,0.9616564512252808
bc5949899b8ba89f8addf1d724ff4187,4,0.9511961936950684
1722ffe271c572eec43b34d9ab764ac9,2,0.9489968419075012
f7d4176f58731b2d2d56798e7ecbcb5c,0,0.9805472493171692
4c62ff6c00bacf2200663ebff0f7a366,10,0.9708098769187927
8792e43cb5078ec89121a72e66e1670f,10,0.9579123258590698
895c67ddd54bed689a271e8827c47b9e,11,0.9584396481513977
5d320dd0178f92156a819cf040b84c97,9,0.929136335849762
badf5db3846d4713e042872dec52d713,0,0.9772064685821533
ab9c553f81420547d7e1d281be9ecf21,11,0.961112916469574
d1a1e135bdbfeb34505d62125cde7a25,2,0.9604914784431458
d372eddd558dff16b499826f41112155,20,0.9601589441299438
6d52ac3c7d70ba9e75ff2bc11c3daaff,8,0.9616467356681824
dda5cd5fba6ee9631c7b2e3a53aa73cf,7,0.9714401364326477
3d1c56875c19ae5fdba6a0e42029e96e,2,0.9828727841377258
ec905bb245990e7a944bc427e4f281bf,16,0.9178292751312256
f36a0da91484ec42d3058342d6a06951,10,0.9714415669441223
52756cbcb44de3db6cbc79d8805d695d,16,0.9462047219276428
faca35f9d4ca2f9bfb74f253978b37f0,9,0.9393688440322876
f103fd5a792c5588f9b4ced0fbaa6c00,8,0.9614928960800171
cbf77a57c809c0075b0ec59486f87fd4,25,0.9062126278877258
621460fc0aa6c3d212eddf21de77ce6c,11,0.9607144594192505
38c60ec2060ebea551df9fa91d6031bc,2,0.9805979132652283
298dd473d735e3ec7b618a74011f7118,20,0.955925464630127
0ddc98a2a8126708ea522d1c46fb2d1c,0,0.9797206521034241
ee40f967f5e8984cd132b4ba9f257e8b,14,0.8914895057678223
3feff2928c8eb231eeb1bc0ad3773e27,34,0.925960123538971
895677be17bfb4056623588da7b176aa,13,0.9625147581100464
151d85c10fc4bf4e48b11045692c8f4b,18,0.9340953826904297
ba5d6e7bf44089ecab7a7b073b6ef24d,0,0.980535626411438
abd90f50252a8b50ed5c3a857550d235,34,0.9212275743484497
340fa16d5863ae0219b5ec426dc0255a,0,0.6817473769187927
dd68ea81e8aa1637d4f3b5831b2beb41,31,0.8746587634086609
eb28bf78c64339b81bbc10f92ae9e642,2,0.9812175035476685
dbce836cc13205410c22a951796e646f,10,0.9713706374168396
de246eb80a7d4cf2ec58a14591c03a44,5,0.9702098369598389
54b670146446f30c77de8d2126c19a33,10,0.9710550904273987
ec6467de30f24b13a2345b5aceddd7f1,7,0.9717375636100769
92a61c173554054dd52e7af1bb7161b2,13,0.9626197218894958
752ae44fe3ee259d8a983b5ed00730dc,14,0.895318329334259
f23d5571bc1ae1f17e1ba026d9f851b2,5,0.970565676689148
66653bc28fcd9ce5fb82e9d0202fabe2,5,0.9702562093734741
cbfdc6cf823c01886d6c5d14257bef07,8,0.9614930748939514
9a0a8830633bb025a4e2dc087be3c90f,2,0.9706398248672485
0fff92ede2a974401e60340a2d6e52c4,10,0.9713625311851501
29d81bc365dbaa70521646d3ae4eb6d1,20,0.9603574275970459
da36a3037a109585c18d2bf241e47a20,7,0.4853542745113373
046db16f26c57e19c06e6ea3c38dca91,5,0.9706287980079651
5a334b33d6bac9eb13522e8c69631147,30,0.9025238156318665
7074f76857a84140288c68e05c99604b,6,0.9607799053192139
beb53767e629ff7153f6a0b2ea2eff5f,4,0.9499915838241577
71c80917fc77aee2e3ee108b3979bac5,0,0.9804667830467224
c16a85e6ba1d953f6da41a90cddfc7fc,9,0.9128610491752625
864c90e84984de39014289487a2d0994,11,0.9609495401382446
4092a1e2b6ee26151fd7e109ad9312c4,24,0.8291738033294678
7024a1664d3239bbbc132c2aa400d2de,1,0.9652161002159119
a75ff57463e94e6da95bda160bc1335c,4,0.4480779469013214
e8fcb00185f185dd1ea5131a18c20589,34,0.9244575500488281
9584faae720769bb54f8bdf2039f7c1e,11,0.9605899453163147
7904982f1b71d6b5dd579227d05ccaae,0,0.980492115020752
577c305ca46f9749fb350762758bdf84,18,0.9337894916534424
2b255fced4ebc619333a4ea0a01b25d5,16,0.9465314149856567
888cc632745746983252441c79931441,10,0.9515748620033264
0d79bc81b8c43e988ec88f2a9e62ce26,2,0.9826849102973938
205abf2fb9eecc176ef634a862d2b0cc,1,0.9592759013175964
1e54b51d27ae92c557369a3ff7fe367d,10,0.9714568853378296
8cbcf9d58cba8410240e8941683edc32,13,0.9595951437950134
cbc7bdcf098c07da931a571d1f61c8a5,6,0.9602789282798767
110b2ee4d97df5e5c9eb317f660a4886,24,0.9535006880760193
165fc96e81cb084dae6c1823137465eb,1,0.963996410369873
6c1c396ce02700992eb0a8942c78026c,10,0.9706502556800842
3871d1462eae5bc4de5bc287c3e21de7,2,0.9822723865509033
78f719c72b4e5b50cf76124b773566a9,5,0.9706578850746155
f2fe86acf21fbd43a74e662d2bfcf97b,2,0.9827645421028137
8250aaae70710e27f7d2a0aa5cd6b47e,0,0.9804722666740417
d0dbfa461cd14e5388b118fda176449f,25,0.9149779081344604
b66e75ecedcdf85c5cf795fd7d5c5f9d,17,0.9375479221343994
4116cf7a92edf56824bf7998335fd929,30,0.9046777486801147
e93c5223b5d78e302f24631ed590fac0,2,0.9824438691139221
0c2c66e8a415ca77cb270cf68c39c853,2,0.9823735952377319
3328a69ab10968cdcaa709ae7633c6e2,11,0.9613380432128906
a73c2c1fd4a6a763592376d6aa8c8ddd,2,0.9574981927871704
cfb6b9690f334337db5f7abe891ab3cb,11,0.9197097420692444
4d409f73e81110e75965e2355cebbab2,21,0.9122064709663391
6a0aa219f60ec2ba9ad34167883b4b2d,0,0.9804454445838928
448108564a20d4395cbc1a6ff82a3ccd,21,0.8669564127922058
2a72f70f087b1b0c3061aa9e58d9d3d4,1,0.963921070098877
0088901151e7cf9b7fd788cf2b3ead3b,28,0.6163161993026733
eec2367cd772ee0f7770f68d179d545e,10,0.9702820181846619
c9aa2a1fa575b239255aca72b5f152a5,9,0.939487636089325
60371a6cf7558098b3512ff27ea7203c,1,0.9639782309532166
43f5147a596bbb6dd582abc446cf40e1,20,0.9604460597038269
e90c8821dc25c32e1933a86b401afe08,20,0.9607322812080383
7241232e85ce56b3e20d25900b8cd6ee,4,0.8972459435462952
f125acb7921f5b0dce67375f0e705934,21,0.9348211288452148
c664ed99cb47dc25ecc698346155231c,5,0.605545699596405
b11c5a7b092769567c14188793d88975,2,0.9822783470153809
21a1bb0eca83edf8db0bc80e4a1c835f,11,0.9606121182441711
62c7daf081d990df1d46e00cf81b0e2c,10,0.9708163738250732
837f09db7a6106cb9ae631cc0f3952dc,24,0.9520782232284546
8f46c676685288a9e30fe2690cf9df04,0,0.9807363748550415
3d224828dedbe14bfb3921a5b5140a2e,6,0.9598608613014221
eb0800938858d7ed7e71d49fba915242,4,0.9510707855224609
4384b81a6e819aa244457cc012dc6086,9,0.9391127824783325
354ab01fc4918a388b05bf5f2456b9a8,17,0.9389474391937256
146c32d325390c0a92ec74cc1cd082d8,7,0.9694217443466187
6822a639266ce6fa6ca7893a2bec5e15,20,0.9607418775558472
c553904689bc4d1b0df153f9237f5f7a,11,0.9606736302375793
00bd08d17229a87e26a2abc4794fadab,7,0.9653602838516235
c48a15961a87cc5ab6ee69a583f7bc07,4,0.9497684836387634
8b0dd66eeb7176ecd2c18b74a0f742a2,30,0.901955783367157
8ed10ceb50aebc7967ab66287fd71467,30,0.9032588005065918
f7a7d655101c095b8c89ce6bcebc0e18,2,0.982674777507782
66a496319184a14a5a55c8e936e89f1d,13,0.9603175520896912
481b69e3fe4676bde77f7752a1c24bcb,6,0.953088104724884
07bc889273ba2ac7528149a9eac5db8c,0,0.9805653095245361
09dda71ce7b884fcb06071e9382f9e6d,2,0.9826891422271729
498bdaa3633263517383efa90c2e014d,23,0.9524437189102173
59459d8e52fceadb69634cafd970edeb,5,0.862678587436676
745850c100b9a8358cb62ba3ec01933c,2,0.9820736646652222
33ba6ccea20830e660cac46f10403fc1,3,0.929648220539093
8faba684009a7d7d99799483af23198e,2,0.9818576574325562
f0481fa4c6d7dde5693f0632e15cbd40,5,0.9704092741012573
78efcf4ee22200c9c2c1fccf9a8644a8,0,0.980434775352478
e1ebc01589602cbf4edd5aca2e7343c7,10,0.9715438485145569
e2005c4c736c724d6044fb7f54cc94ba,7,0.9711931347846985
ecc4db9b69fb07841c996748c7c8af77,11,0.9609859585762024
e152f8ff193c4b59e5deeba31dc7de3a,18,0.9338186979293823
7a2ef77651ee9bc5f50196ad3066dff2,2,0.9823731184005737
d08ae04c784bd41b5b2fd6e3f6724b4a,1,0.9650161862373352
1859737a2085ce0564289c41f80b1d26,0,0.9806724190711975
e0723b0e4760718d8b0398be236bb580,13,0.9625586271286011
a8c70a37f6ca1d533726298fda32aac6,2,0.9701300859451294
7e12ac83e63572e60cc27992d3b9e083,18,0.8794297575950623
e7d08f6acccc82293970962e96fb4da8,15,0.953208327293396
66bd9eeaac619a1cd767caff65d072f4,0,0.9805722236633301
4d68ab3142cd0b4910d969615b996ac0,1,0.9656471014022827
5a4d6bc4f919382230839f1b4981772d,23,0.9448907971382141
b788957e53e22896818add4db9595be5,17,0.9371436238288879
2a41fd1fcce44779f5f2f2234015cc43,16,0.7624908685684204
8c8dd8d343fad71246317612c7a45254,5,0.9704463481903076
e93cb08495f3c238f83dce366ccf11a6,6,0.960576593875885
826ff71c674bb1cbfca6b4f15e6c239a,20,0.9607691168785095
1fafa80425e731ee9c79dd71d4d6d992,10,0.9712584614753723
675586a721d93fc402b2d810d63fce8c,3,0.9302570819854736
f3a4ff903faee69339602f37ed9be2cf,20,0.9605064392089844
ab724f3a2f14797220edc66c81efc480,9,0.9404176473617554
5d4997abcd9d36cd4a18c716565a1661,17,0.9401732087135315
5606a1b019c209522ba3936ea93702e4,9,0.9384666681289673
7d83c8eae41c91840d735dd856a203e7,5,0.9706266522407532
089b6122351493ccccc1bc466c3b74c6,26,0.9255537390708923
9328d513818ee0f443d4dcdc6a06bbce,5,0.9633121490478516
3414a9bcbd43f2fe4f2135f7913072f1,15,0.9531180262565613
73dffdf3b8d4120fecf4b62dfb91d588,10,0.911414384841919
36ac69f03992a1aadf2b4a7eb094f6c3,15,0.9522295594215393
3dc4f7dc4b701d537f64b73328d751ee,7,0.970779538154602
c2f5694012327921581a28f3c931825f,0,0.9801693558692932
6824054ebf8f8f62d8274d4f0dff1b47,2,0.9803941249847412
d87d6935e58ae42f1cd9f957eb4f5298,6,0.9600704908370972
109ca3cd5946af73d3659a8af92cd53e,2,0.9808096289634705
21dd08af377252750cb1e8d79f7e7224,26,0.9266378879547119
6845d8f57ceeaad38c66541ccb79967f,10,0.9715237021446228
ab6efef2136f0533cd2c811956adf731,1,0.9651009440422058
9f3e3fbf635f4b0577cb8d7c8d8524da,2,0.9826686382293701
a69a9dd52bd2943795a7ccd0475c5b86,11,0.9565884470939636
00cef8db8a7ceca6b4a9270203a0315c,31,0.8753541111946106
1cdef9361ab6aa4df11092c10de4aac7,13,0.962443470954895
402d0ca83d4adbb7e50583de9d8e8262,4,0.5162588953971863
5b4449ab57808631b9e3f96eba7f2726,0,0.9801399111747742
1bd4c05043ca023ade7c5e0692d70468,2,0.9810619950294495
d2f561da3becf2ece1c7411dcb6c2159,21,0.933317244052887
0233f41cb8be333ad650f3f3ef234a03,13,0.9623746871948242
becee828246db511a24daa45904e94b8,2,0.9822790622711182
14715a9a9f3a755bcd1172795410eccf,24,0.9533641338348389
5496a1bc1efb05c3c745bddeaac943e6,8,0.961225152015686
33861b47b01fbaceb12e6c91b640f771,10,0.9709251523017883
2f509d3be0d418dcaae49e722aaf8e5c,23,0.9523288011550903
98e6e2da3cf6a1726eeb6fb29ea381ff,20,0.9608591794967651
05179d8393a9bb9db05eaf6d74e632e0,29,0.8932627439498901
5f9d35361709e9bce59deb35fce227d7,6,0.9603749513626099
fe37f0cfae7d75f5ea16ce47ed8b35e4,23,0.9524366855621338
4ba569804d48b54e19a6d5f4eed29733,33,0.8538296222686768
2a4f50ea59ff39860fc254efe065459e,2,0.9817122220993042
fb923125e836cbb52c5ee6fc74897479,10,0.5634742379188538
235bffd83b5125bbd0e3df6082448be7,11,0.4817256033420563
aa8a5424d79a13b71a0f2172c3dcf6af,20,0.9608258008956909
d33bbfd5358bba1180b1aae3fc05d8c1,2,0.8753877282142639
668c9c4b03063af6a490390d0aab07bc,5,0.9700114727020264
0cc92a4245bd63eee21d2f433e1821b9,20,0.9609537124633789
8ee2389dcff27ab1356b5d7f25fd36c9,2,0.9828042984008789
ff5fbdcfb89f8f0d0bdb451510806a86,2,0.9784684777259827
c8b688e149a47d80e370c312ab3f697b,1,0.9655107259750366
fc53d81f5aab60c755906a66a7ad1a5a,10,0.9714728593826294
6b581e0fe2019bab2f2404739341222f,33,0.5657304525375366
76d750d5fe71ac19aee2d3ca32ae003b,25,0.9146538376808167
512506c8af6d9741388d15252cf79712,24,0.9534125328063965
74f3cc486914a85816a80ca871f1a22e,2,0.9824458360671997
043e742cce64049f60950f39ea9c970a,2,0.9761908650398254
44f930f0d8765bf6b6e4edd2795b8276,8,0.9614959359169006
02c6bc474e01f71a94f5bd7afae9bfa5,15,0.950747013092041
2988ce702bc131d882cf139b7bda69f6,6,0.9605327248573303
905960dd4b979f54ea42e67c580814bc,7,0.9717564582824707
64cef8a38db80b269121904f47494d3f,0,0.9806144833564758
a8a722b67f5da891bc02491107c8d968,1,0.9655009508132935
1e941b7f2d9d9b810b03c285ba4273d2,1,0.9491324424743652
26bef34571a78ed1bb76fdefb9844a07,2,0.9813553690910339
f367d651c589fa24138e3bd276a7cb81,6,0.9600018858909607
0b00b85c40f6f7c015572595fdd75370,2,0.9821251630783081
38a44ba3cba24233b9f312134282686c,1,0.9652541875839233
db455cbfff2b8072e97c14e3ec8eb196,28,0.8934406638145447
af65119d6e669bcf2c5f975b3850fa83,18,0.9321651458740234
8510b09cddf8d78fdd97d0c79b606822,1,0.9644758701324463
ae3617cdb08a8760d04adc6555999ba3,0,0.9806452393531799
c6a48c2a4352f009cdc3aaf075ff6ef7,4,0.9509359002113342
32912b5c8097f41009360b9907524c03,8,0.9278894662857056
0597cb6b2216752e65fbc558c0abc0e4,0,0.9803163409233093
b71bc52cfe9f7c74d773b4e4b716db88,18,0.93340003490448
a0a1324bec4a088f029aa8cfefbf8801,2,0.9827133417129517
261531fb0192170707c8c8c340434e97,0,0.9806137084960938
ba12b0c625c42ac858ed9980a8b4075e,2,0.9780334830284119
5214ba30f3292755154a0535075459f7,8,0.9614630937576294
7a50eb14abfb2cd7eb1990488ad94095,5,0.970292329788208
227e1e2e6e2d768c1bb87d5aba551c14,0,0.98015296459198
2e81f74df69d7f6f5cd9bf29b923c367,34,0.9255702495574951
89b342bad53bc9e560e6cc1e8791fa2a,6,0.9541592001914978
2c9dd0508024a2584878f34ce400d48a,9,0.9404264688491821
fe8eee3de3fc900a271e4d5971289b02,7,0.9717179536819458
e32f8dbe8f0274ee732023ae828d7b87,2,0.8090357780456543
13f7987c6d9e0428a250be337d6ab32d,6,0.959202766418457
cc204bec3ebf67127baf96edab1626a7,0,0.9805450439453125
366215cb7b1e0cbfac02445295acb638,2,0.9824984073638916
66a15b50eef166fc4020a2c82b91454c,1,0.9649619460105896
058a605f6477082d06160a2e0a41db9b,33,0.8553332090377808
4eb8803fcad559e98db45a10dc18593d,0,0.9805083870887756
2aa87ec005da38ca8c53489d0d429277,21,0.9350080490112305
972de922aa1375201bc4ba26c20f4c34,18,0.698333740234375
be3ad1b991a82b8148c8ceb986c8b283,28,0.8815615177154541
7be88ae8aae5690b4125868baf2e62df,2,0.9813176989555359
bce1fd2928039cfb18bb155ea31ef9e8,2,0.9826778769493103
af9e19ff365bff311c3acd93dc4361ac,10,0.9520554542541504
fb1752e8a6b0880453f613078dd184ba,23,0.9525091648101807
22e33b6e5dbd634c126d523024fd3df6,10,0.9714319109916687
dc1e0f07d54c4c3900f7b1f2cd4824b3,10,0.9708791971206665
c5d9c8a9081457159c17b7cec7754347,26,0.9153578281402588
ddd7fb76224e287d61aefec94249f359,10,0.970646858215332
2ca9d42aa368679579155b0e6c17d4a3,31,0.8771684765815735
f2ba6bbbd9373c99d2a6ea6119ed70cf,5,0.9705352783203125
06205779f941b1fa2a484977c570632d,2,0.9711812138557434
5b46dc30bb27d3c3dcd9e2769ff812e3,10,0.9713832139968872
e34725bf7ccd530a512d4129d41d4291,0,0.9789904356002808
daf11a0d6cb3ae9060ac353dfecb5fb9,6,0.9597443342208862
60d6639efac90f2ba3001464e213c837,14,0.8948025107383728
ccdc98f19cc6d198ec1294a57a4fdbea,0,0.9804750084877014
5f4ba33ca5d01f739bce8951e7698f96,20,0.9608285427093506
64ba4dd5b5bb77945f2409ca3aafb0ce,1,0.9655725955963135
433d5943c0b8bc1f3e9147ac69a52584,1,0.9654229283332825
30c1b62611ba5045c017c09709cf610d,6,0.9029031991958618
f665e67277978ed4f19af25396d98f0b,10,0.9714582562446594
db9c1269d6c22cb7141d282cdd3f4e1f,6,0.9605302810668945
b3ec89ca30b9902d8f28fc03131e5025,2,0.9789795875549316
d337292ad8c2fdfd0d6c391fc60faf50,14,0.8926793932914734
3f27af44e46eb141e3019789c2b26eab,0,0.9805715084075928
d20de477ee057e3639bec9edccb61a5c,1,0.965531587600708
19fa036428a15efddb6e2f2e78f6f2f6,2,0.982623279094696
7b4b78d27292748f61280bf00e31d810,11,0.960587203502655
c0b1a496a7259338bafc87e9e343f93a,2,0.9823404550552368
67c146dba646cd101557a56474fbc6b7,23,0.9519969820976257
17759a7218cb277236e7d8f58947ddbb,2,0.9825356006622314
2ce27df850ca56ddc38809d38ec3e858,30,0.6082364320755005
af6c96095b54f9b56ee3e1e066051fec,25,0.3280395567417145
12d9d01d6e183aa9f0fa9b456cb3d9eb,2,0.9827066659927368
4d025c1b40740e7c11d6ee34e59a75e9,2,0.9825319051742554
10ca116cf83b9ef91cf52c7235a18224,23,0.9526002407073975
be4a01fd14dbdc8a1c753b085ff135f8,2,0.9825358390808105
b819f4b0e793071a6b5054c5be3b2370,30,0.9040206074714661
44c40d586ccd83a972fffd8090bc1ca8,33,0.8498948216438293
90b182e3cae5736497bd43e927aa5721,2,0.9827536344528198
7da36265d03d212892f251b18c1c391b,10,0.9714764952659607
82ba0413ace0cb150ca65e305a301f8c,17,0.9268532991409302
6a60c668fc0a401d5ccf228a2bff0164,5,0.9703119993209839
0b238ea06ecfb710b291c80a1b91190c,4,0.9504458904266357
e5e39cd4418569065a0d09f953e75bf0,2,0.9808171987533569
c8b494185285737123e9a32f995771ad,2,0.9826207756996155
feea4fd679f181c839befb257d00c1f0,5,0.9696236848831177
c00ed3469470a6c87ad57101e01cbd6a,0,0.9799277782440186
71594767d9b0c541676b9dfecd3c4234,2,0.9824026823043823
df4e51c5007f346ed56e91864318b5c0,11,0.9608598351478577
475c58e66008e30e9e3f42ceb6deba2f,0,0.9806069731712341
bfba22eb686e93a59d1cc430a7f33222,2,0.9823136925697327
4bf5372b4bc2727349dc3abb8622c5b5,28,0.8957744836807251
5d167e7e7d2f8822587693c7c9034271,0,0.9805563688278198
5e021f31b33056f76dd25113197bbc30,28,0.8825071454048157
f826c61b58d97e49c6b00c16481d1c51,7,0.971247136592865
293f8c47656f6ee5291cbb805b4e2c5d,19,0.9152777791023254
50d867740683843459f953db212a22eb,28,0.8931824564933777
58dc6e421639a21e8b3231b1a2f4db9f,7,0.9715185761451721
c5694fa9b65e765e9bf979dd41b06032,0,0.9803959727287292
203ae8d6d5ba81b996576c7dd10008b9,0,0.9802742004394531
7968dc52e718196bde8c287c7ba18233,2,0.9812883138656616
ffc2582caa1504c8a23e310bbafb7579,7,0.95235276222229
d0b8625f5bfd71de91f8a79d12563042,16,0.9465615153312683
6a515274442536187715cb9ff2df3a08,2,0.9825695753097534
498d531826d4d2cfc6548bd2c532cfee,3,0.9293191432952881
3418507614d5b84c83c19975b0c545bd,0,0.9805383086204529
326f6b38587decf968af751ffbf64860,20,0.9608378410339355
89d0498a4ce2829dce2dcafd75f5ee5c,13,0.954373300075531
7772c624252a301f3e38798a03a41f1d,2,0.9824945330619812
e6859ad84027b15fe76d87795131d939,20,0.9606154561042786
4ce0a060e14033d4403ef4bc36ecc8c5,10,0.971362829208374
d278034dc54b662ceb65b02aab7d3b50,8,0.9617317318916321
613de23353571a80595b0ba38c35a1e8,21,0.9285810589790344
bbc0b30fa2a1c977104f69bc29ea5b65,5,0.9702200293540955
016cfeef246b2cc65d2751f11166b7c4,0,0.9753249287605286
f87d61f3f0e1727db56bc9c8b68523ea,7,0.9698550701141357
ea694e5083f8030f41dcbde10e9f4449,6,0.9594375491142273
d7b39088d3fece6f1a0abdf87fc58fdc,5,0.9701082110404968
d65dd3a1d9737f2134e87ab1d7db5a9a,24,0.9491047263145447
ae3ee1eb2df265158ff8b9fc3dd7522f,8,0.9616586565971375
220385628987c43d2ee5baf7ca8a1d44,17,0.9386467337608337
8d54851ce323b7b3c8f1eb42e8207f0e,0,0.9804682731628418
da7eb3b36394d3ee7f6eb604427495bc,0,0.9804614782333374
fd782abd7da33533f2e195a3857820c1,13,0.9625282883644104
e5f504be3dd4668ca12fba435c3dfac9,0,0.980658769607544
4009a418a2c6edf3888ec4797da175ea,6,0.9605976343154907
728357dafc07b540f10246bd8c5b80df,12,0.5325013995170593
6c9ad5607450a68a922e5bcd47a9f054,0,0.9806333184242249
e73f8c397e0b1484b2c95270b8b584a1,2,0.9793499112129211
f2c6bb284fac755382c6744b2dd089a0,11,0.9600056409835815
53077f6b05dfc9ba48afb17ef31b5e31,8,0.9615980386734009
6a8c7958c0cba2282910f7a7951fb5bc,4,0.9257936477661133
d06d07f2d36da67544b42909110b0b5d,1,0.9638237357139587
c69f44bc60034ed640e3872d937da534,0,0.9805164933204651
e40364a4238a526ebe73ad54f4072b64,12,0.922758162021637
0f8b1f5b6d328738d3fecde31ea91409,2,0.9762246012687683
1a58e58d81bbcccec6e4b0af4711be6b,5,0.9700285196304321
b052c0cd3d7a164abdcb32310f4ae24e,0,0.9804674386978149
6fa5d9525c3bcce8ebe7fadece28eb9c,5,0.9705624580383301
922c336353c2cd58b2ead8b9de7967c1,6,0.9602087140083313
9415756285ee232b9ce83fd4a6ea5ac5,0,0.9804781079292297
985e5f88f30b3695d349c650de74b89a,20,0.9604105353355408
abb552ea391e69a2c1fa6e2628faa72c,8,0.9616268873214722
9c13ec0811766b744f7db9a12b91dc0b,2,0.9828472137451172
e088d2b15649f3007fb89583becdf49f,11,0.9571516513824463
a7165d0ba22793f6b87d02655e50fe5f,13,0.9609841108322144
6808cbbe7237fc101dd47be4c3623fce,11,0.961288571357727
5cd92b2fa636ba4719c6f85fcf7c87f8,15,0.9522053003311157
e4141e8453e0577a312f13d32b12dfaf,0,0.978192150592804
2cf7ce27ab08f9456b5ecc5b7d838a3e,10,0.9711950421333313
88e24abe8029bee278b3201a094a2630,19,0.9160768389701843
124b97b083334beb33f92303e9943bdf,20,0.9601799249649048
ec98fe3dd0e15aa3cb69f3d1992f89cb,2,0.9828171730041504
0d90ff6a8e05b72f919c3176c75738ad,2,0.9827577471733093
c7e1d0fd2d35c61965376a68ef985784,10,0.9713151454925537
f3ceafd42c03aced6e9aa646e48d44a2,10,0.9711531400680542
862c666a815242bddae43275adeec343,15,0.9530571699142456
a290690d75d67bfe62a08fc3972e7e61,2,0.9823309183120728
fc7054e43b81032a3c49e3f9de0af4ea,3,0.9320240616798401
2e54bbfdb63aaab8cadffcfe6609808c,2,0.9824234247207642
2f5e03c79e538d1262ef0d8fcd9573df,7,0.971860945224762
98906516eaafe5ff2b114fc2b1ee5465,6,0.9605636596679688
2efc23f7704cdfa8df6574973b4355da,2,0.9818946719169617
f9c763387b2783a9fd7af3369e2a5431,0,0.9806137084960938
8e1747b3c99c40430b1b8466f3ca4417,9,0.9401793479919434
1d4360716f630ce930e4f600c633f0c8,33,0.8566509485244751
3b089b701dae4f8f991ec80f9821b040,13,0.9613873958587646
48dd025bfa055df8c96d12f3c6782dce,23,0.9526419639587402
d2bc0409b1daa1f09a17d092b9bebbce,4,0.9517969489097595
0bc1e50daa34aadf0ce324e660f17324,0,0.9805572032928467
eb2b50c04554526b9abdfbe3970121fe,1,0.9646292328834534
26d8dbbe285f5192eeec27bf04fd36fe,3,0.9290767312049866
f10692535c040528de05c8a9a7027fa9,27,0.8803132772445679
0159e324d1256ee64a5c41d7998d0d1f,2,0.9826587438583374
1738f79019d6b41782f36ee98197425c,15,0.9528145790100098
d651bd9e0619d6375908218b79d2cc2c,4,0.9520473480224609
5dfec4eb8267d939846d93de408f535d,20,0.9603316187858582
29b4002a68bc424c15b6d5bf6e604340,16,0.9471182227134705
c180b109611b7815abb0e161cb52dc17,2,0.9825230836868286
65a6f306f10a28f52949e9c1d00c5728,2,0.9827672243118286
67d4ea03b5ed29cff6890c662f837e37,0,0.9752559065818787
af1529ff3eff947815bf1473f22f075c,7,0.9679276347160339
0c05ccf9aa71fc9dba3c9969c0947571,6,0.9606927633285522
8e11dc8662848dbd4de5814e701c84ed,0,0.9806624054908752
86b9a3548e1960b3664b03e49cfbf88a,24,0.9506226778030396
95dccc6b047022fdea557a1e58af5257,0,0.9804839491844177
671ba4f899f17b12645a0587feb43976,13,0.9600346684455872
62d77c4f4fe4fe1dffa1d43da9f153fe,0,0.9804379940032959
4f83b203e93bd1c6112464a3cf7d6edd,1,0.9643896222114563
b81f9abf9ac48569a85d550d40e4358d,7,0.9718771576881409
fd2172d9e4b0935d814b0ff827c15ace,11,0.9536483883857727
b3dd76b2181d03fa3e6356f59dd00e67,6,0.9595832824707031
17400400e222ffc83790365ee45f4256,16,0.15488551557064056
b676e4615073e377050fb9a70205cca6,0,0.5474632382392883
3ce2b621aa7645beb3b4596431a0f1f6,2,0.9821741580963135
44f8c88ba6c6e02ef95de3d932343635,27,0.4216375946998596
dfc5c93da4d72c399a26f21eb4ba1523,0,0.9805912375450134
00e98f0ba16417691fedf2abb20088bc,16,0.946699321269989
e4a573193f82792b4d5a13698f15e3c8,20,0.9597328305244446
d740a2260532b868ac5c401c46abc6dd,1,0.9656120538711548
1762e1101944b7d7185c6930d6a219fa,5,0.970219075679779
81a55ec1d6d68af6d8d31aee21dc2b18,4,0.9515390992164612
145ae8cbe9db924c86da7a7f1e78ddf6,28,0.7865411639213562
be8c57483fc02d0c5a59b90e1fcfd154,18,0.9339402318000793
893de48cf9d17d408cfc77229e5c4421,7,0.9714194536209106
c292032f04d9457d2b4bfd546ee82ae5,20,0.9608166813850403
0c520fd51f708873fc655a70c4e5b86f,3,0.9323713183403015
dc9828203902cc70f0746bfcc02755fe,6,0.9598015546798706
fc1a9c0b295ecd6ce6a4b6b33948e96d,25,0.9136380553245544
f7da7fb2c5998af56108e6cb0ce22efc,0,0.979996919631958
1ca0dd892605c49c18bb9c7e79835f84,20,0.9547508358955383
84d180f32461a63814efd711cacadc54,2,0.9826257228851318
c44baefe8850e735e9b5a6c701e21c15,7,0.9676071405410767
613252091a0720b115305f35ba8bc8fe,34,0.9265889525413513
8ebe197a3c51d820cf2aedd36de76a3d,10,0.9714325666427612
bd8c8f272c080077f67c24ad8beed3ee,3,0.9304065704345703
27b27584ccb7ddc19185bef60110888d,2,0.9822826981544495
3787a84c21bbcdc17fd593517638bb1a,2,0.9801456332206726
27649472a69121503cb5d95f397c86fe,26,0.9256618618965149
ddfb81f28b37634b2e8fb883067fb882,1,0.9655530452728271
d65671a31bbedd51409b5f48438d08db,0,0.960581362247467
f6abde088a858568768804dca2aec846,2,0.982765257358551
9cf974752dc0c644bc1f83594c2765d8,5,0.9422318339347839
ff05eb4a13c8cd36f56a123040d22e79,21,0.9328896403312683
78cd4e4ac938daab76e94aaff31ca7a0,23,0.9522724747657776
808df0a2d4e91ab69d4439ddcd47018a,8,0.9614222049713135
1acc1126d5103634bdba79d988869736,2,0.9814390540122986
677a7812dbc79ca3d1ef84b30422fd73,4,0.9526550769805908
7f15a60a74fece685ccaafc83f470894,8,0.7297688126564026
9fda4f9ebcfc22b11037dce5cee971ec,2,0.9826823472976685
696e8df60ce83ba949ccf8105cb13442,8,0.9616294503211975
79d52d21a30d216d1b82d5088651b15f,23,0.9525992274284363
6b3eee6b99d059900b22f346f801efb7,2,0.9826560020446777
5d4b3e1fad2aebc3bbaa6dab819d16a6,18,0.9334979057312012
98c2738b6124dd80f855d2816f9f6b12,15,0.9530407786369324
006f1e3aa4db191a7ee248beee688e2f,4,0.9410067796707153
d890a50007c1252832565f885cd3c388,0,0.9796546101570129
40f86d317199ef2c009c064765bb30b2,19,0.9161732792854309
0fdc1bfd22b38b7e11351bbbe5ad6e2f,10,0.9700952768325806
01a212aaf579295d6dbe9a8e3ce10269,0,0.9804866909980774
92505d990b88756cb865dcc6dab07c6c,2,0.9823839664459229
99f52864ed3619659c0c68be7ab3da84,7,0.9718719720840454
e9c09d8b53a68145906b7abda15527ca,1,0.9655104875564575
35499f437f933b8b9f2b957cc00d1651,0,0.9804024696350098
e6ceea5bfe584401e74257ccd54f1391,0,0.9803667664527893
073666b91927c871ef170dcbb8a8dd91,14,0.6586212515830994
10d1106f62a3a286977205e3a22f90b9,20,0.9607375860214233
481d975b45b1fefbd46bfaa19da38210,3,0.9326103329658508
ec074e2a65d077868acfcce2b321a6af,2,0.9823378324508667
cec9eaccc0360d5685f07573b1c022cf,0,0.9493089914321899
42081fc03fcbcc0427d6174c67c2cacc,5,0.970565140247345
e3af4389422af17fc5a59b7e2002ec7f,2,0.9642267823219299
c433a59752a65a41b8b2e5d7a47433ac,13,0.9614020586013794
9faf368788ca2470121e4f56ade2a250,4,0.876886248588562
e98e4e5e35715e2fa20ea81f6fb9df44,10,0.9713234901428223
6ca047551846601f0c18f23d86ed6262,2,0.9827967882156372
cded3b3b92267edf13abc6f18ae6b90b,2,0.9827656149864197
65312b74470183e54a871577f9b2c0c7,0,0.9801198840141296
5d3e4e4ec3bb1877a07f9047a9e16820,20,0.9604184627532959
2c453d8eb634af903e3d6f12ccaa3452,4,0.9514292478561401
dd2517b0b07965c1f5f11fdabf793d9e,9,0.9399024844169617
7d783ef06ba657e20be7c1ebc590b680,2,0.9828197360038757
f5bdbd4db7d4806316da5aa4aae3b4ff,8,0.9614279866218567
8b0bb733ce67648abf9ed17ac82c4546,2,0.9818598628044128
a404985bbcc6217f73551e9d39ea679c,26,0.925865888595581
9d2b0d326e956a6e3d39ad1c2dc8f044,8,0.9610153436660767
c1884b2ecac6c6ff718d19be5d16bd54,9,0.8210878372192383
25ba29632eff929e3a2d7eabba619ec4,17,0.9392092227935791
7262776e6353f0c496d90475dc3f3625,0,0.9801708459854126
eb3bcf102576ff9e8f1e723ff0b98d77,8,0.9614791870117188
36428a86a836d7fd603f300b1063770d,13,0.9617502689361572
777367ebef48055552a6021591815bac,5,0.9705398678779602
01a5ff7b0d0cba913d070699afa0b49a,7,0.9714459776878357
dfd886074e5d2f76f593b48c8b978381,7,0.9683040976524353
57ae333df293b896c22e90742baf9489,10,0.9715060591697693
0c1b4fcd86156569f3b2ff6011719999,0,0.9802010655403137
60036977846c748a5e280f1a7e11b2b2,10,0.9706121683120728
a7d4bfb018b66dd46e1d7f8f030a9c9c,2,0.9828197360038757
4e5651218afa7e71de7a5d1d08d3087c,20,0.9586929082870483
65363b4ca72bec193e233d6615b36834,20,0.960913896560669
953a313d78b18ac3b5483d30ea8f9532,10,0.9714081883430481
14ed19a759c14dcd0c589d4fd6927013,2,0.9827926754951477
8e29d7c623944d92d394eb91681cf59b,30,0.8787710666656494
9358985a9ca8a6a7d4b95dabb463fef4,0,0.9804259538650513
d892cc8a08c30dbd0553f79a3ae4b3ba,17,0.9397110342979431
4fbb317b4245dc62d83832c6c0a34ab7,0,0.9805036783218384
d02402342dc5b1f84d83461bc667d2d2,10,0.9693163633346558
91934b2f146f4edf0a74234b1eac790c,29,0.8930685520172119
10be77005c49aa75d837534b8fa6858c,15,0.9535785913467407
d456e6c2c6e157c7939611d653e996d4,30,0.8955157995223999
600a629731f4e79a8e8c8bf18c0bd080,0,0.9805266857147217
cc8159fbedcef4e59ea465e708a91a15,20,0.9606529474258423
9e88644a53e27ce4bd54023a5bd4182f,10,0.9713157415390015
e4ed36b8dacb824b215b70c188a326aa,11,0.9609331488609314
836e1f6ad21a865040faf3a81994dc6d,8,0.8902621269226074
fcdbe686fcc809938d8e42e9a19aa87f,20,0.9607930183410645
f01a24e1554f611de8062940e3ca4aea,0,0.9805893898010254
0efb2fb663276795ffa2e764ae385dea,2,0.9819710850715637
0df5e05a87dcfd8987e80d915e89d4c9,31,0.690842866897583
c00a07143b15b2ed473c15f1eb13db9d,8,0.9332447052001953
92b9b82714c33505d3f022daba8e9428,24,0.953162431716919
dff123e3ba9686adc90b0d68e27ccdf4,20,0.9606274366378784
99131e0db495dded96e0cc68287e3d7f,18,0.9339778423309326
8b02363ac125c704db0e059616ba4bbe,10,0.9711084961891174
5c80e828be3e848f958993b42465691e,6,0.9602020978927612
8325b94fd12d4bf9bd2cb43e1d4e0f54,8,0.9616490602493286
9e7ae8b6205796ef3d2a9758d7ffd3ce,0,0.979844331741333
75c60aecc449a3459cd2967e233f1d1d,2,0.9827216267585754
c34a8aecf110f27cc8376c17da48c372,2,0.9779425263404846
3abd86a512e5cb191fcdb4450b9d4c1b,4,0.9516801834106445
7c0426d0231f865c3141177111d72750,16,0.946774959564209
0d27b36ac19249ebfbbc991ee67b065f,20,0.9604330658912659
1e2bb37ff7dc0c806c959c42f54abd54,20,0.96058189868927
f26b16a20009f70edbb77d2ceac1c19a,1,0.9650107622146606
b6501bd1741c0ff1b0d1be26ee365dd9,17,0.9388336539268494
725fa1a9da8c0149f2e74d7338c11f45,20,0.9609296321868896
548fd0e515d2dc45fcd1c29906df1a3f,3,0.9149242043495178
669c7a60d7033a37480f2fa69286f41d,0,0.9800159335136414
bc287c08509ab7ccba549c28f3581eb5,2,0.9811685085296631
a3a7de4c397475ad3d5c59b1afa4cc0d,2,0.9823257327079773
e1842cfc668ab0e4c32d43a68a0b040e,0,0.9795786142349243
1ad1ca41aa05e345a807650324e1b489,24,0.9529257416725159
4411be94137cd1ee267d1a4eb90d3839,14,0.5218964219093323
236d6462fed0cfc705253a89585409af,3,0.4206593930721283
b36245ff10ce2d8937d758a61d805520,4,0.9512544870376587
befd187b89300bc6487d98cdc1fd461f,20,0.9579486846923828
86b04f7c1ce705b79d4998fea498f5c9,5,0.9701205492019653
5368aa7eb061afb040fd0f362eba2b4d,9,0.940500795841217
aea26d204c9608afbdd3f83b439d2a29,0,0.977935791015625
3fa786fab3f913bdf1533bcc74a06871,15,0.9497482776641846
ac64705912a75cd8940373656325172e,1,0.9611971974372864
d97ef4ff2fd5e671a9b47a0e9ee5343a,28,0.8943250775337219
47c74e13efa5615c124ef3420d44a6a8,2,0.9823704957962036
d486dcc9d7d987f5e5b1be2948bbbf48,10,0.9713966846466064
a4b88fb058b1ce4cded1b5c680b9b529,0,0.9805200695991516
d46f844e209d6d22c826a2afe73b498f,11,0.9605610966682434
32408e389481aee0de3bbea0073d1ae2,4,0.940441906452179
b7a3ce1cfad50f422db19073f54aab1d,2,0.9825811982154846
33d5257cef07065b6804700adf984c36,2,0.9824953079223633
a195529743de3560f9431ccf231bd224,14,0.8954989314079285
b7b010a0141fd8220d4b073bb4b08731,0,0.9732403755187988
13bb06bb2fee880d992a10551133a7b5,2,0.9820235371589661
064d8d5c0ef3f7b436763ea891ea8ddd,2,0.9775697588920593
6a6878fa8b802c95a4d40e2404a2f824,15,0.9524678587913513
086dcbe87fe94f47feae4437985e6004,20,0.9604097604751587
ee224390c3d5e19e4e36a50d6edceffc,2,0.9824008345603943
7452510b4e7c563962f18b51cf0675c0,0,0.9804221987724304
7c434fe549d2dd6499c95c3f1c84d4aa,0,0.9805014729499817
15ab50099d2e2b4324e80fc0cbfab7b6,10,0.9711273908615112
ea0fb1118768dea5e6968bb3d416e8b0,16,0.9467541575431824
803400a8b2d29bdd9a1351b6b77b7864,27,0.8802973628044128
eeab0b5d470a405f529f74750aa3e12a,2,0.8107956051826477
4966364f64c171648c991c994ba20496,10,0.9713414907455444
c1b4429df5614ca12a98f2bd9705bf95,4,0.951746940612793
32b6f35adb8c0fb216c9d8b8e301aa0d,10,0.9714032411575317
135def5852405aae88790c3fe8d2456b,10,0.9714961647987366
24179f341ddaf39ac337de49e1e1a0cd,15,0.8678112626075745
40a5b8ee9ac936dd23292b13938abb1f,4,0.9376722574234009
bc4b6d2a32dfa5020c4ed9e158b505b7,2,0.9826101660728455
4fa57a0d8b0bcde82313fbdc98a75445,28,0.879060685634613
870c352545ad85dc68f724c24b8e35be,27,0.8855670094490051
dd4a48000fb953af325d5a5d8e4b5c12,5,0.9706797003746033
4e11b9ccfc2bcdb14156df6a5651eb51,4,0.8984197378158569
dd75121c0cf55c84d0847188464de2a5,24,0.9525280594825745
c49b873b3a3c8a2613e37d404292c339,2,0.9827757477760315
3c2730e80bb6d1c385f5a2c7c69bf23f,21,0.9347418546676636
5a7d2c2d8982153c186904d2ee0365c4,6,0.9605607986450195
71733fa24a63ae234faa98c5d55a68a1,25,0.9141918420791626
3bcc1eb1d3a9c210bcf7fac724c2d2fc,0,0.9799124598503113
3cbb9c8bea65ade7f82dadbb1da3f34e,10,0.9713863730430603
2c5adee24401c1283b51bf8365718200,31,0.8729943633079529
1908cadb70930c2455466122f8e9ab8e,10,0.9703249931335449
ddb1833a4d6db54421bf971c952c5daf,18,0.9338263869285583
8ae81b79c1d4a48764d2aafff3da4199,28,0.8953582644462585
9ddbf8a4bad578b82e10c092b9d02f0d,0,0.9805617928504944
056b533b75cc6fb6f52643d4ee64f454,11,0.9608355164527893
9b12f7eb9568523fbacd71db49d39edc,18,0.9336974024772644
7f7e1677ef4f3fcd0367ef2ffa1dada2,10,0.9714100956916809
2b544a43cc0d00615c542ec726205b47,2,0.9826145768165588
a5a8ff44e72f06d2150a113fc9a249d2,24,0.9369952082633972
12a1cc1038bf523551526823fdbe2e80,10,0.9698606729507446
17da840f5fb33fe68290aa2d8e3dbafb,6,0.9561898708343506
2a44dc65c0c9857921eb52c28d3c82a4,10,0.8311578035354614
6f56c8589ac3f4a4e0c836b3577ad61f,3,0.9107272028923035
617def31a37d644257cc574cae00379c,15,0.9534515738487244
0565ca3dc69731d12fe8f1f63bb820b6,20,0.9591927528381348
6ae95a7d4d7b231e2e7021eaaf0431be,2,0.9824433326721191
24971b118ecba9cabf6d1a63b74619c0,11,0.957831621170044
ecf5a5a030f227095f648a0550ce6531,0,0.9791510105133057
0a22b6623b61f11d302634b34ec1e10d,6,0.9603915214538574
5fe877df1f14087dde0bb2ccfac2c37a,25,0.9152048826217651
d5ca9be6fa8582773e9b0b71f0b10692,1,0.9646292328834534
1546a38ee832c80da877c8ebedd97a47,24,0.9525518417358398
06c02249296f78eb9113136f1ff0228a,15,0.9526978135108948
c67ebbdbadc82c508e618059a580fee4,2,0.9811429977416992
161f93f610218c59a968c8a97d5fc547,0,0.9584706425666809
ff30b379cec6d63cc8e5fbdf6ef8a861,2,0.9828330874443054
cf433d3b10411be77336bb8df9cf6704,5,0.9655093550682068
d662c57ba1ea09b0a1f4bda1cefd76ca,8,0.9611318707466125
d566c822f093774d8f6de3b880bbd400,0,0.9799476861953735
1913173b4a9c9af1b78d77856738b2cb,1,0.9656179547309875
d1d603aea71b2622e1e8d34f0a58a79d,24,0.8369288444519043
6afa176bf90f91adde10c5e3d241744f,7,0.9716325402259827
124c2435b24c44b83f29f2dd6eba75d6,0,0.9807537198066711
c49694b5e023616fa6712a30ad9a9ed2,0,0.8141316175460815
70ccd28695ac07c33f1debb6e63eadfd,2,0.9823565483093262
21c7cd5336c18d0852a5e63fb3614e8b,0,0.9803769588470459
f7a57d99e0e464a90bb7d8b3c1f089db,9,0.9381426572799683
259293c96d1151eeae4976d9fa7a1239,2,0.5621383190155029
a71e439aa9012deb739142b052462644,30,0.45196691155433655
929b197ef04a0909b2e79c782887ceb7,10,0.9714184403419495
a3d08a2deb4e1e5a3be414a713ac0365,10,0.971478283405304
14bb205e63a7800b8d1dd9dc02943fa1,10,0.9713077545166016
4fb7e1afbdf78dc8ea7d2e606e41f18d,8,0.9616572260856628
f07cea086dfc606929c64acfb28c6cf5,5,0.7592228651046753
f5375ac28ea76678237557d4177526a9,1,0.9654198884963989
2e3822faf5a4bfec628b31d428d80af7,0,0.9805110096931458
4571eab6afe078610d48e77bcc576a9f,2,0.9811360239982605
a3ebe041e75a48b44034c708778e7ca0,2,0.9826651811599731
902e4c11dfbfb01a2f99c1a97de3c19b,34,0.913964569568634
538f565ffe9c6eccafe9341fa003e4e3,5,0.9705773591995239
0e47d88ceb53449f284d484aff26b812,19,0.9145179390907288
47aafb90431fa744a2c11ec578dc2c94,9,0.9394688010215759
9e707f6c18278bcd78f29cd7c3ebe6dc,1,0.9654103517532349
0775f70a9c96c86997be2ab94de3c9a0,6,0.9604843258857727
11b312cbd8aa2b92b27645484f2b9ead,4,0.9468709230422974
445321f21227441c3687e8fb59135bfe,0,0.9800824522972107
9a54f9e1b15672e24cd6abbbe9c8cde6,17,0.939770519733429
0d9824d57a4205adbd20ad8afa199c52,0,0.980432391166687
6a41c43063d1805946e7d1d11a553d5e,20,0.9608895182609558
f70170ed49062a965f4c8ec1d1890e61,8,0.9616488218307495
13d32da11b650dc19fefafdc72a3b638,2,0.9821774959564209
f050e52c6458ab6d789621193816ddef,0,0.9756222367286682
a2bdd0698ec208b4f6d05f8f9bcf341d,0,0.9803838133811951
f66124095a77dec02fb1f0bae06254b1,8,0.9616564512252808
67bcdd0b6a8f02e31041a5a12f6bb79e,11,0.9607213735580444
2146901361a501f76ca46c5981d5a64e,0,0.9801563024520874
efadc53417e82ea08573add8e446f85a,18,0.4097827076911926
59ad4c384b7e25a5db9f716420b9ba81,3,0.9303025603294373
3f1f4c1941f612d1a826617f9dd5f4b5,0,0.980627715587616
aa6cb428eb960b98b33202f37d9999d8,34,0.9265525341033936
af1ab1f472f960e6c5cdd6d105d07b03,34,0.9260970950126648
6cc522753f97e74c38db6a450f16fd80,0,0.9659731984138489
d7a5a5ff5d9664320180de9d28b4baa9,11,0.9613574743270874
1fe4ea85c86ed6725576afb36ed919f3,0,0.9799849987030029
2f74c7bc243968bd3b40bd4b822575dc,0,0.980233371257782
3871fbc6e1aeb8d6238bf1dd00b77167,11,0.9606154561042786
e9b069e2ad2efa2675e6b3f9e9882a4a,20,0.9605950713157654
aab5649d596d298fb16576293588329f,6,0.9582156538963318
c52b169e1acd00faf2a698e37d45d18c,4,0.9418179988861084
080f32072a4d94f42b9b55f4cba85d5c,9,0.9374188780784607
920410e02c2204c27e6c85a24193da03,20,0.9605065584182739
15014f557f0acb8fda9517d6e04befdd,6,0.9602957963943481
dae12ba89bcfb06d9617c9eaa5185080,10,0.9712733030319214
782ac86d35cf482d5751abb656025b63,8,0.9616622924804688
555dffc9fca4d8a90866fd75a2ee6b19,13,0.9626787900924683
3cec38a2d2e5dfe6ae9685ad0a3688a1,23,0.9524005651473999
b46bbc458c471096a6906f0d2ccefce7,0,0.980505645275116
ce8116edf188097bca7f6f98ae13db79,17,0.9276794195175171
f060502979121da133a71a4e99a7a883,5,0.9704334139823914
7da07b016d76c25f03ce6c092823f4b4,3,0.9210875034332275
1d45de4930f4b7fa8f3296d8f6481d6c,20,0.960811197757721
5bb80aa49dcfcf62edbca4a33a8a3b89,8,0.9617010951042175
4921a5838f1f1bb2ce315e68ef101865,1,0.9653921127319336
f3b0b85346827ab97279c0d6e186b55e,7,0.9714375734329224
4c1cdbd2b5f48df6335bdb71d0077a29,8,0.9616795778274536
c5c6cf445b5394301b00396856c01d23,5,0.9701815843582153
5de21b80c612662cf2419954ebd6339a,6,0.9517538547515869
f0fae3ec2898bb7c0a1b7eb0b020fb8e,2,0.9823532104492188
b30945ed3a0365a0a760cc7177f2d490,17,0.9368767738342285
6127ca67bb157224decbc7b58d62b735,6,0.9602521061897278
c4e980d942cdbf26412931a3950a0511,6,0.957470178604126
b0d4a5e20a1b207ecaf61eb46adbf7e9,5,0.9685105681419373
ed1fa95f0bcfcb04d93e26ab7618a770,6,0.8839362263679504
d5dd5dd6b30f971a36e8920509a89153,4,0.9524681568145752
6577763cd1a87c5dcbde71470c40eace,11,0.95899498462677
115fa6b3d05b6b14223dfcd87944df3e,2,0.9820024967193604
a2a2ccecf751a94bc1d7bddcf4f9bc20,2,0.9822295904159546
fed890fec2bdcf0da658aa35f02d803a,24,0.9514462947845459
bf617c3ccf0a33f10c9164161682fd40,2,0.9826161861419678
edec3409939bbb76f80774cf2fc39028,5,0.9700405597686768
85d192324a4bef9cdbd7db965c53f283,11,0.9609165191650391
61ea7e807b51bb2c299b1b17ed46c6d1,2,0.9819427132606506
d2502285af5b7b2f2aabaa2b6ac52839,19,0.9166178703308105
6132f3f1d828e897353bdd3302948c55,5,0.968371570110321
a9c48188f0af844ff042b21f737f2c21,2,0.9751802682876587
70af400c9da10f915158c22b248854e9,31,0.8747271299362183
e3f4ea94db47f0ebd7d17de6b4f8c6d3,10,0.9715422987937927
8d51367c10c2dea8de89e0e98c071592,2,0.9827643036842346
6bb1c72f3c6495ba64a19d6e4616b315,15,0.9532996416091919
ded414886b25973e895113f75d0836e8,0,0.6457908153533936
421011fc041eb9be974432381d4b0445,10,0.9713823199272156
62bec60d79bf9b7f2f83cad0272c72ce,8,0.9614752531051636
54f204646b6868708b901eccf84819ce,0,0.9806076288223267
4ddd257ac79700d1be508f377c9479dd,14,0.7203699350357056
6d5ba523cda34266a893e1863b6a0165,0,0.9806089997291565
30118a6862eb3eff1255d0d6cf7d168b,11,0.9343222975730896
7960c6f6974be66527ef10ecc882bea8,24,0.9535862803459167
f34a0067ee542720db8f968c2e8ce505,10,0.9712404012680054
f43ff7ec3db7d5e7217c0f1f77b1fbde,4,0.9521355032920837
a22cd024f93a86e52c81d5fe45f787a3,9,0.9385753273963928
09ffe5a7ccbc54c10012b1d465f973ec,4,0.9503030180931091
f11a0d623a1101059c2986d67815276a,7,0.9717140197753906
8b1e5244b127d0821e3825ecc803f549,19,0.9032734036445618
fdd9a86cd3251aa4514fd02b7e7378d0,2,0.9826602339744568
0f2aa651125c3d57d0a01210960e6b35,0,0.9803825616836548
c8f262248ab8bbf67a01b945936a0568,23,0.9527314305305481
b1c7ca85c3a6502c485a473c38c009e5,10,0.9714709520339966
473d2a1d49e72ae742719afe4d727ca8,11,0.9605982899665833
60f1bd74f54a54ea7dabf448f44b4b6b,0,0.9798413515090942
6498d58590e57c2c5a959394c639f27e,8,0.961642861366272
7db2fd4256eb50f4537cd73bcda466f4,11,0.9607212543487549
e416368bcdf4449ec3c65caf0f7f4bf5,5,0.9703838229179382
ebc4870b4d6afe621c8774688cbaf609,24,0.9537417888641357
638c8b21071220cfacea17fb17dc6c12,0,0.9803979992866516
a90d3c2f3efc426227942eadad6c1b68,18,0.9339515566825867
1b20ec9b4559e21684df798642b2cca6,8,0.9616237282752991
06ea18cfbac792f31356d02b436e4485,1,0.965268611907959
6124a09469c9c4a913ea020f65fb6e34,13,0.9614947438240051
54428e63ab2480c1786b7405ec566588,0,0.9554598927497864
f7742b79149bf1d33467093a0e87ad0b,2,0.9826647639274597
6e338c238a7bbb5b683ad8eaa08137b5,2,0.9825389385223389
4c16894979a990eae89c3c9165a09490,0,0.9806002974510193
3be6aca167bc2d53b8381cb68194d456,2,0.9825442433357239
625daf92faf9f549bd6290eafc932fbf,2,0.9824454188346863
628bf6d7ebbed78ace98ca6b5472b3c7,5,0.97060227394104
2beb78dc721061230d5a9288bc362866,10,0.971304714679718
d8fec685316bd7a1ef6778f3aab8a1be,4,0.9403029084205627
b525d98134f069d37fc645a5beff9e7b,2,0.9822454452514648
020a7c01c103a80f1586d2e0d5419b88,11,0.7658281326293945
0e1aedaaf4247e5d384d8cd4200bd8de,8,0.9615846872329712
43ea882d557e32970ec1e8bd2281688d,9,0.9403031468391418
dec657eac9a33bd4b01cbbd8b97a0fa3,27,0.8825186491012573
7832a9580da1a6c640ff99c8278c269f,2,0.9825077652931213
9b248de05379e887de30065075cbf513,2,0.9826955795288086
915f2d185fee5d463a289d049d692103,1,0.9630141258239746
eadb052a61efa7b12de9874ac548c745,12,0.8658045530319214
765ac03da0ca32fc20ec923397ff1c26,1,0.9651070237159729
5136ef7ccd1c0a1503bce2c028ef6a5d,21,0.9316990971565247
be9cb9ce23444a8c38e7ed9ff8ae941c,11,0.9612523317337036
5d302044ffbdfa1ab7fba03f2d9fa3f9,10,0.5370888113975525
3041cddce94f86ae35ee01a243e4501b,15,0.951133131980896
0cf5f60c42297f956f1f340d93427bb5,23,0.9515321850776672
cceec70ab6e5724c4f595e5af14538da,15,0.9534398913383484
f80575b4939f2b61ae0d76f30c46f20d,2,0.9825400710105896
086df1d2bfba7f7f3e77cdf343b48406,2,0.9827272295951843
7dc53e272857e5b07fb130f82b951f08,0,0.9804845452308655
c40f77c408573e332ecfa0bc98dcfdcb,2,0.9818613529205322
73c6aae95ff513f43ce667568df6fe1d,0,0.9767434597015381
64a88d26823a1a68176d1aeaa9ef1a98,1,0.9654808044433594
f815c678986afbdb1cf86d7aa6563859,5,0.9701730608940125
85090a3380d7c8572d6d3da99674ea74,6,0.9605881571769714
79719d8eb3b98a47da31519e773cddad,9,0.934911847114563
6b9ffd36cc50613c0601d7a44297f53c,11,0.9613246321678162
b7e6bd92ae92c2f61493f6064cd22a22,11,0.9609637260437012
f4ae16929396a89db5cd195ce34038c4,11,0.8005078434944153
d8dc2a0bc49df302ab7221552aa475b3,23,0.9526075720787048
6799fb4ee8cf23b4fd803dc2fbbaf8b0,1,0.9653427004814148
474c75df70896d647d12ccfa35c09fad,0,0.9806928038597107
e21690e314d79155e1f848fb787a6767,13,0.9620800614356995
eee8180d005dc9cea1d05081afa186d8,18,0.933443546295166
f36eb6ec7caa96e8f013917a98905589,24,0.9537292122840881
9445448e9a65b6d4deb8176c8327fd04,0,0.9779838919639587
836ad31493872ca45ff28f318b4f5981,3,0.9320375323295593
986136ec6ebccd6b2b8296a7223df9db,27,0.8864299058914185
af5194e4aa003405b84dbe22a1431057,8,0.9613698720932007
c27eb0dd143310ee5896115d878be2e3,0,0.9786351323127747
1a208b6a2fc0db0fdd68db27c9451936,0,0.9805984497070312
7d8c9e8127c1673ce8929382857a1728,10,0.9714831113815308
b342cc33089545be580e4569b339c9ee,5,0.9706411361694336
35d41e65cef30d4ea247ab0efd839448,18,0.9340673685073853
6e8b7d7547a5bc2d8d09e58606f77c41,6,0.9427053332328796
3db0bd3e3b48d7477f2661874b620f72,0,0.9798377156257629
0d1a35f936d6daafdaca022b13e0f49f,7,0.4548467695713043
02363d8ff41848f458a0f164007255b8,2,0.9827399253845215
4b7cf85c88eae18daa99624e6613e6a7,19,0.9157894849777222
b530151beb41b51c7bc9c5973ebc7a8c,2,0.9826651811599731
112c6125085b6ae5c95abe5529961cdc,31,0.8709725737571716
26ad392497ef8ee0f65e141116b56b66,10,0.9412440657615662
9076ee409acfb45541ec08fc9230720e,11,0.9607626795768738
9446217d2d6b6f1eadc7de82f3c06422,9,0.914376974105835
ebf8d5c395da5ed26532076c54023af1,0,0.9800196886062622
5409d32e6037f8afca4e05063b9cfb94,18,0.4673604667186737
be5ccb7f82bb91b96ada5926a874d336,10,0.971335768699646
83968c3f390771cf207e1f1ffaa7959a,25,0.9128130674362183
534d7b3304f677e0904334363546458e,4,0.9515121579170227
75c3b37d851d197e7a44ef1276bf2458,20,0.9535223245620728
8ce1004320298baa792e08600dffc67c,16,0.9474067091941833
9e8a1b443422262cddf16e6b22bfca3c,2,0.9823262095451355
1561ad8d35b6d1504fd7ebc19e656bf8,11,0.9481958150863647
e2183e0a8a5ea9f599dd018cc1b615f0,13,0.9621013402938843
0befb7994d35325ec38c06ce979ed63d,27,0.8836079239845276
4674204549c96febaf5f894dd5820ab6,2,0.9827380776405334
da46443a96b0c971e0ab6d00f4f6606d,17,0.9298121333122253
6afeda6cbd195475886c03d73b7723b2,9,0.7873613834381104
55518b0991bb327bfed241f5d88e9522,7,0.9718575477600098
d4efde537a486e34dfe3bbb8630a2455,8,0.9607382416725159
0b8b2ba9bafa684adfa3013a0b448be3,0,0.9805077910423279
7abd90012ca91b3f7035b288db3fd065,17,0.937524676322937
4420b991fd014f7f29f5d4768a6d7657,10,0.9710511565208435
71e59638409b10446a1ca357264ebd2f,10,0.9715296626091003
03af3d112e82e14924f575bc370b6984,24,0.9537902474403381
1144ca3b1826f459993065576e1b01d4,6,0.9595134854316711
5fb31719f749cb55e7c19e57d6860b8b,10,0.9486284852027893
e9f89c7c89a8142929a77648546d6a58,1,0.9654164910316467
c0feee964fd860d5829bc3bd5dcf8954,7,0.9710185527801514
69b599e8373f3a6f7bf0f1572ef1fbc2,2,0.9826456308364868
0b0758fa32b69ea229173568dbb874a5,8,0.9597517251968384
09dd37f937982b368ec79bffba8ae837,0,0.9803470373153687
3f98086d2c363cf8bdc29be0f1ac75cc,20,0.9607282280921936
5b5ee02a147ad276e890dc9717eb579a,13,0.9624856114387512
d89f313bf27e2b35f9c41e5452008c96,7,0.9717965126037598
7c44fcfb0047f4ac54525253eb747498,0,0.9788405895233154
53522521e6746b2ab2dd8bdddd2e8849,3,0.9053192138671875
ddbb88d932d4b029801f77260053c5d7,10,0.9714387655258179
9214fda61664f254b41ebc392db77483,13,0.9599475264549255
6385858d155a3419a45001133cc32850,15,0.3963790535926819
ab12564851e3d4df681754d10db46b8c,2,0.9826975464820862
68488eda24f3800d57e4fe29c7975023,34,0.9243133068084717
7cf5832f5434b74522bb5be66c23b022,10,0.9714715480804443
d70facc69cf8cd2c46ea5fdec9577083,2,0.9820235371589661
68751a713b1c41966576ed0c0afda6a0,0,0.9795968532562256
1cece8a970035ffcc9587e8412397429,4,0.9523928761482239
ee411aca0b690239c1ae418513372794,0,0.9806124567985535
93570ce5f886f6afeeebcbddc19d69de,6,0.9602792859077454
36c6f690c33ce9321e20646d651ea777,4,0.9488589763641357
b8867a5c861b9d63c70c4ca06ec7aa6e,20,0.9608224034309387
2eb0a38fb721ed3d2076723f8986ae33,21,0.9354777932167053
8a09349e453df64f2b2ac3fdd206d6d5,34,0.9249544739723206
2721ca5f9c37395f21ed35e803a66f52,2,0.9822190999984741
894d2ec430268d749c5043669994bffa,10,0.9516886472702026
0339b3dd2b935120a4e5a83ef9693208,10,0.971458375453949
f52ad073b7b1548c96078abe6ac3e9c7,11,0.8820357322692871
0b6198fe05aa8d9ab1b6583cc6c4f324,28,0.8940486311912537
ee14a716cf575a9afe02bba29fe2eb8c,10,0.971481204032898
4bfe50a81eef87c949cd067981467fe4,2,0.9824586510658264
ecfb7749647ce8b980443df339bce409,21,0.9354986548423767
ec4a8a3461ad7edbe14de4083f857b95,23,0.9526751637458801
8b9b34d9d4b4153d5d3aeafb7eb85355,1,0.9656000733375549
a9c55d01ba1e0deacf8fb5897d0872aa,0,0.9800431728363037
8033c4ed6de21d95ca9d46b2346d62ac,20,0.9607957601547241
87ca640e27a521b320214d860d1d250b,0,0.9805019497871399
625ebd16190860f301e17cfbfe7d67de,2,0.9820366501808167
803ad4597df4244e6f7a3524d72ee039,20,0.9606805443763733
70f79dd69be5d96af678bb5363fcf0bf,5,0.9705395102500916
99863939c2b4f6fcae7a2ed54e844dbd,2,0.786836564540863
8ca5dda75d42eef693696bde1e2b5562,7,0.9719061851501465
97b03bb9713d07605c3035743f584420,33,0.8527479767799377
376daeb786e224bdb9fe2c099f2462a2,6,0.9598222970962524
bee5477a970e217c2979ef5aaa26bad0,11,0.960961639881134
5cbbd63b7b89398ebd538ed7a88b6473,2,0.9823817610740662
ac5528b8c79c1523a1fb92584fb80d38,2,0.9823818802833557
92bb215ce0f5f28720298ac0c6366abc,21,0.9282559156417847
cad72312d90f925f1a94ae3ebe144037,11,0.9606915712356567
51e713faa2fb2299048ddd2f5e3b9043,14,0.8936207294464111
3c36a1efd1d93aec1119a6369b193c4d,6,0.9579097032546997
6464bd7a7ad5eff7ae82ea8d63e2d552,23,0.95225989818573
fa722968be8eed84ef45a98f32287e47,31,0.8771302700042725
1b24e942b65421aed027e8507fd874a3,2,0.9818944334983826
8764eebd370299756535e30fdc685811,0,0.980432391166687
2866d28e51953ef8034b7aa6a4d15898,0,0.9477143287658691
1a20041aae68efbb9e3f9adee99e90bc,30,0.8849795460700989
5ab702e5da80e68f829ef418571983f9,11,0.9608786702156067
92a2e36a81bb71116c10a3c575a31a91,10,0.9709709286689758
04e6964975d79f9dd00b245166b92245,5,0.7581493854522705
0bf5c4cdc596ebdb7560c38fdc09519b,8,0.9615046381950378
611fad34ca37e303f6baf88892c448c9,23,0.9522842168807983
aee05a640e5a603f0587fdb902477beb,5,0.9704840779304504
769f7dbb860564837e8b63031958efe0,8,0.9615665078163147
d709006f53906f353ea0b447c284c5c3,0,0.9479079246520996
ed17127e55162527b3639620aadb55b4,10,0.97118079662323
697781e85cbe3c3b8a5bc9ce918a6fef,8,0.9616401195526123
31e87dba45722422193e93a9bc545f57,6,0.9537210464477539
faa8d302ab9a3e0f88cbcf2a57096430,10,0.9714097380638123
6bc9e967ea1906c6931c234616afcb92,7,0.9709451794624329
e3fe30e882ed3cc08b5e45d45fbd2423,0,0.9802575707435608
12aff27ebc2b134d0f815db8bb64c424,16,0.9455035924911499
94c9d48d284563f57d4e7d7b0c3e7500,2,0.3681390583515167
cbcb66f0820df371fe0c901009f67056,5,0.9701157212257385
0bee958b16a1540761cf13269a8da597,7,0.9717958569526672
fc5c820f615555ec4ae6a662c08344da,2,0.963458776473999
982cd65368a88dbd85137be4381961b9,2,0.9827719330787659
c7f5b83907370cee0fd881e33143dbf4,5,0.8500473499298096
5ecb19b61a5f24234b9e2436dc1e672d,20,0.9179434776306152
d8d3cf3605595a13050626cb792fd33d,28,0.8898073434829712
ebd2a169059f0854080ab6a33700ceb4,2,0.982523500919342
152fd70f4b60b6cb561cb0fb9b62a619,1,0.9649296402931213
8b6a85036e280d406a9e23fcb5dd7d5b,7,0.9715735912322998
68dc941dbc0d6840bd5c40394156b48a,5,0.9705619812011719
ab955120274999ceaa6d50b1e11adaaf,10,0.9715239405632019
0fbe8568ca5222c2222efd9a58d628f4,6,0.9605026841163635
9c3e7103da61fe5db2be2691bd07d4b4,5,0.970541775226593
cd1cbb3677acf72adc9570a41e163079,11,0.9602327942848206
e8f642db3bc346c613db3d71b87be573,6,0.9585782289505005
0f92d427f8071495e527ccc71d5e99a3,2,0.975740373134613
be7d6a26b99f1494c3f2a16e67530147,20,0.9605762958526611
11f8f498ae250657cacee650d5af9671,26,0.8341358304023743
51ee9d21ec165be41f87306300db6960,0,0.9788234233856201
1b5c31449216e0972df48ec65b17830f,0,0.9805097579956055
9147f94378cb1d08f31edd14d50a2181,11,0.9611734747886658
a3e8582e4188a4667acd9894ef88d873,5,0.9704668521881104
19136a591aa3dced697ad98de0a183c4,4,0.9523215293884277
c8c3ca2bc36efb490566df43791045bc,2,0.9825541377067566
e6691440b0282fda05470cfe1c8d1f35,0,0.978317379951477
6174844d07febe95840deecd69fa0da7,19,0.9167715311050415
98a3e47c9a4bbaaa786a9ec0dfb06991,2,0.9810861945152283
59b6bea01ddcc1ecfef00a835fecdf3d,5,0.9701001048088074
50458ebfd20bc6bcc57a3e8fb3c19bc5,2,0.9827690720558167
e1c0a675bc8e46344f6cdc86d78fc377,10,0.9712082147598267
659ecbd454d479b0e6ba8edd9a7a2cc9,9,0.9401105046272278
e0537718cf8c44ba8e78fdb233d1af75,2,0.9827486872673035
a9df63beef604e2834065803850d262d,13,0.9625884294509888
bd3c0d748a40ad12e4ee9ae566c87bdd,2,0.9132063984870911
007efc6d3c1b9109d1a6d4c5d72d43c2,2,0.9575173258781433
523c85071897ff0111a96f3463795d62,33,0.8478053212165833
0a757bab4f0f03646d93cc3604fe679a,20,0.9601649641990662
ed0cc5430a2a9c7227573daaa0923b4d,7,0.9714169502258301
0b19cb52244d61c5b443d30c4fd196f6,30,0.9012916684150696
6b9b50aaf3c0b3214e37c625f8b0164a,5,0.9546399116516113
2cbbb037389e10f149cf97fa5c14b0e4,29,0.8940010070800781
2c14cab5deed292e222cefa2747828ad,10,0.9713457822799683
e2e7d28b2f7cf4b59076c81f2e909a56,2,0.9827036261558533
dafbb89d2247bf388272603c57fc19f8,18,0.7202881574630737
14a50c84a169653e62ca2e53bd72cadc,11,0.9566939473152161
8af862d01efc5f3a184bf6073fb16c54,1,0.965255618095398
ad593634eafefaa50be1e4b51a22d6dc,14,0.8950796723365784
408bf422e27eaf357ec93db6c736bfc9,20,0.9595106244087219
bcd6abe1f66f84b1d5cc64e635f9d502,2,0.9824855327606201
fe27939a08fe9ad109ab6cf213d042fa,2,0.9819158315658569
fe37b7863be942804eced06b01af272e,13,0.9613187909126282
2db6d108186258485d593885ff38ae9e,31,0.8767881989479065
929ad9122a25e545465eabe3d424c80d,22,0.8996173739433289
eb77542a05fc23a87dd05c997310d0e7,23,0.9526131749153137
d8ce27ae164576df86bf4ecc79ff63fd,10,0.9705089926719666
23b0fcb92eb0df7dd23d0cab80861c8b,33,0.8541245460510254
ba92e42b68582525cc21aa7d37598556,7,0.9716106057167053
9458645e3f59dc5f20c7b0e7581b17cf,0,0.9806560277938843
0893d7ed2014f1055a37e43680ff0253,8,0.9613056778907776
ca2591089dbee45a99e3874739db6065,5,0.9707562923431396
54f612e9d130748249072692c48a6f9c,10,0.9714098572731018
a9cbe17620f86adc951519a7e5e45b51,11,0.9440143704414368
395389a8997d158b3ebc6382cb33cb6a,18,0.9332584738731384
f01fcd9e73846beb94da1f210bcb78b4,2,0.9827507138252258
85bb6fcdc37d391a67e904764a14c16b,0,0.9805641770362854
1898a0c2989e75cdee0577b7f9ced8e7,11,0.9612906575202942
48242815310d7eb36b2ad6230c62722e,6,0.960254430770874
b5ae3ee8e7da54628308e90d00f99a40,1,0.9651979804039001
676b7e801cf1e3b05e98c35be9cad125,5,0.7327500581741333
8ddc2dc2d653cda72cd58189fc581b51,9,0.937868058681488
1fcc764c2f1948f80b4ebf2b19c55574,20,0.9578267335891724
d3c8ec0309d957967dca2ec64a951c81,20,0.9597527980804443
b9c01c37ece67bb369ded759a6037f4d,29,0.8939598202705383
107ee799ca06c80c8e2ef34c58dcea85,21,0.9337663054466248
b722c45483c01f2c2965e2e988d955a0,0,0.9805235266685486
701975f1d119cbd5e2f8cf326a2159a8,9,0.9402368664741516
dc9b46f236dce92c1a343b1aa475f6eb,9,0.9389933347702026
1af8a7295e31ded14d5f21a453883a10,0,0.9806922674179077
14c10d6a9e8d7392e83ed5d8ac9eabec,11,0.9610059261322021
bd16ccc63b8c8b91db18844b2d7efe3d,9,0.9386003017425537
754173a43b6a84c758da57cfb2982bb2,6,0.8108702898025513
a95860840bf4708c98e537dc97cfaaaf,2,0.9827662706375122
07f884cc889e5db615c8f915c00c87f1,7,0.9711136817932129
cfa78326e9c8e51c02a8eab73cc5028b,27,0.885089635848999
7cd232b8bce6318e88fa222b6646b6c5,11,0.9608347415924072
fdb4a0c257cc452e3e65f3f62892c192,25,0.9140860438346863
65024ca7c35951666f5aca062aca7ca2,2,0.9527168273925781
cff7e26eb9f63c1a04c08f239506b683,8,0.961713969707489
af076a3426330cb38f2230c4d25ed920,0,0.9798295497894287
232f34efc121721cd872a983c4edcbc8,30,0.8979431986808777
f7bf587cf6964de1e7f3d8ae71de8fb8,11,0.9613073468208313
bde1d31457a953e3b630678e7b622ae9,3,0.9312393665313721
4c8a5141f123424502f556b67e53f86a,33,0.8521523475646973
d4f6cbdf2c3e8650bc1282b166e6f67c,7,0.9716988205909729
7648e00dfac5a2e88df7e28c64a34658,10,0.9714344143867493
d79ae99c01bd4c87b1ca83249ee4d42a,1,0.9655383825302124
138b8adf8d0c8063062d984b931d2f0d,26,0.9268053770065308
0622fd1e291df2e4b273c39c02e2d243,10,0.9713926315307617
91c4ea2c2d9143ab4756e31b85a67725,25,0.863049328327179
449b1267904b04bc1df4d9b12656d357,2,0.9827628135681152
12092453429d9b2432205a13596b1454,10,0.9713398814201355
26480535da9d32afcd5a26590f5e0232,10,0.9715408086776733
ca73f187a55cc13c72266e31417d768f,2,0.9828135967254639
3bc604d965480f38688b2fac55ac47a4,17,0.9386311173439026
3926cc8fb802f5b265d824c39d3a7b9f,14,0.8933037519454956
ef66f4b9c3214057d3fb605b2e30329c,0,0.9806504845619202
6dfe11dbbd87db0a1b04a1a2fe832756,15,0.952793538570404
d4768d47da4578e99ab5700f058a17b1,0,0.9774940013885498
5e2c0f08bbb153f554b9e2340968724e,3,0.9309548735618591
b50204155091c6c00fb3db94f06f26ea,11,0.9606475830078125
a395e792b3b5e63e818ca38f7293cae8,2,0.9827892184257507
20e16c7a9f7ea128df08beb951da343b,15,0.953068733215332
9d8711a1d281d92b69a45c7928b81dc8,2,0.9825347065925598
07a3453940c9c2061c85f0c4e5216065,8,0.9615703225135803
47c243f76730d50ab4a8e5ebbbf3c344,7,0.9704737067222595
15c2999262530366a8cbe987de247331,17,0.940017819404602
fbd81a37afe0b766880bb99b66f895af,6,0.9601507782936096
3227948cec0189cda804f8b598293476,16,0.9473097920417786
0de2b6f26c2827e8f3187b7de1ceb3c4,10,0.9233139157295227
da7fe719ed3282e28a83d738bee62a80,4,0.9524807929992676
03f2f67082f87056d6123a37e0062e4a,0,0.980712890625
dae60bbe4c92dc4c5004c9490a6a4229,2,0.9816925525665283
c7b159e20033369fb07321da2710313e,13,0.9622884392738342
838d069453d8405862ab83fecfb52011,6,0.9606471061706543
9379d03eca42603850c3f491e1f26d68,15,0.9519487023353577
a7e0734956c11dbc5b74e81d564b296e,0,0.9804379940032959
3dc7e7cea60abd4dcae1a82609a01d46,5,0.9705603122711182
e27d63df262455071b966dc1fa134fe8,11,0.9608516693115234
c055f105e0f97b2ffba516850a8ea43b,1,0.9654828310012817
e8edb71a13b33f8e3b54a740960ef5bb,2,0.9813882112503052
4ac965165a6e11e5669edfcfb42ad417,3,0.932120680809021
da67e4c088500a1de41ff00ac0f05370,2,0.9818607568740845
87d4d9426d58a6af5c2bb0b92ce9bdeb,9,0.8881044387817383
89d421abba3cd207b7e4ffc1c32ce31a,7,0.9708186388015747
794337f5eed6ff9b3c709d798fc4f293,0,0.8135589361190796
8023fee48411cb7d981b4635944039b0,21,0.9324797987937927
83e8663ffbd01af1f310ccbeb7cbdfa7,10,0.971340000629425
86815352037b7252427ae8c78d9e909f,10,0.9714006185531616
365b216a7f1beaac3ff537c730e7862f,2,0.98173987865448
723aeca0313a56ecee775a18c43e22b6,26,0.9264647364616394
9d4a006f73704fdf776336122cd6098e,10,0.9712263345718384
5b029daa0aaed1a3ffc14f9c0783bba1,2,0.9799978137016296
56eb066095a6c737cb7a7e9882ef8738,7,0.97157883644104
cb0dc6a76db476d8fe6b0f72ca18ef12,0,0.7273806929588318
4d16b7f7e027731be4b6b0da087d03b6,1,0.9558680057525635
ed246512e5ba5b5e62cb2b888dd15acf,2,0.9827447533607483
879a4bef81dc1c8d2f291ab3d0817416,11,0.9603864550590515
8b426140169e39492d8768705a6ceab8,2,0.9828459620475769
dea7bba0365b6d2f591db891a90d5ca8,9,0.9184852242469788
8b602119b55ab85ce41f43ac9e1ea912,27,0.8763431310653687
4751433ca67e8f5e5cdd123992326f2c,23,0.8685778975486755
2972a2f3c9fc842a4ae7e845a5ba02dc,8,0.9614300727844238
7101b22125850a6aed09ca404884179b,10,0.971368134021759
02d7db3edb7f16cfd7d8a301e9b29846,14,0.8932841420173645
b72ccf755ece39d89613b1c70d4bfb89,0,0.9804757237434387
80eb649ae53ea73c3ba9af51cb551fa0,10,0.9714668989181519
8166f7a0dd7dd476ac6461d6f2ceb093,2,0.982404887676239
e89ac5fb4660a2e7fffd0a553321f360,9,0.9404172301292419
11a22455fcaa0eeca5b604babd0a0df1,10,0.968445360660553
0a1ea8cd57059af3c0e70dda050d472c,3,0.9305964112281799
7bf94152f5a9faa3d1ea9480ae91366a,7,0.971710205078125
c4237f418909cddf10a45f70f9c8b32a,20,0.9606068730354309
ea2ca7c6f79e45cf9e7ee3d6ab312133,8,0.9585338234901428
9fb72272a98356c3336e20320e7bc438,18,0.8815925717353821
16e8dfed912f2ce824a0439e46ec5eb5,3,0.9322289228439331
0cf76064472368b89fa4909bb7095059,16,0.9467358589172363
fe9aa2dc8486a4be0f88ea689f75b5f0,20,0.9603189826011658
8151509496b69a7911b2a3c37f79264d,0,0.9806779026985168
63ef972c63f637a4da251765d299e463,0,0.9804643392562866
e3197b13c8b67f56cbde11c95109353a,2,0.982388436794281
3d9680ac033340ea2036de4cc945acd6,31,0.8766347169876099
2868c5b8698cb335ba5e3f325322aebc,2,0.9827650189399719
1f256a467d438225c825ae30c7696541,1,0.963161289691925
f989ab36e9efa488cf3036583d40a11e,2,0.9100441932678223
48cc4b46212bfab9a1343152ccceea72,11,0.961219310760498
ba3dc6a0b49ccdc8f2e9000d6bfed09d,8,0.9616453051567078
470d9001eb1c1fb6d8d27c6db4c6b925,15,0.9534384608268738
7c5bfaa46746ff99fd6303d8c2f12b83,4,0.9527090787887573
04655e4e248c55e8f460a844a389730b,18,0.9308434128761292
5c9f130cb32314ffa71125fd2f147f5b,13,0.9626861214637756
1aaf8e2c56751770e28834088e508fe5,10,0.9714496731758118
cf7b1e86aa7a53cba70231066d4d5483,11,0.9606723189353943
91182c8ca94337871085519efd6ff6b6,19,0.9158555865287781
7f4c31faafbfbe40c4f2c882a84fdbf1,10,0.5812658071517944
9ff8541aa9ae5185fa52a81bfef7bcec,5,0.9703918695449829
f5d653ab7cc4106788eeb3343f855fa7,24,0.9527694582939148
0476ad092d114b158349e7b5fe9eb295,19,0.9171529412269592
c569eb6d05936a20257bbf382bbbd49e,2,0.9816415309906006
ffca543fbccbc83d77a4c746322cf568,10,0.9684240221977234
bba2241027d0fcfd5ed1b8ca2d5bb708,18,0.9337497353553772
eb73908abb1c7f3f1fc0ad73c7f80f4d,7,0.9712560176849365
7c96c42d307a5a5d628003e8d18bf6df,11,0.9612021446228027
24658d09bde2a4b33247ff383b28a844,10,0.97138512134552
68b27ee4e6793a72c2494b37c495a27c,0,0.9807130098342896
7eef035433e2a64e9480c3771eaf5cc2,0,0.9807472825050354
2b409a855577c9732b4eaa27aa4e98ae,30,0.9052079319953918
627ae96060f23d3be61b8f2f4c2abff4,0,0.9803199768066406
f375359f95d4237f9e12ebdd553e34fb,10,0.9705930948257446
91eb75a11815d7ea3c9a04b3abe24d33,10,0.971507728099823
d620ce35e9554f066c9a0553c1ff49ac,20,0.9607592225074768
22f7eedcd5168254ca4e3735204a21d1,3,0.9325022101402283
c951c7fe2ea0266c62737482e8937b19,6,0.9600189328193665
20b358403dd41c698066571e599e9aa2,10,0.9712358713150024
e9390677b5b265ee77086c4a335a23c1,18,0.8754074573516846
f9a52ccc1b6da620d338252b46c545b8,2,0.982624888420105
1d049d0e5b58a5c06055f7253711670c,27,0.887628972530365
ee3c4262f6c06fcd98d4b6591b0e5968,11,0.9611928462982178
13379a31f141ba9babc06ec7d96e24d9,2,0.9716278314590454
69b87890fda6cb4c1b685d5c34de8911,0,0.9801408648490906
ea39c81a0ff6d607cf28ba162375a101,11,0.9610123038291931
4a6350933edfb2047fa08bc06b67556e,27,0.8836872577667236
fc2cfc4dc8f21bb423122320e42a2c85,20,0.9609141945838928
0f83291dfadb2db62afd5297f36b9789,0,0.9805272817611694
f0bf5238220e70f2ed960d2c0e341e7a,26,0.9268105030059814
a2e66d51f23ee49d9ff7aa73d1d0aa0b,7,0.9718491435050964
6d32e12c7b28e1759bd78c928bae275a,5,0.888271152973175
ec5b70703524c5f777c7f18876f2ae82,2,0.9825904965400696
a916781d609e0dc36c57c899fbde3cda,16,0.946086049079895
ad186a1c144e8d167a26160773e7295a,16,0.9463920593261719
91a79a063b36bd3cd11fc5bd8bbb5e5d,2,0.9824328422546387
f9f63d1402e0ca52a206fdd282024a97,19,0.9099529981613159
e78202bbd788d7e97a1711e05b86ddff,1,0.9654549360275269
9430993bbffbfbd53c9e0e6991162b3e,27,0.8624020218849182
daa8a8fa530f9182c3c6c3aa5bda2d27,17,0.938795268535614
51ccb66c094e8d2b8c9aa2486f4b7781,24,0.9521962404251099
08e4228bce470e899984066bb14f31b3,10,0.9714120030403137
284f50db6e937066a9ae2702bdb2ae6b,2,0.9825718402862549
adcb4bdf6b363566abf77f352bb75b7a,15,0.9451907873153687
6bfda9fc1018f816b37eba890d4c6030,8,0.9610915780067444
e7049cf35709328033604044cca248a5,11,0.96043860912323
941bcd72b1de8a9a84dbd9f9e7b51a44,20,0.9605942368507385
4dde8b0f4368f3b0cb5fbf1092192ded,10,0.9713343977928162
712feedb695fcf586b99803917aea2e1,5,0.9703697562217712
f5a63dfc09b16a6c9f7c6af35e3cf8a4,17,0.9398155808448792
41b4045c0a379db434460f469378a9d8,21,0.932242214679718
b75996e168479407e64e6ef0fbf2591c,6,0.9604002237319946
3c346f2ab1d588153b149136386ad7ea,11,0.9609717726707458
f3e34dfed04dca3b9c4101d9402b7993,8,0.9614115357398987
5578f8e3e085959c09e6c1e504783f28,11,0.935813307762146
de0f894d97003776138c11caccb95495,16,0.9469513297080994
3bd56fef98da03d96ea6c0483d68b087,15,0.9487178921699524
870b646ac93626271ef97f3bff1f475a,33,0.8537477850914001
8ac307a5fab721baec4cdeecfa3b9321,30,0.9043716788291931
48416a8ec2c400055c757661002b3d53,6,0.959989070892334
770044a2c06ca9a24c00cd678ad6658b,11,0.9607953429222107
a7c4b745644b26c246d3a593a3445c4e,0,0.9803451895713806
bd8799d9619fdac43018a5e7bf8bbf3e,2,0.9807764887809753
69cbe72c8dba176c60b7151569becd8a,20,0.9606270790100098
420602b9bb4a4075d979f870168b00d0,3,0.9291253089904785
360af787bfcb71de589b2c72febf43d2,11,0.9577586650848389
423f9fae7e20de6668667b78814af28d,0,0.980245053768158
60beb989a7df2110e9699702a420f787,2,0.9825267195701599
6732e6ba42f9e7d88eb282e4879b394d,9,0.9331515431404114
880123160a279af6f2e4f6cd7679a762,6,0.9604456424713135
c9f40bba94d43ad18ecc49192a41c5ae,5,0.9704814553260803
5591833952593ecc616f55c4c79f291c,3,0.9319027066230774
161558ab0b605dacb016c4ebc9680739,26,0.9257316589355469
a83c4b35b97cb76fe41165f3653cba4c,8,0.9606903791427612
ec27fb19b06dba510dd43cda7289ce36,16,0.8963508605957031
cd0dde989050517a6f3c981a6a427d63,13,0.9626234769821167
b8382022a374da36a41b124b012dfb1c,2,0.9819893836975098
c9d5ffb3c4d9926cf5d92a4a91aaefe1,11,0.9609329104423523
1f0f1ae6b527d34d49f001f095b2d684,7,0.9715273380279541
4237c745f9e9eb951d4ca174ed469168,8,0.9614942073822021
dd2c427deba2efa132079d368d9203bc,23,0.9525729417800903
6ddb39cf5bd8fbb8d7ccaa447a556be9,10,0.9704276919364929
674c3593852b7e93c660a21c800ca57d,4,0.9509121179580688
9a68ca19f2a7ccee91c844834b1a38d4,1,0.9609259963035583
0255b3fe66c7a4b1ed657d401bf7be56,2,0.9810587763786316
1cb5ac42404fcc8a1e9980fee382d3c4,2,0.9826511740684509
8cb4ee36e878c24e499d9aa9fe332e24,0,0.9807455539703369
13e11acd3cb88f0cc24f1b6c0f5106c4,20,0.9606029987335205
eca788e818132c4175f883eda8402bb6,28,0.893768310546875
44aeadf5704989f1369db249147cefa5,7,0.9717549085617065
a086ad524063a292ac23941cdaab6c87,1,0.965008556842804
700d34ba96fa523872e62e5009b28734,0,0.9805814027786255
c009b162c08cbf70c0253487519b7f94,24,0.953594446182251
e9dc1318cdc7ec095b28105e94934498,0,0.9801985621452332
da9368faf9f1f09ef9807865949c3230,0,0.9327207803726196
59e182cf4595c6c476cd7fac158eb33b,20,0.9598838090896606
1b198283a053112a5c6000df2b441b51,2,0.9825860261917114
b404c8171009924263fc9bf9a7bc15da,0,0.9807195067405701
ed0b92012f094f6196d68747c5f03788,8,0.9615585803985596
4030c54f59f28f7ce074d004c23da761,16,0.9468963742256165
d4385dee0d30a181210d57b7b5b8113d,0,0.9806796312332153
93877ac77ab1f5a95788ab827a586fa5,31,0.877036452293396
44673ebc5f12d92b86091c94782816c0,12,0.9238463640213013
f7440b5bc4257cd875324a2ad8490428,0,0.980442225933075
05ad3b433a8e79d3562e0e03ee07e216,1,0.9653021693229675
522e7b9bed82e433c3c422ddcda8db33,11,0.9611024856567383
08add0fa97a7fa01c32fbca7df752a71,4,0.9526726007461548
4fb6d9f7e32706484e27947afa2664a5,6,0.9603142142295837
983f21925ed8d70dfc47c9248c1cd5fe,4,0.9520326256752014
735b60e0b0bac4e559280ca74b2c8479,2,0.982624351978302
3df663dbef55f951d852f92eb60387c1,10,0.969761073589325
a0da28238ac04baecb7d634db51dc6c7,0,0.5032351016998291
3a0007c6df6c927fa6730c37fd008511,19,0.9133065342903137
70d324d35dcb88ccf7c373652778a20d,2,0.9827666282653809
2664cb1d8583b88b7a68b7727ebf7c8f,11,0.9608780145645142
d12a1ecd46dc7f894fa08638190de839,2,0.8957124948501587
eef886f1856ba2b1c93491a566cef8ad,24,0.9524816870689392
0475b288a14456970afe74ff60a11009,5,0.970466673374176
d8ab5aaeff88123223cbd18f90871938,18,0.9321705102920532
b514b031b5e50a5706d7751c40c31a3f,0,0.980398952960968
d51be474883304ab7e2c81f6a5aae532,5,0.9702659845352173
822a068d65decf83f04b7153bc38d399,8,0.9606311917304993
631302143a9c205a76446083cba64e27,17,0.9379574060440063
31362366cafa2e432cf49e0bd29691bb,10,0.9675151705741882
1a52adc08e925e35cbfd2e5415cb2bff,2,0.9826515316963196
d8ffd73e3d235ef3c80442cc694de6bc,11,0.9365921020507812
1b106c127f335e54f8c2776c7ec519c2,2,0.9825347065925598
8a855047434affec0f98d205e6d6757c,0,0.9802031517028809
fe19ead5a7d4f4ffc0bc567ec15c64ed,10,0.9712594747543335
b38e8ee41ffd152ddbdc30ac80d7bbb6,8,0.9613075256347656
8decd9884951acad6ede1be82918d91d,5,0.9704694747924805
75a7aa3dc0f30db8f7a707f773060659,23,0.9521958231925964
a4962a15ff45740543d33e67f552ef03,2,0.9741824269294739
5362ca28e2879af66c9fca1bccb6ab75,5,0.9702717065811157
675222dadce31c9a2d67acf2a2dd6f32,10,0.9715089797973633
297997bb4a6f434ee2548e889f27612c,27,0.889214813709259
c1273b298ab94aa78fe5b0af7187b9bc,10,0.9706172347068787
8e0d6491da1b659f0cb20216f73532ee,3,0.9305070042610168
27bc82c82a867c324aa1360a5df214f0,5,0.8728088140487671
7c50f4059bf0a2bd5251c425b3f8a4a7,4,0.9521353840827942
65aa0af5656f556d4e7aece4c868eef9,10,0.9714070558547974
61c8ca1d363111aba7599cba2bcec5be,2,0.9807741045951843
a4ea944e0ab58cbb84776a5e3c7c54f4,7,0.971744179725647
f3e752b3ae5bd6cc9df5d95196b108f7,2,0.9826247096061707
ca4416db612fe3b66c11caf8efde0ea4,11,0.9543886780738831
c28aa7599470085be3318ee21a61bdeb,11,0.9613337516784668
c6a452b3e73277883ad35b1415cc3491,13,0.6032058596611023
21e80591ba0aea4274e74129f777032b,11,0.96112060546875
db6ccb89520ae7ac0f007b06d2273002,7,0.9715139269828796
0151f3cf18e5afe77ef676bea9e2895b,2,0.9826985001564026
3ab3b93505f90dac5fea447a7118ffda,2,0.9825453758239746
72e9f40d6edcfc25b6f9ccc5a2a4df4e,11,0.4232199490070343
ebf4ec35c2f3ce71cb092a0790ebd4ec,7,0.9670864939689636
e9f6e3e1b597b6f5e81365a958aebf7b,18,0.9332718849182129
a65fec5a930a9b61f4e85e78b69d450f,16,0.9465364217758179
2b4958a82e07c3aff6e6e05eb752afb5,19,0.916772723197937
dda29fb3ba893a2e1d09b028b6ff36e6,2,0.9779244065284729
3d03028aeccd9eef7dd5c211685140ad,9,0.9404596090316772
bab269323589d4d6882c7af7ba6d1450,0,0.9803708791732788
a8e4e389a7923e5c3532daea625f5ea4,26,0.9080659747123718
c8e66c5cd87e9020c11b8999c685f5a8,5,0.4013141989707947
03ba3d38913da3281fb1f787d7b40ca4,25,0.9148898720741272
32f095b1a8a616b42c390bf93d0f3ef2,2,0.9819719195365906
68309624aaf5e484925be96f98e1f8d4,6,0.9598866701126099
b129d7e6ecc8e40fabad103dd4fe35f5,1,0.9653168320655823
9db23398e64203ae59d59181d08dbb95,1,0.9650000929832458
86d03d27d6a2b5821811651865e740b6,10,0.9710991382598877
7965d1f84c130915f4e4b617f7e14ff6,26,0.9260438680648804
ef22c559abacf4a3ed6729db1961e8bd,10,0.9714562296867371
dcdd05629e8d56000f0181af859592d9,8,0.9615806937217712
3f63a6a586f067ac3ceeb4046429094c,6,0.9602929949760437
6b35b067deed9f7fb6b5c504063a7a1c,6,0.9388739466667175
77b0ee4de5568df99c662a02ac845790,11,0.9612034559249878
b1248bb189b280ba0bb43752234eeee5,13,0.9623827338218689
3ec47a4ba84db82e2648bc32b4d8c77c,26,0.9225446581840515
5d5c1114c6d7c2781fd01b378b821123,2,0.9825177788734436
5024fd9960a57de185b32dc635e61c2b,11,0.9607599973678589
33cae8d49d3687c831f76e3ed2ab0fdf,0,0.9804797172546387
609fc14e5311d8110601a675ca564406,10,0.9713730812072754
b3ffffef4d81c8a2913d37fd2ca1f440,21,0.9134917855262756
9290c896eb251abc087419f57c45b988,13,0.9618222713470459
99f00baf6ca58ea826a48e93999e1204,20,0.9603618383407593
c85cd712b6e78bcb1e9bff6c55334872,20,0.9606072902679443
1421ba880294f3f923221aa78730d2e3,2,0.9797931909561157
e6d3e52e87d7fc258087aeeb8dae4328,1,0.9655280113220215
827fe90c1fd16068b709aa5170c08b46,8,0.9615020155906677
b82e57a1a85521f2093f3b3071b473dc,0,0.9802404046058655
1cfd90b0d383ee3aae229acc48eb85c3,11,0.9607129096984863
f03db05232818d5fde9799a93ad4de12,20,0.9596260786056519
51b4879ffff5c1b719e420d67b845c72,2,0.9825747609138489
9612d5371189da82aa77485b83fd2d24,0,0.9757180213928223
901d5ce840f44847f778a97582d6930e,6,0.9583863615989685
99a6ffd14141c8079aaa43df3ef85775,0,0.9806751608848572
f5644eccebbe090d9a9207e7671cf4ff,8,0.9615507125854492
0d6c212e8370223419a68bd42d5dc468,2,0.9825056791305542
8b3c68c6a9b0505a990c1b0ea8817e31,20,0.9606364369392395
4b9c02fe50b4ab48464b5d6dd95c23dd,4,0.9525547027587891
d9ad69e3e1177e7d683eb2a7a3aa1763,23,0.952412486076355
158d39dc78066aa63d813064d837c3da,15,0.9532358646392822
2eff2a97b076e8753d4fb9b93e837e5c,8,0.9616879820823669
5dbded2960edbc952920e418239da563,8,0.9616605043411255
f57780fd4814e9628d1ef0b6b92e6bc2,7,0.8919705152511597
8761e7bd1d2b018d1fa43d89886c24b9,13,0.9621090888977051
e6161b87c6c870b4c79a89a9cd21c2d5,0,0.9802069067955017
1eeac2ff88022904a726f3b25a3feb94,2,0.9827739000320435
9fb34f89d286c031b5ef478162c0cdb7,17,0.9238407611846924
6600a2c24a5ac970cd1fd02bc320ec23,17,0.9135521650314331
4a61c7aaa2c80a1df4a2d39be10e2bd4,25,0.9144095182418823
f6892f8542f281d9cb90b6dc7e081e00,21,0.9336784482002258
092a069c064f63ee2c43a6ff1c230f0b,17,0.8870632648468018
299f5dd4fcb99026bef2e13f992fc61a,11,0.9607222676277161
66f59ab58e8944a33be9705d0aeef890,27,0.886731743812561
2b9a0f920d81778dbc77b9a71743828e,2,0.9759141802787781
eab2f11c42ed1df4ddece1bcbb0e7be8,2,0.9813429713249207
ec32387ce24ecaf6d497e04c9729d99b,2,0.9826416969299316
9f8620bcd18dcd0449173820b48f7e63,0,0.9788854718208313
1a0132e40e1afcb99f3cc0cdb557f3fc,20,0.9607838988304138
55d10115bd053ddc3763a2bccfe0ae41,15,0.9515715837478638
6b21d284dfe1652855019efd4eb981bf,19,0.9165893197059631
c77f774a5264e4045b7670e415bf4960,11,0.9602790474891663
9dace75fa78276aeb45803dd51e1ea73,5,0.9705545902252197
51e02a35da13d635995aef67d1dc25ad,8,0.9617017507553101
dc58c76f32f2f81454ff46dc3a0bc203,2,0.982388436794281
0a373838c04d0fdb431f5e765f338311,11,0.9606111645698547
658e68433fcf17be8bb5332e9b8ea3c2,8,0.9613956809043884
78801aa9f73b89760c2b35ed1f3393ef,2,0.9822251200675964
e815ecf246f099c0c9d10c68421a89a1,7,0.9715476036071777
7056bccf3dfbee0ca268534c17cd67d5,29,0.894178032875061
eb9b2e93fad782f2ce57b778634ee2c4,13,0.9616275429725647
9fcd201c475ddca95479dfa6d412f70d,14,0.8632678985595703
218087821c47c2d969a8edcce72ddd64,5,0.9702773094177246
c449c55c699c75065fe6a1c84041fb3f,2,0.9827799797058105
89d125d0bf7e44e912d32281ea742660,9,0.9394792318344116
09a52faddcd14dd29af279e828f0eec2,8,0.9614179134368896
909897d1604f7dc9f439698793591ea5,27,0.5427111387252808
28aa4096a331358663d4c1cd054a62e1,30,0.9045849442481995
02b877d6d34c09954d37d5316dd95b14,10,0.9710242748260498
27dff6cf4fdd328e716f341810535815,15,0.9300143122673035
2c5c8f3ea86ea691253d0992ec13106d,17,0.9342942833900452
1ca9857f450b2f5e43bb4c22040dc91f,2,0.9776784181594849
add6322d138b42be1eaa4c77ba6c0a64,2,0.9817356467247009
667b9dd4e67880cdc6f037200774e407,2,0.9824929237365723
d34ed5fa0cc08024f037d2419b3f9baa,10,0.9713020324707031
741091e7aad91d042c31ce88925cccda,0,0.9804354906082153
675f5f0703a383570d65ec23cc7a75c4,16,0.947060763835907
1a794f157f7923616b5cfaefaf0b880d,2,0.9757581949234009
bf21944d86b62757c647ed220db0e449,0,0.9799745082855225
1ef36ca33ac8f0a9bb1206698192723f,5,0.9705516695976257
4acbca2ddedb40c1e2bfc406ff5c302f,11,0.9606798887252808
b0675dc4096db29bbd648bc3686c9a82,6,0.9572465419769287
5b8d17ccefc12c005ff21182b1f3899c,10,0.9714159369468689
78dcb50560580685cb415f18d013cd92,7,0.9715566635131836
42a250383b76962b823176ec8e87ccda,11,0.9608827233314514
568804effe2394dbc4343445acfe265c,19,0.9019018411636353
4c32f5dd4c5145cb952440a5270a8445,2,0.982808530330658
c65f1350996a1def1959f04e6bf5adb6,6,0.9588009715080261
867ee2df69ea2f9961858318694be834,2,0.982624351978302
e40cfb88f3b570a190d1bee992fe4c87,7,0.9321133494377136
f4e5d104e0dfd1d320a29474dc623450,5,0.9703629016876221
a2720cf341133becada18030fa011967,21,0.905608594417572
52120a8e69e799c510669aea403fdd50,24,0.9534096121788025
95d513dd67e6361a8e7e4792f7dd7a63,10,0.9707469940185547
7041c943d6b7bbd38a4eb3156bc4b23b,7,0.9719521403312683
7948c60f0f2e6e6c29e4bba022bc350f,4,0.9523899555206299
f46503a2e79595d65607284315d704c7,2,0.97580885887146
e4a907fe511791b56dd856bc7a4e50aa,2,0.9253823757171631
35e7f3d804b5350ea0e182519b74fdf0,14,0.7535330653190613
95e89bbad5d4f8590a9b77434e8dbdb8,8,0.9615764021873474
177445c36afd1af065ac6e9103769951,2,0.9823105335235596
606d3bfd22c932dbc0548ecad890d00c,0,0.9804620742797852
c81fb42ed4d904a06b01e724b6071488,2,0.8499788045883179
5c2690ae3954573ec2d97a9f9b539784,1,0.9656553864479065
efcced65cdc42c57ba6d11c5b71fa671,11,0.9592682719230652
cef3bd609045c5920377327e5ea5f758,1,0.9655407071113586
0bc0f0e2166fb5801f0036713e32637e,7,0.9718461036682129
bbc2d1e2540d050061a920468701447d,1,0.9650941491127014
d4f5af958da30af9dbf5cf8ebae02daf,5,0.9702980518341064
f51887fcc94565e00ab1ded66206bc46,2,0.9827257394790649
65cce5be7e13143a1b98786dcdc182fd,11,0.9147259593009949
aee6e3810ebab98f0ee2cbde07cbc1b4,6,0.9559239149093628
1fe8fc8bd31a8f403f8bd847176770a8,5,0.9513807892799377
b014ed76365ce6c57f74877902a7dc20,5,0.9699882864952087
a595e77002eb1823fe3e934365390d00,10,0.9710009098052979
d9aac931d480f07686ecf4e79fc64a5a,2,0.7087084650993347
0449f1d62ea514a7260b5ef47a540f84,21,0.93227618932724
17fad880fcbb50f60bf4291df63c5a2d,34,0.9244822859764099
416958e0aa82c3c6a874000b9b91363c,2,0.9826714396476746
bda8792573f6a72cb9c6398915b25be6,5,0.970382571220398
66849ac61a8a40cc6a4da9a08fe25f90,0,0.9805524945259094
3915b12399998930b0f7079ce392daf5,17,0.932084858417511
dff643f7c0e3403593802bc58acbf9ea,2,0.982725977897644
561ff3933f6c74dbc821cbe9aaeb39b8,26,0.9257084727287292
d136e89298a2380cb923fa48c979d226,0,0.9804403185844421
2cc1ae4fbe7ea1a50ae0fb0df4c27c1c,25,0.9132352471351624
b5f058f45f7691b5973cb33cfd86c37c,5,0.9611402153968811
61ee360346574be456cfcf1a0705f155,2,0.9819506406784058
45e5a88327a172bdb050f17dc21bfc7b,10,0.9713828563690186
5027080981579b37d934dc840222082b,17,0.9382776021957397
43f9aab7ed246e1149b4425f530b080d,11,0.9250315427780151
ddfe29dc3430964ac1c245de12aa5002,10,0.9195051789283752
e8d18a89d78d609a9d6fda024cbaee8e,2,0.9822500348091125
5e31caefeb792fb28e0f0db9d07a1c4a,5,0.9703271389007568
282e69e3fa385aec7eb2c03efdc3fc34,6,0.9559133648872375
f72ce38137c82278cf85bbc37806db11,7,0.6655910611152649
2e8219aafa1cb34612afb1b862e4cff5,2,0.9827507138252258
9ba3e42470f1df89905c25f906e1e979,23,0.9390669465065002
c3d4e370aad5576e28faedfc21f43ca7,6,0.9216132760047913
82c4efffd20597d06e3ffdc9ec7cdc97,27,0.6636797189712524
f42e9e97410d8f48f28f848be05d92d9,0,0.9806970357894897
3cdf31671ed0a0de61943c1866f43e44,16,0.9459865093231201
296f7a3629c86c7ec0e02d96d5e6858a,6,0.9606438279151917
a5f1191162de6a9b264cc6525f5eba31,0,0.9804695248603821
ae8172b223e9bd622d6550cd9f7c2fb6,2,0.9827437400817871
d6b21f278a78f328554f408fb8cbdb19,2,0.9825261831283569
3e7f94573aed29eb6fc155803524e49f,28,0.8892671465873718
76444850c3ee2e0d742bcbf3723c0966,15,0.7111645340919495
54e5b16922a9cacaab8f190a7ab0f951,0,0.9787676930427551
99bb76263ccc19bb517cb5ef9da1aa09,10,0.9711867570877075
fdd8d59c4ee71e8617b525a5600741e1,10,0.9707967638969421
1f81164896a2c5cfa823866f7289a6c9,6,0.9602527618408203
f7f1d24fcffc67f3065a34effab84c0a,21,0.9349058270454407
d4bc8ed91aff92ba94afda52f27754fb,11,0.9611847400665283
5622bf9e43144604d5ee15422cc98b7c,5,0.9705004692077637
89f280df1ca2834d64b32a5ea1b4353b,5,0.9695214629173279
7622c1433aeb9584cb25337f8641e5b1,5,0.9704654216766357
4d124a8c59918acb9878a8f50303112f,5,0.9705454707145691
37a68232057d112bd8b0e54f727389b2,1,0.9652015566825867
5a6806ffc63da0ac61803a8921cde911,1,0.9656478762626648
24ecb6d12b91e1af54ecea732d3b4de0,2,0.9824050068855286
95a0deee7081f9bd80122fce1cf5c44f,2,0.9798657298088074
c889629b387a408c2623d6f0cfa25d4d,13,0.962334156036377
de880eb14d2641be07b9781097e284c3,5,0.9702219367027283
e775e314cabda7cdcacca9ede4d6b9f1,7,0.9687939882278442
345de6d53ee1dbaf6dd8fa2576d8d394,10,0.9713041186332703
7a0065239e15193de054db8a834e15d6,2,0.38291746377944946
f5bb5dc5944c5e4748fe58645e76f27f,17,0.9365066885948181
2bb28f67f2bd26d1cec082d15273e93a,15,0.9534866809844971
2048b7878b572c80affc3756cc54e22e,8,0.9606376886367798
a01dfa8bcbf6008318eb37b0a394cccb,10,0.9704704880714417
4aa42261d3dd34ef2583e0c9893373e2,26,0.9259332418441772
c8fd5d40d8f0bf1d20a4779cebcdb508,2,0.9821656346321106
625efd8a74ce25302581caba041cbf8b,0,0.9652714133262634
757e6925c4f3a6107e930dee289782e1,11,0.9609562754631042
c01ab74afa27e39e8abe339234562887,16,0.9466138482093811
12b09bb03a3f81d98cb34107f2505054,18,0.7690555453300476
755c84d13ba09936396bd267bd2dccb0,2,0.9826791286468506
c12fbed3538d188a58054c6de6de5090,2,0.9827280640602112
9a5a72fd52a5453bda28ab2401ab900d,10,0.9715064167976379
773d7fea68af9abde32de0c8f56d0f97,6,0.9605157971382141
c83dd2587042af2a659184af777ed7da,2,0.7715215086936951
4df67e1423bf091b79ee36ed3f510410,4,0.9522258639335632
97191b62eaaf262fb931b4c1a0179810,13,0.9624859690666199
c8bfca1514250aa8d881bcf9565d9587,0,0.8926227688789368
96155f3cebf3827a5b9aa0a1d7f68314,10,0.9712485671043396
fb5cfdcf0db642fba8b3a889f8ea7a66,25,0.9119251370429993
534ecb598ccfd4f10bd63b6e30e4f094,8,0.9616385698318481
aca07ec2ccd43c6f864ac3aac4256358,2,0.9815572500228882
c8c87a7f1e4773eeec62abd261a39a3c,10,0.9714557528495789
002350aaa4a5b9f9ac63be215fb16cdc,5,0.9703274369239807
b82a4eb0e2cc070993e863a9d81f63d8,7,0.9718262553215027
238176dcb8020a672a7baaa510f79e84,2,0.9827954173088074
0d25ba9512969b8bfaa7888fa7329f78,20,0.7614501118659973
311866d92bf106451bc0502687c505f6,10,0.9686676859855652
7920f65ee7294bcfdcea6cf35c2f27c2,0,0.8372433185577393
ee0bbd966033c5ec6c651a9e6096504e,15,0.946640133857727
11563fe0bbe9253e7b5d6e9c751ab414,5,0.9703637361526489
dc8355d55014f6e0e71c61aeede8ab07,18,0.9334378242492676
82cf8ddf8452fa355cf8855382997865,15,0.9529722929000854
b41b4b7965c03aff2b553671e7fd6157,2,0.9828172922134399
542a42bfddfa47647db3c41cb688af95,23,0.9527307152748108
a8f458f6eda155bbec3883b1707e3b45,2,0.978185772895813
3803f85a37cefa97bbf43ea1121c9b32,2,0.9826457500457764
5a5745b62bc3db1a3d0d1b3f41dd4b15,8,0.9615833759307861
aa87edee7a8b005dc4ea85ec4c3cc8f5,17,0.9399928450584412
d5c22264cd841462c255cfeddbb9e4e7,18,0.9328143000602722
cc0d0be583d022ed10da181f650f9a42,2,0.9516579508781433
b03f993737079800c7c7309bd5a438a7,2,0.9825459718704224
91d904618ccce5564cc5bf571342de56,7,0.9718732237815857
4a3b8600ebcd9f8507b6345838016e3c,0,0.9803162217140198
fe68951addca84d82f8ef711ece068e8,5,0.9705079793930054
e51e1ba8a56914d31d5dc6d081855f31,2,0.9825222492218018
df771345dae9794ff79841b5344746bc,5,0.970007598400116
a0f4b27cf9a0071e04d91b0fddfa21f9,5,0.9671035408973694
962a331fd3fa7c7274204a62f128cc52,2,0.9825657606124878
d32e25cafab226a2d4ff7c77a2309b3b,10,0.9702041149139404
e3b1a890d19da6a01239e1264c32cf5f,0,0.980344831943512
ae11c33846401a9a5765ef6a58239635,5,0.9705882668495178
fbc0a396ad423c6036793df1c8c0b835,2,0.8031846880912781
b8fe314e8f7c30ce8496e114a23ea730,10,0.9715591669082642
05ba08058a99ef93ecb4568f9d079e55,4,0.9521603584289551
0543281909f113abfc63dbac07d76f13,21,0.9315417408943176
9018998948312d9b3edf11dec503b7d9,15,0.9066505432128906
cd64c2556e5ef4b3199d04c9b74b7955,0,0.9341846108436584
2f759e24db4d3607152c0613c4b032d6,11,0.960990846157074
f06663016de9e9f73139e704c91b729b,2,0.9771177768707275
23b216d1ed38f7e69854fecbc20b4dcd,10,0.9678871035575867
e60d9030687b5c6aa287463a9a4c05e9,5,0.935725212097168
0b65d1de84dbe149c50dac226316b507,23,0.9524497985839844
5b10c45d426fdb9f0ca6287143d85386,2,0.8580621480941772
9afe5e717dec83fc230e880c82014560,10,0.9714610576629639
49a7f93e52d0025b483f2e2793756818,20,0.9607328176498413
3e8c422d486edd7f5994ad0cd53b5a3b,0,0.9802231788635254
52818f70a74d92b3756cb591ef22af02,2,0.9826774001121521
2c17430e47dedf43631db22218cd83e0,16,0.9474042654037476
e396136c8e99f1d18b42cb70a9f6b1cb,20,0.9593329429626465
1cd436fa81d38a19e63f4cf4f2169575,24,0.9514904618263245
25fce71aa5b5e66c142f66bc7fe32f2b,7,0.9714241623878479
2046986bcb9e10e342b65d4d2332f079,11,0.9610041379928589
a181d945c8878a75225642aa8089463f,11,0.9613586664199829
5c00c545201b68263781b80ddb258b62,10,0.9714862704277039
1ef8812809c77b519a7da185a77111ae,2,0.8628455996513367
52dbf22d8990b1555083afb0131251f4,19,0.9152910709381104
63cab7d0c8a56972972ca8f3de7efa36,2,0.9782997369766235
8e5ff543be10f47bea109197c677c11c,10,0.9687045216560364
a2300e68a623c09b698de88e54bdf87f,11,0.5602133274078369
0dc6a42b10f7791c4a8e8143731685d9,2,0.9826853275299072
9d122444c69668ef03d7ec818f210c38,0,0.980478823184967
546516ece54bc449a443a2481213594c,5,0.9705789685249329
2cb5bf613b817cf410ee0cd0f44a2b79,18,0.9338976740837097
7a1cf19d312910157efb109f27942069,0,0.9805190563201904
422887a100798c2ffd004d8f98375dc1,0,0.9802605509757996
a952872911f0b76e5caa06dcf48c7778,11,0.8190619349479675
0b9a33fa1a53d87690a967c00dad7e3d,0,0.9803917407989502
912dea08d8451a08d652969f0647dec8,7,0.8949878215789795
93eeb93bf899e116c172ca40d6bc5e80,0,0.980319082736969
6a522da356c4bad002677adc3005f138,2,0.9826065301895142
b52e99711f145beacce80f9c21fc769c,5,0.9703254103660583
2ca39f856d7a1c10db453167c7414ba8,16,0.9473602771759033
0c69d9018afe971e20bc1708f2cd39d0,11,0.9490125179290771
9c4641fd2de01738f2c0125ebf58a745,13,0.9503569602966309
c589e764abaf43d8a0459d0765897914,2,0.9827253222465515
3278fb31ede2070bcdcca150b8f4f94c,34,0.910354495048523
1abba7fc76469b94aa3b8ed5a27cf53f,4,0.9500447511672974
4982cb255349af31aae94cd87f2e4515,11,0.3718048632144928
a891f9def686aef1b14d0fae9031ea1a,7,0.9715965390205383
8dc47497433497a9d60dc0c4027b5f02,9,0.940367579460144
10d623ab8aa3fc33fcbf95d52563d23f,0,0.9805164933204651
21d4f22085b0b4edbdaf7804e081e0cc,0,0.9799768924713135
dbe16874f539f5afd3448c9e57cf611e,21,0.9265083074569702
fd4fb1b4745f09d9d41fb29a16d3d6bf,5,0.9706681370735168
46935ab161be95349751681813e62acf,6,0.9553580284118652
05d3ea00da5f718b924455b0b223bda7,2,0.9697406888008118
1b8ffd4d586e75c32b4de721bf7c77b5,6,0.9601857662200928
5071bfdd2130f13cb737c0825e049422,7,0.9712886214256287
832475e57793c66ddfc694bf274c374a,24,0.953470766544342
28ed88498634795ba55a51062296a754,2,0.9827644228935242
18d8390856d12e4c6e6d2920004ea665,12,0.921764612197876
ce8509b0b5845834381694ab271ef58c,20,0.9607813358306885
65a4a1c3801f794587cb1839cb89871a,5,0.421104371547699
349332a0b69aa5e393cb88a6a6ac1acb,1,0.9651378989219666
c4cbdf646031cb975c034563e8a1974c,2,0.9822452068328857
935aa9292c64ac5f8ee323f7ff3d9aef,2,0.9802230596542358
df9c918787248e0aca4ff5c1fdf34ca9,5,0.9680128693580627
ccbca43cc18592ba5ee1f09a5df805e8,11,0.9611454010009766
294c725218a5b460f40c084f7bdfa26c,10,0.9328774213790894
b373ab4f2b372086ee5b1d39a4d33e06,11,0.9609938859939575
3e619ac415bed0a7fea55c6153a66aad,1,0.9651349186897278
0bfab9cf3c62cbee926929683e9591b1,16,0.9468633532524109
93f91cf97ae0ed0dfd34b4dd9075837f,14,0.8983550071716309
5de931ab49ec4f14ba36673ea91271bc,3,0.9323043823242188
95e30df4b23ea423e8f5c404062bf4b4,1,0.9594186544418335
8124a49e11ca44c196c76e68b62c8e96,3,0.931320309638977
4918b9679b497211d729d92eca2df171,3,0.9265949726104736
f2e43387e7c834bf3f529aac75ff9d86,2,0.9733191728591919
6e1b97f5ab29f7e1f953509c3336bdde,11,0.9611313343048096
b866d9b536d3993cb6c82320c7385e69,11,0.9606712460517883
397ad0b77b4af43383ab9c5ef18c85b0,2,0.9796137809753418
8d834aefb7d849f145118636dba8eedc,21,0.9318795204162598
dcdbdc7e7278ec6eb9017b15a2ca1a53,15,0.9463702440261841
af833358ce13713b1dc52893956e2342,10,0.9712692499160767
d26143ecec95d4be32ce6e1421e17d9c,10,0.9715223908424377
5e2312a2372c329c6edf8d7f5de80bde,11,0.9562972784042358
937334009d56e86b988d7cd32415c60d,2,0.9827606678009033
18762a1a862245aa822acddec401fac8,0,0.9808323383331299
24890f4b380e65ef6974f7e35df19b3e,2,0.9825435280799866
8fb732e5cad12177dd758669d5a9118d,10,0.9713432788848877
8de6e2486a9847264bb3a2711d9f9aa4,21,0.9283009171485901
17339a774cd9751fcbd75df364afe7ac,10,0.9711332321166992
c51b81d6713032f7f1800d6eb606ec3e,8,0.9617199301719666
5ec429517e4aa4e8884d4e6a6521bb4a,28,0.8967705368995667
c6fbeee0708b12a6fc277b4cbaa40ea0,0,0.9805977940559387
d2ef4fd4eb189d9594629fbab63a67ca,20,0.9604887366294861
9bf12955d75ace7a853a1a22da9adbc9,20,0.9605318307876587
1f24f7344e19e167c86ec50de01eb153,2,0.9823600053787231
b9aebc46bf7766a1e948d23babda88c7,5,0.9705588221549988
d1e755b233702b3187efdd9e1017b261,0,0.979676365852356
c7e6f6cf3357537e092d5c2d21929350,15,0.9511564373970032
b163637f6e9715e13b0042ed517826fb,11,0.9609832167625427
61a7f05cf7c3d600d852fa6527edc551,4,0.9522802233695984
c74c556b01ebdd30608e96dae058a69d,2,0.9809158444404602
93eb91d1c0bd8ad3c540155018c7d4f2,2,0.9759008884429932
97685d618a1adabb6ca937809c45db6e,13,0.9624834060668945
b10014eca6cfb216334f8c175c96962b,15,0.8412084579467773
a4ef1435c3939c386f4115b338257533,19,0.8757820129394531
d3029e7a59d05efed65fc25a6a407899,2,0.9823291897773743
fde1b3e3d2671869e06d9967761ec980,11,0.9559872150421143
99e7358efa3e9ccb02187e75fae37787,5,0.970339834690094
c147ac017bf7b47b6aad33c9684929de,10,0.9710361957550049
6f3c05222a696da5debf8931aa82bc50,2,0.9744857549667358
8e44f15614f5906d1d4fa54afeeee1c9,20,0.9604792594909668
d5dc49003b3bdd825067c723f9ea65bf,14,0.8961725831031799
237c192d1ca0502499f9cdb429ff12e0,21,0.9350720643997192
1c1548895fd8f12127f9c37d3eef434d,13,0.9413849711418152
6f57517e8e44e83433a090ce3c0b2de0,1,0.9652747511863708
ae33df7b41ec4b305f0b145ce508ac10,10,0.971236526966095
4ad589cbb89e4e8e3bd58d76581e4548,7,0.97188401222229
71c763ae031af95b2714998886f58599,16,0.9453036785125732
14cdaee3fd440f0a55723794c8d07289,13,0.9298160672187805
f412dd99d31f436064b5f3cda710bd9d,0,0.9799895882606506
b9f1ddcad189efc80af024b86748f985,10,0.9716110229492188
2edf4c4718dcb69720c0be7068d340cb,10,0.9703388214111328
72066fe78ff56830bffcfbb8b3fa3680,9,0.9381354451179504
afc5c79a5bc37ac39a30368e6e5f90dd,9,0.9402692914009094
0975b083aa3b0bbc8e9aaf362566947f,26,0.927556037902832
e66f1b64f3bdac1956a0a275e2cea9bf,0,0.9804075360298157
83b36594a9ad39dcac8de3e60192daca,8,0.9566078186035156
ddf875bca7466a7ccaa66ceab101578f,2,0.9813164472579956
c5f5b77c1cdc4acf5c42abd4f72173c9,8,0.9616233706474304
c7523c8b61b76a23afc8f458240fd209,18,0.9340898394584656
09d0f9817d5fe37d72ea26c0dbad452b,5,0.9697717428207397
ff0fb1b78b94e4204071f57a140aee77,4,0.9011096358299255
55735b06d3423677620f0417b72ce5ad,2,0.9828128218650818
5fb9df20ba88ef476acd695e7a947608,2,0.9753292798995972
04a790456ee0be5f4a09a150d5cc8a58,5,0.9704828262329102
7f656312cb4dac51af5c93f5ce5db32c,2,0.9828121066093445
0c069bb14cb2e54641f7a74126aecdb5,7,0.9706926941871643
bfbe7d9913a4e67f61284bb59e93b16a,28,0.8931757807731628
b57403bf0e6ba191d0b2b699e3ca2dc1,2,0.9826534390449524
e0ca9b6aab01194e6ac5bdc41f4b72b8,2,0.9823797941207886
7bc7e5d29e3be329b75a0b4ed623da5b,28,0.8964766263961792
49ee69aa2617c05d46a6e2e0c3ca797c,0,0.9574262499809265
d4e1679200a4deaef6a90f8d43ed0b6a,8,0.9616655111312866
de7c15b787f4bcf5504b3ab6cac42788,2,0.9827964305877686
08de0dd1a29aba28ae65b5d7f358a673,2,0.9827113747596741
c8c101bff1b39bc0d6fe22a10dec1d23,11,0.9603842496871948
0e95252da72b4d372f3426057cd04423,16,0.9304897785186768
54d9e0a7e99f229b110ca9c45808b804,24,0.9535048604011536
0ea63dc6387ff2b8f41e1c8bba69d7e3,6,0.9600967168807983
6840bbb7abb843c712c2bdc2a49b7ddf,3,0.924579918384552
d736cb5399a4f71315b20b7022cce7b1,10,0.971455454826355
362a0989ceb40b2205db5fe9d7894ec9,2,0.9797462821006775
02b8082d90a0cae7371261b5992bef52,23,0.9527001976966858
58c46fbdd34ca318b44bd3acacfcc345,14,0.8934221863746643
270c6d12e5c22f35f635621510598237,16,0.9469951391220093
3a44e9513d7cab516151ad2ac1bb7bbf,0,0.9799981713294983
9cf84f273bc2427af93baf222d79fb23,3,0.9225985407829285
54a4f1cba4146a8f2e6b2ddc79265078,8,0.9614743590354919
b198a54afdfd04eb21f0fc1c208171f1,8,0.961607038974762
452b0a901336afbdc7ee74f286093551,11,0.9612329602241516
2f11e05e445ae5a21278e69abcd87d6b,13,0.961329996585846
d3068e56fcaca642969aee6778b035d6,2,0.978561520576477
a4feebbbed8f53fde5ec0de255b2b025,29,0.8930827379226685
204e8bdc197a0694cebfcdef55628d95,0,0.9801080822944641
b0040c135b4ef0979b299844ab0c31ec,10,0.9714492559432983
fccc1f8e00280cd83bcbdb3941ae0ad4,2,0.9827902317047119
d3ba15f34f01f4dda43cbba1ff019e0c,4,0.8617140650749207
4a53393b31f54552c1f3463e5a122f14,2,0.975802481174469
205f31ea3812642520381879fbd79ec0,6,0.9575185179710388
9b9b8594c7e044287a6e31b6ddcda9c9,2,0.982353687286377
bb908e23b2cb0c9e53b7427ed27d18b0,21,0.9355216026306152
c8f7d0db8c25f9c873949ef87ed012bb,5,0.9705687165260315
2db754db140239cde73b77152a2bf064,10,0.9715033769607544
6845f7700ab9a6f4d0f7c82f107f6168,11,0.9533910751342773
c6ae2f01511906d620f3b3ccd1e0d878,1,0.9650639295578003
66a8afe4dc4f8bd682afae9b086198d9,7,0.9710931181907654
332f24024f6503a9883cbf3b24766156,2,0.889696478843689
b19d879d95d85ab189f58c0b61f0573f,1,0.9655552506446838
e14f1b5dfa69b0bdb407fae51500fdb7,5,0.9704933762550354
af3190320a5ac37a88c4256ae72987c0,13,0.961700975894928
f5ef7aeb327596021d02374a759d9392,20,0.9606056809425354
3b0bff11bc69a9d6bc9af4dc7b7b234d,0,0.9804766178131104
348cd79dff434cc1ea1f6dd81c3fb436,4,0.9525037407875061
545a85716e43e0ed7a14d21adfb42795,8,0.9613174796104431
68ea5e8c0de5b4ec9075559683e0d40a,2,0.9826726913452148
93d0e174a9ce2cfd79b59f8d11902088,1,0.9653609395027161
1895c0b1495f89ccc449f19691f30a65,23,0.9527032375335693
b867bb5951a0ae5363b8fae28217b90e,17,0.9395148754119873
eac61854d6f5283ac1407d59d9294615,2,0.9828007221221924
12a494ee6822e2a2883472ce57dd0ece,7,0.971803605556488
76eaf11d9e1a67ea0f522e5df5fc6769,8,0.9615587592124939
14cc998e618f2bfd2a708fb346c20b41,12,0.9184065461158752
1e61d2b8653f5dd25f3ccd2aa988b3ab,2,0.9827264547348022
bd870cc81214161497142564367d8917,25,0.9097585678100586
59186dac28811846cf555333750a9ea3,10,0.9712027311325073
8da7357688edf1d0bd144bbd811b1bc0,15,0.9525640606880188
1845a43d015f8bbd03e07d5165dcbbcb,4,0.9496395587921143
4566063139af25e5bf32cd77cbc6460f,11,0.9512558579444885
75b5fdeb3b30432a008c73dc954aa7b3,3,0.9201182126998901
ef5a7e619c1f0c1feaa05d51ba83f55f,12,0.9139944314956665
12480004aeb05268ad19307bf391bc51,6,0.9600064158439636
c1655ec4e86cd9b0de1a9f1a9cff0988,25,0.9085142016410828
79597af00660584bfda02462f6a55e65,0,0.9804938435554504
faad9f34ba681cc48bc4a3e5e2fc8aeb,25,0.9143374562263489
274e48e14c87e9d6e9737d370fbc828d,13,0.9623489379882812
70e13780239dbab0d82d69006212d1c8,0,0.980597198009491
51d8613a781b3aa8d5ea41fd259d7af1,10,0.791716992855072
30d3840d0f5424fa9e276f6993fd56eb,11,0.9607837796211243
6fa23a28b8fc44709a77492f2a68e1d2,5,0.9702356457710266
e662ec8aac46cdd387b4ef2243a53375,10,0.9713066220283508
722a80d0f0c5f69c050a70a09f45f2b4,10,0.9713613986968994
7c68a076f105a5ae9de562ce535c9d21,9,0.9399808645248413
fd4c026d7d919cf528b646fd6d063e7f,5,0.9704502820968628
125a884ad365fee10e6d3f171efeec22,10,0.9711501002311707
e84089e860fe9d95bea07936802c4e94,5,0.9701705574989319
47d3ee04ffc44dadc11d76b0e1916bf9,6,0.9565691351890564
835d044f2800a9670b6804a32f397206,26,0.9257957935333252
8552e413b9a117cc3b506119d2960138,17,0.8999001979827881
bd9fb1136dc933a7809560f399608652,10,0.9715281128883362
0f51bd8f701ae5ddc9741143ee62565c,8,0.9613019227981567
3845068cb24df67b997659706fec1cec,8,0.9615678191184998
7987ae61dd0d9c134e309f6b31ff33b8,11,0.8487501740455627
c341fca38147639e9e7b03ffbf6558aa,0,0.9799546599388123
05b68dbec0cab101d579e6e95af13469,8,0.9615883231163025
1e99cbdd54a53797713c85ccabdf0f8e,17,0.932763397693634
7c10c45f8ef34c7492c22af4fafdaca1,23,0.9526684880256653
4acf2013dfa4d023689298bf22c42213,30,0.9053557515144348
bf0f95e962d518b6844f04877e978ef9,18,0.9335461854934692
aeec7072389ce98b58c7321a9868278b,19,0.9167484045028687
38bd66302dab7bef8a024172b5cac175,0,0.9766321778297424
e69dfec5aeef89a6ea11a888ef4d5deb,23,0.9524034857749939
8ac8e89960b9d1c928aa05625ca9c1d5,0,0.9672990441322327
406705efca6beab750682aa22b46f003,1,0.9654014706611633
fcc5d65c3d69a5cb5cbc928975559538,2,0.9712705016136169
d40a0858b4ee1007d28d0afc38cdfd2a,5,0.9700338244438171
d3ebe654383550064e94df5a6f845bff,6,0.9601141810417175
c39f84bc2ca9e88d44f420abe41a9d41,16,0.9467878937721252
9b31fa5379cc03cded02645ffd2bb9b8,0,0.9798734188079834
e6d936ef23a66c592623e42aa08e6a26,11,0.9591688513755798
194048d9116b2e1bfc2e73c6f124ef01,21,0.9329373836517334
58c1a15a60f21684ee8b124f8568ca0d,16,0.9468919634819031
cd197c6bab7bf1eaa4f8eabc293160f4,18,0.9332603812217712
0aa20e46ee361e40e62d01fb60ff5d91,2,0.9806833863258362
be3da97e9a8088e268d03bfe91a0f47f,11,0.9612002372741699
390bf46cd8caab8bc70987c7b159ceca,0,0.9802966117858887
fe5f9e6e9f1d6198e8ad9062c0492b0b,1,0.9420192837715149
ef2f30fe1e4168d8602dd11ab05c57f5,28,0.894481897354126
e4be33f40f338751656b66848c330e26,0,0.9797791242599487
f67e43e930ace19ef42dd40e232ae090,6,0.9603631496429443
0c5f76cc47a6a4928025824b6a3c3a0a,1,0.9652754068374634
abc9a5d229cc314362bc45e1690c1dee,2,0.9828698039054871
322ee1fe8e52343cf6013dc697c388f5,0,0.9803794622421265
b7a4db86486d5af5405f76df377d6de6,8,0.9609955549240112
df4783cd4d067efd942e9595c088a684,2,0.981597900390625
c7d9bb6ab48df7c82d16d6cde19fb504,10,0.9714047908782959
919d85d6e922a76a487bbd4b987dae38,2,0.9233613014221191
8be6a377e30484dc8c649dc8fd2ffc08,2,0.9826003909111023
6b76b75f5b1a392d260afc10f4fde1d3,26,0.927495002746582
0229caca400bcd0fc16a4a8feb23d6a2,1,0.9639565348625183
9aeb73e1e181818c5b5212b08d181bd5,20,0.9607263207435608
66fa29bff2932839ca3ea811b50a572c,15,0.9496539831161499
c0b5c24bb2bfd8aa757f20e2a456b1b0,6,0.9598788619041443
70e2e2c6e4a5ffc172c5b79a3705c9c3,21,0.936163604259491
bf0f180bab91d9211db1d44ef2b5c73f,16,0.9472313523292542
b3495ed6f8981c2c27ebe0163c44bc67,15,0.9518686532974243
cdf9fdcaeac8b4a37d08a689eab6d015,18,0.933968722820282
a1a660a737da283b0f7a1e62043fe089,25,0.8621012568473816
c2f826eca9f4156724c5b6c8a5cc309a,10,0.9614853858947754
0fe20b9c7f95195fdac6c1fa8b629f43,10,0.9713324904441833
36d3e6ba7748f92c7906d10f29278ee5,3,0.9313046336174011
b4a5fc3d44650298fe72dd2caf479e68,28,0.8903459310531616
1532478f74aab5ba93bfcc5ce11128d6,8,0.9596207141876221
9c867f179e451ae08e620829044efb09,4,0.9451718330383301
7b8cf0b83955de3840f8da41f911e32e,13,0.9626942873001099
f00043e1a64694d849a5e838d01311a1,2,0.9826468825340271
fc4b23f54e4f39c80830286f1a7374ad,2,0.982749342918396
6b3a4d45b7d6dca07f17c1d45c1a0d8e,0,0.9805403351783752
b96057ce7be1b7de998f9af484fe77e7,25,0.9142492413520813
223ec6f6350c1af90a1d83ed2f400e04,2,0.9768431186676025
7953f97ec4ce1514e5444afa1eb20f3f,5,0.9704772233963013
5defc86b2f7e8433c0333afcc8a5ce71,7,0.5585633516311646
85a82a20c6ca674e9d7644734b98ea39,5,0.9705410003662109
ca2867adb5bb7d26a3398d4ca0af1857,11,0.9610729217529297
c08e3ec63f7a1db935cc35cd152f01d7,18,0.933785080909729
755f04ce9dbe013c9c13925117838620,8,0.9612920880317688
eef9c5a65fbd61b5cfcc73cd3595570f,2,0.9207079410552979
87808aa8ae89ac329e7ce20c03c8873d,20,0.9605673551559448
270b7e80f45a042e30e898a634c3da87,1,0.9653122425079346
6aa9c6360075e7c65c029a140095586b,2,0.9629042148590088
1cdb35541203318aa285fac31707b3f0,15,0.9535384774208069
e77cd744c1d682d7af7359f713da7a2a,2,0.982214629650116
160f6da9ed346c43a58b9b438d080076,33,0.8562830686569214
8754ed8f3d95717e99ad29ec104a59db,11,0.9560702443122864
1e665820a6f9a5d06224826a18d6bea2,0,0.979434072971344
8b6e21866ac6eb391e5cb4c834977b74,2,0.9757623076438904
fd2505747d98e031151b4ffb178a72dc,1,0.9626725316047668
42d2e4149d40a47c0b53bb0ff0664108,2,0.8705751299858093
2dc7471923b986fc7e3f33a1f7caf2a7,9,0.9401820302009583
6902de4a554f74c5d85a45be9c806ad1,19,0.9145389199256897
521f72db1fb212714f3acea88d675efb,11,0.9601790308952332
c6652e95c89989ac4697724844fecf0b,2,0.9826062917709351
579efbe12505e7f857625b3662acac4d,16,0.9468040466308594
de7fa0a73d16f82f647ea32fef2799bc,0,0.9806467294692993
31ff8c49d5ce5d365dfd80b717e072b0,5,0.8736711740493774
9ab3b000475fa2288a4c6c4af8cfca32,13,0.9623783826828003
209e72d43a60fcfab802ec24113f161c,30,0.903770387172699
3b3b898a915732caf4e7cc9c5bb4ed1f,2,0.9827693700790405
015e733bf76d3d60d7bce5f126122e88,10,0.9714072942733765
4ecacb6364327d5968c84a6d5847f826,2,0.9769954681396484
1e2eebab0524b9159892dd986dcbfe0e,21,0.9360145330429077
bf382e4fff29305d188e4beda322d399,0,0.9802588224411011
b338cb829e3c1d06f1051a94b57b5161,23,0.9524818658828735
0366d0b6d6a6da3ada97ca0de4b509cc,29,0.8950289487838745
38152df9a7cef59028f09d47845bbb6d,2,0.9803187251091003
515cee38069d2e70d05132bfba935822,2,0.9826971888542175
882df170340de0836052df572cba208f,7,0.9704957604408264
9bda2f27ef4e04e776c63ddf9905f091,11,0.9614338874816895
70dfab87392f567e3583a88db458e518,7,0.9717740416526794
6f1b87a5286536b6d29f4bfdecfdde18,10,0.9708876609802246
959947a0c90b27db09e3a8d37f0e0487,5,0.9682921171188354
757b0e6a893977b44096814880905eab,1,0.520900547504425
f4e7ffcc94c9e7a30ec61b1499790dee,20,0.9597226977348328
57ae12f2e64404b3fc5376c0a283200a,24,0.9530410170555115
af53ea77a8be614a1a33d25c94b2b15f,10,0.9714773893356323
e50a9f492236311f2062f3fc3ff95cae,30,0.9044883251190186
19d64685a1d3379a3e3667cbe4222387,0,0.9799678325653076
fc00d9bfde1a3e016a10050024259547,1,0.9654619097709656
9b5dd14afe1afae638340e77d6366444,2,0.982769250869751
04d43f2ccf350fad76eed5074ced5371,9,0.9395734071731567
c2e2b343e5d765e7cc09f0e518c1aad0,2,0.9816226959228516
56580bf3803d102a23590586921fb59d,13,0.9625309109687805
cf851ea0a00bd02e634a5bac73a79b86,28,0.7197441458702087
b9151de409156168d7560c931923ec0a,5,0.9702168107032776
3ba4fbea976e148f7cd708df65cf0ef8,11,0.9603438377380371
8168402080a3ddbd23419250a7655bbe,10,0.9714128971099854
c9c85e18c87165ae6139535fcc055bee,2,0.9827176928520203
5a5e117dc48cdd47d5e6029ab4a67c03,3,0.9319507479667664
f0da4185973d9e9b545e70dd8a3539df,2,0.9828139543533325
d4dd52be3073e565f998f25d1f778c37,7,0.9717183113098145
3668ac47927cc701a087a858acc4357b,1,0.9643934965133667
2a28dbed462edb35ff71be758185eb12,34,0.9234914183616638
7d37d536bc9a6d49b0e38409a1ae9a05,15,0.9488006234169006
d884be32575b4eaea8f1c809b30f867f,0,0.9805902242660522
995c810a38d1b79bb178d29b9cf8674a,20,0.9606441855430603
53f4fc2098afdb5d8c9649660994406c,2,0.979546070098877
394a402e2f913192fafc9de1c03c7e83,34,0.9268301129341125
42deaa97423aa26021d92e5b64337e3d,24,0.9528654217720032
17c74ce2150ae7ac751ac91cb0c84848,18,0.9330849051475525
2b6653e43de6d1b7400ee93612387923,7,0.9702398180961609
305762ba961518faee0c26dd0700742a,10,0.9714075326919556
bc235a4e2bf003a933e7961a12ed75cb,1,0.9652308225631714
552663c6a72fc0659379a143f6c15e56,10,0.9563438296318054
d37ffc40bb8061eaa96c00052d054edd,8,0.9569467902183533
500a92104d7740b2ed689fc87e7cfd8d,2,0.9723647236824036
8bd011a9efa9af3a7d6d524641590b8f,13,0.9568126201629639
3e28cf42ee46f54fef15b64cb6c734d1,11,0.9589536190032959
acabf8dedf0d6b11cbe53d4fc41dbebf,20,0.9607905149459839
62f70bddb97b39db4c407de2d33e3212,0,0.9804845452308655
6084223210de03cf34e001cf250cbc4a,1,0.770458996295929
15c18e9fce79db695fa09255247bf6b6,2,0.6851701736450195
3b09bbf1154d1b21cac3b4f59d408da4,2,0.9816216826438904
90a29eef96f3d9b8d9bed45281b97817,2,0.9538196325302124
0fe00d949ea3cba12b410d21c2c07ba4,11,0.961050808429718
a01b505bb8c16a7ccb3b1c4a194c9831,11,0.9606769680976868
eca2ad059cfd3373cadac27b9655c981,1,0.9648323059082031
8e9a0337599204d916a8aa82bb3f203d,13,0.962492823600769
aa9c734dfdddc842154e0b1274f956e2,17,0.9386971592903137
8af5be68de9231ad661b693ab2158b7c,1,0.9655463695526123
87e1a47dfeda33ed3acc87765be89b02,0,0.980272114276886
ea86ed06c40abd3db62f692470b3e5fc,11,0.9605709910392761
90da7ea3fb55fd3a77c54c68d2065dbc,2,0.9824846386909485
e739e72d8e7c7de5548170147efa20f4,7,0.9715543389320374
50e7b9c6b7d17d68ffd457fc2ef6035e,2,0.9826956987380981
9ba40764c7dd6f9d7b2a1306488c88c6,2,0.9827828407287598
f4d6b9de83ee2763934f3377043825cf,5,0.9705891609191895
7d2d26ee47d6bfb6565b0c60701d4093,2,0.9826135039329529
008d460f3c6bfa722633e055d157c4c1,10,0.9713724255561829
1d6fbc6578aaceb4b4b8b6456bbcd77d,0,0.977850079536438
1013d1390f3143c2096930d6c6f36fce,15,0.953212559223175
916c25be6f96188104e5739c5efbd30b,21,0.29107555747032166
fa2eb6fb186d2711e26f597867f6c5b2,30,0.905143678188324
02f3ad3ff03c3407a7dcfd687ec5a42c,5,0.969761312007904
473c420df2f686ee443b6c02b1f729c4,33,0.856259286403656
49308c713e2abd4c049490266a5198ff,11,0.9614623188972473
b7da3b7492c46d1a5fd023ede4197e41,5,0.9706770777702332
bfa28a3b9241eb5f7dd173f487cd046f,10,0.9714500308036804
3c164ec494c4908fefe88c33f15ceb34,7,0.9717531800270081
9e0b4092d80c042d27210d8ac7609bc8,10,0.9712933301925659
c726708562851230341f9c64df5efc30,12,0.5297094583511353
55c3d15ec5bf6664b429aef8832eaf9f,35,0.9225753545761108
7fcd2e3c96f2c20c8ff6f09712a1094a,0,0.9782053828239441
1e158bc678860c9d768cd162a1626adb,10,0.9715430736541748
9ff03b279b4f5566c6ad07b91e937d6c,7,0.9688888788223267
91eb46a18fefffdb45db418dad3e6f08,2,0.9824934005737305
9cedc3a8802ad40699e0280a222bbe18,0,0.9747830033302307
dab1c2542122d941423f7e850cd7797b,1,0.9648853540420532
9d7470447b741bf63d4b83280f99b7ff,0,0.9804016947746277
3c2904209f8dfd921b28029d9505fd0b,6,0.9605139493942261
74cc10f7649e9cf2d263d75ef3ef0451,0,0.9775222539901733
1d55b738f302e64346cfef57c8869b27,5,0.970485270023346
800cb85097fe1edb6e593162b50c469d,2,0.9827877283096313
cd282baa76d7c78cb86a24ef83da602f,17,0.9386054873466492
4d6d6989352fb9e5dacde47b9370c3e5,20,0.960204005241394
1ca0586a4912c1f87b180ae7c2448d59,21,0.9351759552955627
6af1438c9ac2133864da20ae14684261,7,0.3635596036911011
102ef2a3f12fb14beabe0d2b29715ba7,6,0.9601395726203918
0712e494318f32a93ad5e51b7f4c3f6a,2,0.9813387393951416
66883fe40265eaa2819dac408be4f0fc,8,0.9615975618362427
9f6ec33d8d18b2a0e02f13cebdd40d79,0,0.9783828854560852
5b1c38b2d1b93cb8240e28a6652cc801,10,0.9714546203613281
4c4ed2b6db264fdb56b95d96c55b38c3,25,0.9132096767425537
250160e90908722a72d5e7d5e3181113,15,0.9525079727172852
24235202517b9fc6b7ba903dd15fdaa1,15,0.9521080255508423
74fcf9d2d66b096adb96ff1a7648db0b,2,0.9713451862335205
b957c9818612726504ea16b4647b84aa,27,0.8888819217681885
a4edbff0ce240f4fadf13461b6e5df8a,0,0.9807253479957581
4917e62737a1172a436232b33008d446,8,0.9536451697349548
3f6ab90d59ab99515d14f42cc83d94e7,5,0.9703397154808044
2ea840de63dd4e56ac14fb7454711cc9,4,0.9495149850845337
5e7d326cc9504dd2bca8df9c2fea3b83,2,0.9827041029930115
9861a71f52b23ea1f42991ac9994e741,9,0.9308428764343262
82e8b5ac8b0ff75370ac67d7f923390d,1,0.9655452370643616
8f713fb8411839b231ebefe61d0ceecc,11,0.961286187171936
459c996afc15e08b2d7b855ac8bef521,13,0.9621198773384094
fe5c97b6605a704ff936768c9f38ea25,2,0.9795479774475098
c48b82abf75288cc3a439b461f68e19f,2,0.9809287190437317
23f08da15164c6147911cfc0cd341788,0,0.9796420335769653
5c230d05dec68e27fc92995bfe5c0855,10,0.9712841510772705
c396953e5d4481b648ca9c6cd08f1a72,1,0.9651733040809631
27c4149ef02edf6c285145e3caf48fe8,2,0.9823474884033203
808f7f47f0a1740d01c4f1f11c9425a2,2,0.9803112745285034
17c115763851ced90a5615caa80f8540,0,0.9802558422088623
524fb488d5851f42ebf6739407c6eb81,5,0.9704896807670593
307f9b6151301f6c06becad8f77ef55c,10,0.9714666604995728
83a84e49dbe49a53b07c450fbf7c7e67,10,0.9714677929878235
ce88db6b9de1076a72baad25e7eb5b2f,18,0.932894229888916
3690da3bd811f4b7d1f3f043dad97ca4,4,0.9512084126472473
c2ae4c3f27de081b4ca62404ca611a1e,2,0.9825605750083923
4e0408ff3a8ecdf1fa251e55125eadd4,11,0.9591355323791504
e2af963999dc98d00d0e32cf64e714ad,10,0.9710782766342163
94d3b6d4f4e3f0198ea1711f4b4eef7c,2,0.9818697571754456
ddf5866fce669f2985ed9c17bdc6b37a,11,0.9605681300163269
a140a050530e46aa3688f407c939a952,10,0.9714627265930176
565c8dd128941e7a6792af115151a9af,21,0.9218538403511047
672a7105622d54e6771f8198dbbe6471,11,0.9609068036079407
e82d29dc9fe8b1359f5fd688cfab1890,13,0.9614502191543579
3a0cdaf6eef86ae86401fa2f7a91c8e3,13,0.9589299559593201
b57d6c6f40191133a1f861fea1f1fd67,10,0.9713843464851379
7005030297a1edb7c286aa57c06dea00,6,0.9600189328193665
58b9d08a2d7f1a73fcca8557cce2e19f,15,0.9532204866409302
124009ea6be3f3732538dfa25b576da2,10,0.9713490009307861
bbdb4e5e0822f702d76afa2f92c270c7,13,0.43631336092948914
36f4838e1158047e2beaa90497de4d56,10,0.9714280962944031
f47d20ae5ff16dcd1701ccc6c2cc4faa,10,0.9699577689170837
764b5d3a2633756b50f86377de6794f2,18,0.9334105253219604
9fb789fc7c135ec7371a0cd88acfd96f,5,0.9702354073524475
956e85e9b0a35519931f335477d8e75b,18,0.33196696639060974
81c1b60a76afce5a8684be8f0b7566bf,20,0.9504528045654297
f467f1f1e50400ad2f6ca2383940b166,2,0.9827494621276855
840f225c5bb5675504828322e7de28bd,29,0.8910258412361145
ba59d04a6177459a6b66b95177c09f87,2,0.9826809763908386
c656cee49ad4fd4a908d799889b9016e,10,0.9710543155670166
c47a5164b908ed4657c2d7bd25dc7454,14,0.8946934938430786
141cca4965ec7bb4873e859a41b71943,2,0.9827540516853333
c9a49b12bdb075ba0434f14548bf8b35,2,0.9822281002998352
d047d2436772f6676585faee87514d20,4,0.9443463683128357
17d76d1b3241eaa8b349a8510efd7803,24,0.953554093837738
a85a5894ec1a89f9d4c4a6049ef426f7,8,0.9614366888999939
ad999741f44f4095499f197b7ea0c14e,2,0.6661437153816223
1ad3aa6d2c74704d396a09f6d0d1ecc5,7,0.9686744213104248
ee1b0f62c05772b24587eb38f1fe4179,1,0.9653213620185852
f69b970e349f11496ecdaccd50ed5f67,26,0.9260220527648926
9cbf4552356ffa4ce1cb26dba1fc3ed2,10,0.9711035490036011
7d6abec6b785b1705088e4232319b3aa,2,0.9825603365898132
1ea8968c6df5f0e44d960d6ad47594a3,24,0.953616201877594
577d3bf70ec3556d7e9d4b4159e9afa0,2,0.9824870228767395
0aab9de47712a43bb8dfedd07cab8c8f,10,0.9712222814559937
877d627464399f904e8c3341f14a37a3,2,0.9820262789726257
e5076f24e3dfd3df082db5cbef91c506,4,0.9320184588432312
ff96b43093ef81a00166afdea60a4aa3,2,0.9828577041625977
1b2d3899d942349ae757b0823f50f14e,2,0.9827272295951843
bfd73844901afe737d2ef42477f2576d,23,0.9416887760162354
6ca6c5ce24004fb3cfce91cc72414390,17,0.9371420741081238
ba7d9dbc3ed8b34b0bb9e8565a16726d,7,0.971701979637146
85c344dcbbd80d7bd6025df1ef392da4,10,0.9708031415939331
46afd49bf3bebeb68a5780c2f5612c54,20,0.9605305194854736
6f1fdc71f304ceabe4db8be224391b15,10,0.97137850522995
7c5dd2c75ddc08c20597d06fc646be13,18,0.9330512285232544
d13b1f307b73b47632a41049cf386b3a,2,0.9827881455421448
6fe2734860166ba53cc55f3a18810ca3,0,0.9805071353912354
cb12b8ad100372f238b3d4b3a4f13b37,11,0.9436251521110535
d4a55b4488652b91578c8a7c11d6095a,0,0.2991360127925873
a30b55fbbbb21a90a114289ef22472e9,1,0.9644826650619507
c0ed7be052035f9795d2494a5153d8c5,2,0.982673704624176
30b67abab3b863f1fd8fb1be23f3c39e,3,0.5133847594261169
a70f3f8fa1eef3902f48c27fec7cd2d0,21,0.9343488216400146
94d9eabe23a64161df3ef61bdec52fc3,2,0.982141375541687
50da86f401d334d9e76ae009214648c5,18,0.9276690483093262
2a10aba79a33bc225f7286e7054b3819,0,0.9057673811912537
d41efd9b8a251f9e6598563d9bb23e19,6,0.9595699906349182
1200a1c63dc041925f0977c17caf0fde,5,0.9705434441566467
991951f112549ef2f9cc7f73a05ed8bf,2,0.981754720211029
e2c74476e7485914e0f96e50ed2f5428,33,0.8567672371864319
bd6eb923a362429d54d95c367bc61518,14,0.4617648720741272
1fdd98e470abde4eb6b06c52405116a8,29,0.892792820930481
84736150fa47d36f8936ef69c16bc0e3,0,0.9805663824081421
b56765ebb02b3665f5161ee227e270d1,28,0.6309181451797485
21a1ca562c9e796f425ecb1c6d65b6ac,10,0.9713107943534851
adeac014c6d3021353fac8066308a32c,4,0.8248269557952881
6d338ab64b751010dc8b979f90d040cd,2,0.9790953397750854
f93594724698f03fd11949b511c4f2a2,10,0.9713037014007568
f12b96540b2a0daf9102306bc963b036,10,0.9715163111686707
bbf0210dc728065be76fcb94e2ab420b,8,0.9615874290466309
2e5b2b1e5052d6d5ae14308cc40b6c63,2,0.9826709628105164
29754d6ed6f6433e9d25575cc69176ac,5,0.9704885482788086
3a864f69c76c62dde1fa5cf2c8302962,0,0.9805475473403931
80712fb38d00001fcee354ccc8a327be,18,0.9337467551231384
c887fbbcb56d1f2977f7a2df2ae23940,26,0.9253982305526733
dc7695aa6c58a09db5e9430e38b5378e,2,0.9827193021774292
796560de3ba0ac1736da9a83ae2719ba,8,0.9616497159004211
b72b867e769969e348efd213f5515568,0,0.9797018766403198
31a2e9d3c3a637b0870bea8fce4186db,2,0.9827104210853577
08f93f5748f7ab87c8011adc2906fd4c,2,0.9806268811225891
0d6df9c7877fe603d8decbcd208fcfa0,10,0.9707117080688477
290df723f9dd6f7875a220b91cf26755,25,0.9150621294975281
955471e42475b8366951c9ee30507ada,0,0.9806649684906006
ec38c8fed209c8dd6ecb3f9ae8b260c2,3,0.8830114603042603
33ec2b8c9b1042d41688d1f513ae46fe,2,0.9822883605957031
e88fc438d39c0de9712602e521e65782,19,0.9162098169326782
004308920f56f6763bba56cebb4ff589,21,0.9351295828819275
e123e9ffeb27fce813213d5b8a9541ab,13,0.9627025723457336
f7c024d4509bbe5e52898f5e15dad151,0,0.9499064683914185
487787545d9495d2a7ed0a57b1ad2951,5,0.9705352783203125
b9d309a53aacc47ea7c016d386105542,13,0.9624743461608887
25ff15fd88b7ad4b915ae10ea2562d72,0,0.9804612994194031
b2f939c67343d74bf7f7f13c4637fa30,10,0.9708867073059082
b9604d066139530d8b5167dd489554e1,2,0.9815536737442017
9542c7839f089713c0d092fa9dba9fb1,10,0.9712628722190857
fe9729ac3f81e01778c41c6f3984b7c4,5,0.9704603552818298
0195e7cf141021715f31e8ce8eb83fb2,23,0.9468144774436951
758c1d95fb9ea573017f2bd205ae7b60,10,0.9672739505767822
fa02a7dffcfa6a14f6c55cd7f3ee568f,0,0.9731994867324829
693e58701090f1b716c503162bd9b70f,5,0.9704807996749878
fdebaeb4e29d07f26d7249ac1f78e404,1,0.9651901125907898
6052cfb8cbff50d387be9eae08a79f16,0,0.8788595199584961
6eafb71e6afa00f4d72dcd6fa94ddfb2,20,0.9608213305473328
6c34609499933527f7ebcde63dd4809a,23,0.9522668123245239
f8800f20692201483f63dfeefdd7718c,1,0.9603735208511353
8ba98973fe3d259cec05d1c577dd8013,10,0.971398651599884
8155a12867fe35806cd3f4327f37d477,25,0.9147242903709412
6821a6a4632e809b3ae79647cdc29b8f,8,0.955849289894104
a4f2d7b0f3b9eef6b33d39b491897dd9,5,0.9703472256660461
5e2bfff78723ea3a55aae2a8ded18e4c,2,0.9825524091720581
c07fc1f05a8e51d5080f0fdb8c43766d,0,0.9803053140640259
7421c2d6010f141ae428fa66cc198b1d,24,0.9534643292427063
c0e734dd3e0c50997c1b868e55344777,1,0.9655956029891968
9f631eeea88a0d33c1a61408b2e21c68,0,0.9804908633232117
514ff188c40e773a1f5de4145feebfe1,0,0.8956117630004883
af09c6f80504e83cfb0b0f02cf804c66,13,0.9610779881477356
23f1a29a6a761175e26b1c022f84a183,20,0.9605090022087097
500e9bcd627f5ce4772c9cd8e81f7d60,16,0.9448342323303223
837a38ffb8c59bf0133ee82ca2c20e97,11,0.6374424695968628
638d1f2d5039d67e6e29ee1eb9dfee5f,13,0.9616420269012451
69f45476cd33c7beadf9c9333fc6c3a9,2,0.9826594591140747
0a6e1d34c1966e077893097f4d89d438,2,0.9757271409034729
860a28d82c8fe7e1cdcbe4696259d938,23,0.9521750807762146
98bf44416ca91e0bd86d6d484bc88078,2,0.975526750087738
488a257b13a7839f7d20ad82ea93fb22,23,0.9524576663970947
b2fc464c085512e7aaad7681500c3cfc,5,0.9703866243362427
7ee10138959745319c68dcafbda569b0,2,0.9262628555297852
12ae4aca1eecf85634ed49534ba4dbae,11,0.9477939009666443
5626748a49f5ada63879caab95314525,18,0.9338927865028381
9a8ff0abd49946626674e83e9a9c5d70,0,0.9806931614875793
10f98471dc7df53deba66a1a52a2c44d,10,0.9712320566177368
eec5d4fa7898522c0567fd25748f65f9,6,0.9601119160652161
d0dd97717d1303c5c81ee96e509b7ab1,1,0.9653797149658203
c86c900579553fd91be7cde8b043d09b,0,0.9799882173538208
7f08453077d3ad47c44153513b4f456b,18,0.7859127521514893
8252ed688b32f2786ba3b167bfbbdf70,20,0.9608193039894104
a40477438fc73f04917739671c9238d1,1,0.9655264616012573
15b6365bd4530cf531de6ef1fac72edd,23,0.9525917768478394
4c96554c8eca63d46b5a77a61a624666,2,0.9827979207038879
a1623915a70fede191abf4477c0ce703,5,0.9701850414276123
5dbbb547d30b2dc40a520ca901c9f28a,10,0.9710661172866821
5c8fc44d4e58dcfa19940b12d428e46c,4,0.9520403146743774
068bb5816bdc4c3105a767cbd6f42469,0,0.9805563688278198
a8cc0316fe657477437bfeb870b93fda,1,0.9650756120681763
9df5bc1a2e69325955b4be8eed8f388f,11,0.9601600170135498
0fc62d77f6eb6f41d4e25178184a8231,17,0.9373634457588196
e19574a3ebe5d2640a1bab8ff71f9804,8,0.9616316556930542
52226139b8f84fe6dec89db7eb84cb62,6,0.9570857882499695
39d15ce256a30dba7efce5f32a861945,7,0.97150057554245
55b21fc9f8519a1226199668dc2914e3,24,0.9534246921539307
e6c5515bb607dd1433b3c81a3402a125,23,0.9521887898445129
08171922874354bb1f81baee0d3f09f5,2,0.9816634654998779
ab8128a81500341718676c3ebafa3c0e,10,0.9714174270629883
a6bb1dd99746a88068af5affbc3bf2dc,10,0.9713917374610901
609d889b164b1a5f75de1ce7ce9240bc,0,0.9805110096931458
9f28ca6e0b2102a8c0ac832e899b6775,4,0.9517732858657837
55c55de8018af011ae558361a0f99b5f,1,0.9616899490356445
eb249f449aaf2c2ba77c01f86b3a0039,10,0.9714640974998474
65991e52943c18a1ffb0f5deda151d8b,2,0.9822444319725037
96db7cf64a3bac7b7944dc3138c16282,0,0.8185428977012634
01d90e22b585de3d0827903bbaa988ec,6,0.8745329976081848
09186389e4fc260a643f72fce9e24644,10,0.97152179479599
dc21ae55ee00a19d7f13c55eb887e6d2,11,0.9608083367347717
49f08a90fd932ef11b2c52b6c7f38ed0,6,0.9605152606964111
0ae783be11bb229cdd0c61b6926d4ab5,1,0.9650775194168091
347c1a6b688677c5b904c2f722300733,7,0.9716833233833313
ed6d60f4679bce70962a9d337fb25129,7,0.9718637466430664
94cb3bead6792295ab3e229e6acc2a84,13,0.9608573913574219
a540a71d14eb4dc612f5ecb0fffda47e,20,0.9599643349647522
5d8d82a02d2d9ddd83fea2082e6e0168,0,0.9796395897865295
c9f26a04e21cf3f1a3c4cc5500919619,11,0.9605464935302734
21e1d0354444d3621c80b11ee87373e6,21,0.9314858913421631
f1e06cfeda19bff7d80560d7b47f5378,13,0.95662921667099
7cb994c01d154a21439726ef002e02a2,6,0.9581419825553894
a8e5f8d489d41d2f7c84880b2055985e,11,0.9607226848602295
b9cbaadf7f1cf04753630249f839baa9,7,0.9681798219680786
3508ec835cad41548ddcf3a0ff82d0a3,2,0.981965959072113
c6a7108f39fee93be06eea1f94342d9a,9,0.9408193826675415
c7c596f429cba6fee3e2f0a5194c7a56,9,0.9400742650032043
33e5bed4886af563cd1450a7250a396c,0,0.9806484580039978
102db7fc0b796aa21e188447d5880096,7,0.9718903303146362
06e057821d88bcd6fe29c17717ddb907,27,0.8883650302886963
6462613a389b897fe699d5b670b0f899,30,0.9039446115493774
9b31ee3bfa8c6e91446281e43eb3f7ab,23,0.925028383731842
669880cdea0ad684ec84dcec7164857a,15,0.9521386623382568
78c81e8d281ad3972b8d0e9cfbd52f4f,10,0.9714223742485046
cece826310f8820d98acb10d7353ffec,13,0.96225905418396
8c29acf56ed77ff8b4d39ad8ac9c0815,2,0.981172502040863
c9ed4cc3168d968a87609c7605630e64,11,0.8240338563919067
230ca00d4f7790cde3d4ad4c63a921f9,0,0.9794571995735168
ca3664bcff3c9548550202f5bae34daa,17,0.9377507567405701
ee2d4aa7696dd3c1504012282fb13111,11,0.9601442217826843
0baa274ca0bfe35e461131f4737e9a6e,2,0.9821388721466064
102e71829f5c69f1aa360d1917fab8c6,2,0.9827777743339539
40c0f039da992a93dd559877c7953cb7,5,0.9706096053123474
43a1e1f42520168bda077524c2b59ad2,9,0.9400333762168884
979bafa48fc487575f55a21db5a37300,6,0.9599329233169556
555483fa02fbc1547d3c47f6e2b71ed2,2,0.9826081991195679
d4be1e5bba7e0b23b37f2d451bbc2c31,20,0.9425925612449646
803e32ce84eb011d1ce2b3c09de998a8,11,0.9610942006111145
9d604aa375425ca197d95bbfbc120ebc,11,0.9607948064804077
945d5d0c04b4ecfe45ec0dbfeac4a435,7,0.9718366265296936
dfa0a0f5b893515de0ddb3befac27a43,5,0.9540272355079651
40f8d5cfb89f91b122a5f6a8cbe92159,0,0.9804665446281433
7ebfe3a908b26b27774afb37ad4105c9,2,0.9819821715354919
388913b11ecc7a6cb8173d07279bb65e,10,0.9714192152023315
7762f6e92fa733713761924db8a55b26,8,0.9475507736206055
5c7c87f23db24b88192db5775e94e327,1,0.9650717377662659
9f5884b9938ba41dd7f046bc20fbd177,16,0.9434764981269836
4c4d8b1d4cb43a2e1113ddd0b0af4aac,21,0.9330512285232544
bd545f8654b33361784b42a8d1e4e408,30,0.9046232104301453
20d3ad7a3dbccc1d861593dc8c721f91,27,0.8870435953140259
1fef35bdc0f54d72a82f745492c0b2a1,0,0.9807486534118652
ee3b9bf7ab0172708242fb725d62f88e,27,0.8842092156410217
af198ebe5841585b9e16794c32e50324,6,0.9604229927062988
1fb7d248e45667955c772a1b0e3173f9,5,0.9703987240791321
97922f5f19c97caa5c64af361ec762cc,2,0.590965747833252
013c10b87e90a38b1df19781387e013b,7,0.9715120196342468
8a7b4a04182000694ff2b83dc69e57b6,2,0.9826274514198303
06fb41515fce4d5550dfe600e62eb6a2,17,0.9392568469047546
f6674f03ed659ee19c7b6ab9464226e1,30,0.8949792385101318
3c2a80ee7732bf460d9b54dd021a619b,6,0.7499151825904846
1fa3dc5f6d02a6c18ce20c28987e5012,11,0.961083173751831
e33afc39325a4c89d80e8510039f0af0,26,0.9049734473228455
644dac0401c1819e67c9fcbe892a2405,2,0.9827641248703003
3502b1b4944be51ada096db8a1c34238,16,0.9467791318893433
5ea571b861f2f98feaee1c74c4825bac,17,0.9372318983078003
2161b7d62c74aa23b8679fcd5d67a45e,4,0.9528266787528992
49a0ca48e7a6c35a8a5e0a8c248c10bf,2,0.9820168614387512
f68b363a773d194dfea8ba08ade1c36e,2,0.9826701283454895
3733244775b18014d0095c57a637eab6,8,0.9616502523422241
c8a8db9f5759193241f216ee3490efdc,2,0.9652268290519714
f4ac47a9f8ce3f1100da091094940fdb,2,0.9826589822769165
7359c642bfcc231ad379dfae68a4db21,4,0.7599552273750305
fda8b23dd4772070b82c0cad826d4ce2,11,0.9601282477378845
cf542ade257c9ff39a7d7e91c7dd589a,4,0.9387969374656677
0ad4b2a46a278bbaa3567f5d12c66db3,8,0.9616072773933411
0e21cb1fd0eb123ddce2322296bffea4,2,0.9826819896697998
345a60ab28514feb9f31ad09cee3f261,10,0.9714578986167908
2dbcdd8c83c481713edf657ad22776b6,0,0.9803053140640259
1616b8d8b7bc3bb7887075cde764dd89,15,0.9535780549049377
dcb83ff85c2458727e917e4cd6e6a597,11,0.9511059522628784
16940e4c5a1a99689b7654c01984a748,10,0.9713703989982605
05f2cb210a495b005fa2f21bfe825e8a,4,0.9526510834693909
79e1d0356ff1e7dadaf09386df95be3c,2,0.9821656346321106
89471a27b36fc7251037bd97a11a64f9,10,0.9712237119674683
eefb40219674b49ecbf2ee2f8222fcd5,8,0.4936428368091583
4ca19278c70c5a5e0491ae7f0d7b9b13,0,0.8740977048873901
813addfcfcccdac9eade1ee27c274869,8,0.9616279006004333
498466cfce14a77bc628754d4ec44833,2,0.9819912314414978
09c81f349f9b8b18bf12a8bb998a31ac,31,0.863824725151062
ad0a55fdd1dac83b59221770a6ac081d,5,0.9702534079551697
2c8d965508bbcd3f58b44df42cd8e8ab,21,0.9188273549079895
c851697ecc876b665a84614f49872e64,2,0.5906288027763367
56fce0f1e4e77cf004d1f949fe52ad2b,1,0.9524400234222412
0e3bacb1b33fd97f40de93055173a466,0,0.9806549549102783
1b3ce83b756a6f28a8ee345f06076538,18,0.9340274333953857
a660725c99381b5fd53a16ee102d3a06,3,0.9316326975822449
dc307d5a6b896e46821fec676946a31c,5,0.8358357548713684
60c5176716e0207fa74ec049247752da,7,0.9709076285362244
c8e92fab64d9b6550173fa74a7d7e053,2,0.9754138588905334
48a13b272b737ee35f328450bbc67656,10,0.9708667397499084
f813cab761058e134be86741716589db,0,0.9798986911773682
aa9d8b12aea7b8ff8520ada74cf34bb8,25,0.906962513923645
a286a63bfd144a39225ec26fa4010be3,7,0.9717117547988892
adac00bf6967b62fa9cdc8d809d34e90,7,0.971299409866333
cd0d46a9bdbab0045a27b778bf43c762,10,0.9713281989097595
b7f0adaf795d10b2f4c932bce4ad9ab9,13,0.962374746799469
337608f6227956b5da2d7ef5c198843b,2,0.9823352694511414
ea70e46d044a4f1e0835290b3bf301fc,5,0.9705595374107361
2a1b7484ad0c0bb02ea69323df3f40dd,11,0.9606859683990479
8bbcb9c3f4427f0f1e349dc0632b5868,4,0.9495108127593994
66c0324ead26d0c12a77daf5ecacf6f6,1,0.9645917415618896
dc01428f87cc7f2c6516f3692d43645a,8,0.9571728110313416
4eb017becf1fa9e74a687d2f7a75e53f,7,0.9717215895652771
78cf35e640da7b9213bad9616e5ad970,2,0.9809820652008057
f9fb8b27755fb5e3120136e685102a79,10,0.9713403582572937
d4212d9267b014b430126d7b93ceba40,4,0.911139965057373
87aebd72695c21118459e66ac9802036,2,0.9825049042701721
ae27e8d897aa5c37454c3021856748dc,26,0.926933765411377
a13b7088e0c510beda9408af29a23988,2,0.9825353622436523
ce1f55424b09e8d54dba46a91c991b6f,4,0.5397799015045166
c7c75da922cfd54dca3e1933cab62f14,2,0.3526804745197296
eb36ce724be80ad0fcc30408fac8810e,0,0.9807878732681274
845803c81fbd36b7f55ad7cd64e29b97,10,0.97148197889328
08c7d62b9eda84cd49f4311b21c53e61,1,0.9655278325080872
306b3959a54d4aeb69476e44adc6e168,2,0.9825049042701721
008c632b38e189adfc304b698fa1c928,20,0.9604095816612244
181c64fee948176975d574b7fb8285ba,2,0.9815327525138855
47fd2a5c6cce9e8090c11a22e121e0b4,8,0.9616272449493408
d5acd6d01b57974a3ba8e68d26750fb5,7,0.9711124300956726
9e7fc9eec2b6491bd7a0c45ce68f80dc,21,0.9312368631362915
fd2f8a8b0afc87748c4c6a4f96f6928b,34,0.9261221885681152
639a009c2b11390d497281c6ca7119a4,2,0.9818634986877441
cecf225c9f725487fa09195a7a4c3bea,2,0.9821659922599792
253ae8cd52e79288279709f78774355d,6,0.9601505994796753
235aa440d2bfeba4905b5a4272298a15,0,0.9805893898010254
dd5ed813d60b72691882b28e2cbee646,4,0.8469473719596863
5ee4c0e23e9d59c76732239f6a68826b,11,0.961088240146637
bb7983c48b86147df8e7a446f07b5f52,2,0.9825094938278198
c050cc7b53df6b92ad04b0288307304d,17,0.9383827447891235
3808012212ee89eea59e4bf8224ef425,6,0.9598663449287415
4d5112ae9d17e487445f37cf864b49fa,16,0.9470628499984741
935aff804cbb00e170937a603d7e67e5,7,0.9717381000518799
720f1c9cab29d1ad52d7a1c66291a5bf,5,0.970214307308197
0b7effa8b93002903b0f7e5391449020,1,0.9628028869628906
c0f7b112baeaacd066c7c7143e80c779,14,0.8699994683265686
bb161e58761ff75b4dd06eca4c744947,28,0.8946927785873413
403b034d369b37085b2d97d21ae46908,5,0.9381295442581177
c71baa22a6c393876afd7a5e164e1bd3,20,0.9605731964111328
bde371439a45d877794cfb83f3e8ca88,2,0.9804624319076538
823e89654782b34a7839b4437ea0eec3,1,0.9654088020324707
38c18b2c8473e00ad8d2cee464c69d15,1,0.9655903577804565
86ae8c99e8a41cbc69a86fe46fc76338,2,0.9827698469161987
bd817e5a40e70523ee90bcd5c0da32f8,21,0.7372251749038696
36aa3e97e6d4862f09e12011b0d7f32c,8,0.9616326093673706
dd461e4b55412e68bdc7542c2647eddf,2,0.9823763370513916
d27a719ffd68ac770eb78c9bc34d05dd,10,0.9676438570022583
ef47f30a1c9343700f4c36f12c666638,11,0.960832953453064
f6e8dd998e4d3ffb9f91806844d70c43,1,0.96542888879776
fced21bb056ea2d94ce2a8e423d5ac24,30,0.9045403599739075
47a63264d43b3aa9bc3626f127617594,2,0.982670247554779
5c4d67f1b65d7833e36ec9ba26be853e,28,0.8938595056533813
87016a65de6cc7c5b590210ec4ce9bca,7,0.9718109369277954
efaa25d10dc61cc695867f4e5460c602,7,0.9625471234321594
895e7018b73d2b55f29aae92f2d581ff,20,0.9607372283935547
5f891b4cf437d2d976081561c191d985,2,0.9828382730484009
ca1eea321c141e818f55a8d9e0a3615d,34,0.9203304052352905
251fddfc57a07f61a876f3d4fadf14bb,25,0.9131838083267212
5247fcd3b51c140e4a564556521ae407,33,0.8482238054275513
d163218a616562edd7c5a732e9e999de,10,0.9704164862632751
305842cd55f23ef286357333a9644bb8,11,0.9609394073486328
d85fd1bd8477abd1b59617495549d050,21,0.9352445602416992
f82a8e9170b52b9412792a41478b0d3a,11,0.9608902931213379
81d8da7e76246f85a2dbcedef599df38,16,0.9462043642997742
faba49bb81a7914d93d1b2df68a55009,23,0.9524786472320557
2cf2e10a0d11d02990cac84f8ecdaeca,26,0.926599383354187
a7e61b63ab5a8faa1b753d4edc43c359,10,0.9714518189430237
e143bc115c8b65eece76f28920eee1e7,2,0.9813097715377808
c80e6a8ba6aa3e22eb30ff6355b02ab4,20,0.9606316089630127
98160c5bbfff5624a3c6e8cd5cf6e150,5,0.9706054329872131
4c30c0066a4773c6c6f39d0f80ec93b7,10,0.9705080986022949
d6ef428e0145ab946b0b427c0534b2ac,5,0.9703434109687805
2f1ee6134e3c7a3cd5f51419c304a482,2,0.9818852543830872
8313d1507546254c25e57e61a9945eed,0,0.9804480075836182
f936ca2cd293f685335e9d39cb459dd0,0,0.9797327518463135
5c3336ff23be869692a583bf3f6ce459,1,0.9651636481285095
303b456df26fc9ed91b010bc08e40310,20,0.9609177112579346
24ecc91836bcf6a0d72e6f7c472358e6,7,0.9715027809143066
acf75308c3156166ca3c706108454f26,10,0.9712328314781189
c2fcdaf4bfbe64591cde0948afa232fe,4,0.9525131583213806
61ce1a720bb2dc929c7eddd570048eb0,10,0.9715359807014465
12b13ca1d85fc51691099f7a51db3127,24,0.9537807106971741
8f7c60341891c8b4160ccd478e1d6e31,9,0.9402375817298889
94b56bc3b0d15b7a57bc1ce031171863,0,0.9806375503540039
3e07a4284913bddc36b028902a1ec33d,10,0.23827321827411652
335460938e18a389dc0725a55a88c88b,30,0.9043024778366089
ed15c83ed0d9dd03bb8d71ccd44f28fd,19,0.9164322018623352
2ff6ddddceee4c6476d750feeab09f36,1,0.8687520623207092
963f707351ce479b61fd6f4518d59037,2,0.9826595783233643
b25035f5f6e3b9bfbe7fb4b626d0ddff,24,0.9534775614738464
398e972e06e356215fc363596ed53845,11,0.9611647725105286
61ef4bcb5cdb97641c2803c1c8103ae0,2,0.9827315211296082
89181385878031ff41e3f0521613b3cc,8,0.9441066980361938
99cde44602f461b203914d30fc04d448,26,0.925362765789032
ccdba37a98ea66f7d6f5d2666b01ac43,2,0.9809821844100952
8bebcdaf92b8ff512eefc4f171294017,9,0.9399425983428955
97f5f27b8f7c695495dd434559214586,2,0.9828481674194336
a7850bf1305ffcadb10e1408b0156f68,5,0.9703115224838257
6ec567ceaca65235301bb8ce7c09631c,16,0.9463644027709961
4d6f13f70ba0eba59df996aaa8df4552,0,0.9805708527565002
28690fa40f0404ed1fb9ca2789d8d968,2,0.9828831553459167
51203dd4496c93c6b9e1e545f423af1b,10,0.9714047908782959
ffd92fe7a36f41890fe71991aaa4740a,11,0.9610986113548279
dfc2b747f06816c8d5b8f40c08579db9,7,0.971727192401886
0cec9dda149519a6ca77beef9a75d55d,7,0.9719530344009399
87d54390b03a7fe2cbe73ea2a3ff858e,15,0.95329350233078
153bdd0aeea1e8c6ee4db27b340f99a0,2,0.9824804663658142
e42d4231a52d00a3768ae467ce3aa271,21,0.9348713159561157
1dd5ca76062a9e175e62d31037dd942a,2,0.9815983772277832
02c39290b5a792a74670beffb46cecff,15,0.9532889127731323
00609a9089823bec65f14f6a00c4b7bb,5,0.9703904390335083
70f0c33e795eb144681978afce0ce719,0,0.9783158302307129
5dc0351a92e069c98cac24d5e91b9f32,0,0.9806956648826599
b8e230c2ada8dbb0a337d555b930e4d2,21,0.9318581223487854
16b4aa0f9b5fa2bbd5390645100adbac,0,0.9805884957313538
073a800956709b77151a9054b537d611,10,0.9712672829627991
d2a9ade4b0983e65175d1cf7735d4815,7,0.9714189767837524
778850f1c1bc372e55857e0d1cd83e9e,1,0.9654209017753601
b251b0b8e365b0931f689aa0af3fdad8,33,0.8494735360145569
cedd38b0ac8b192f4b6fb1fa2882b1f8,10,0.9714780449867249
bd1d4d74102c0afba9366ea8d1aac1e3,15,0.9535654783248901
2e2fc26464e5a868d1d5e725c293a462,18,0.458774596452713
ae56a645ce039cc0fc5699a9db43a830,8,0.9610210657119751
aec11cfea317e751c23455d571ef259f,4,0.951445996761322
fc3fcc49edcb530cbc3cffd0a4770cde,2,0.9825910925865173
d107a78a4c173d20c693dd7afe85e554,2,0.9819015860557556
b4f24d93bc48e0c452a1f41162025c8b,2,0.280229389667511
edd5202346a67c46d07df641ee8eeca9,2,0.9803087711334229
84823e6cfe641aa320cff1c1aa24b54d,0,0.980583131313324
e1b1c61859bc61f17f3bf526faa925ca,5,0.9703139066696167
65437014ce9837df5220c8f19697353c,0,0.9803826808929443
5c4e6b96a1e98ada50e88ec13f861808,9,0.9404615759849548
8b39ac96c5410311d9b9c32e7ce055a7,2,0.9826127290725708
980d8d958c183c16f96b87e7962b0ab5,21,0.9348389506340027
8243a799ac502dff32a98f8657131d2a,1,0.9654432535171509
2376d08bfad5b407f48c35b27131654f,11,0.6152123212814331
e6b2edc1b662f33acbd41a80a67567e8,4,0.9519999027252197
760cf2a876953a49268eed356c37bbf4,2,0.9820974469184875
0da586c2344c8c94f2dd8f1b2c4ee214,14,0.8925052881240845
b8eef1c4362e7e5038a61c77b1492ca3,13,0.9620402455329895
6d29b02e59f29138430f695c0265bcff,33,0.8541384339332581
c051aceac6a913caf22085a677c87ba9,6,0.95115727186203
33d68b389a3af6b4ffeab97b7d82d632,1,0.9645611643791199
2c883ce07c59db858d77f663f677483c,17,0.9365194439888
85fb6922112b187f8a7cc39dc9e71ab9,11,0.9612990617752075
cb239b2908f9a733717d35b8890e1c22,15,0.9521250128746033
cdf7ff9b33c79ff9fa3beb7f6067c6c5,0,0.9804707765579224
c1ab2c71100d4f5ad57e9f4a64de24ca,0,0.9467494487762451
395996a5460b4f138a10f23a0d4fbb5b,1,0.9654501676559448
1a51b723fe52dde57d566a0c08eeb727,34,0.5636776685714722
4b71e7683545583810b457d924cb74b2,9,0.9404747486114502
069387a0a866af8f4bf243944517548d,2,0.9812886714935303
79b6572948bf21a6bb1da683e4760657,0,0.9806938171386719
3cae5c218c38d93355e5220a389b65af,15,0.9397647380828857
fdd06095a4fe231885d1876706f2b14d,0,0.9802222847938538
de5cff4dce87c9e233ac72d08977f4c4,11,0.9606449007987976
450216cf38b4e8dfd62c067327682554,10,0.9708596467971802
bd9880e67d15efe20b157017db9a6d7c,20,0.9606771469116211
4df8ae8a24c4729b6f4040cded13c257,16,0.8451993465423584
208155f17e7ce495379455da839aa026,25,0.9136386513710022
7773ebb54ab5ed022efea9931420c7fe,0,0.980119526386261
456829ecc53e11985fc30377de711ade,4,0.9037878513336182
c10649fedf1dadf6cf5d7294e3b778ac,6,0.9586120843887329
d7d635dfd7f1040e40fc8491c95a47b9,9,0.9404334425926208
3064e22e1853fc054cee8b9bbc7443f4,20,0.9608682990074158
b4bde2e6a92207c0b2ada0915e28d6ca,20,0.9607653021812439
92e39328f103892d9e4b9ea9b6cbfc02,1,0.9649373888969421
043376a643a2b1ec57d809f699e6d8b4,7,0.9718608260154724
708e1fa29216dacc691546f2222009f8,2,0.9121229648590088
57e26ff27b89f512852367fca13567b2,1,0.965573251247406
bc28d02d696b65b1034adb73fd257e2f,30,0.9022629261016846
5fd22c8a025c1d95f154e6156d62d9f5,11,0.9529055953025818
03f86cec83f456ff49d1e81608fddd64,6,0.9604883193969727
b66f998828ad3d6edbef9f73aba27922,23,0.9519375562667847
eba40d2dcef7a84b9072b37149b68674,21,0.9338050484657288
9232d76061a79f8719b0ff2c2b8ee6bf,23,0.9518982172012329
5f35e10c5a1dbaa45da1bbdfa90b8353,2,0.9823534488677979
eb027055d5d682d42fa17562985209e0,5,0.9704836010932922
a1ab3d6ad032f0ff7a3d62d017f5b388,8,0.9615429043769836
47a207b504720b4389361fa5d340d183,20,0.9597221612930298
3cd5ecdfc56a5d3ac603dff877adc154,10,0.9692440032958984
e329784fa4ac51b5dffcef50e4b42932,20,0.9599746465682983
9b15770e8feb865bb531559cc738077b,2,0.9824770092964172
bc67cd2e83ca1b0097288f71ca908132,14,0.8958407640457153
09c087a7634bd6892bc1d6e7fd99baab,10,0.9714511632919312
f64f466379cacbb05f2c97ec36c2b656,1,0.9567546844482422
6e4274d06d42d8368e594b8735380d40,0,0.9803839325904846
52e425433fae40d6e6b24c0badf4e558,2,0.9827288389205933
95ed54554d14868332da1a2ed7e36dc6,7,0.9675481915473938
02763272cd300bbb4657a9e95687c014,2,0.9814603328704834
eaa1996c20da731223dd6a25cbaa8489,1,0.9652089476585388
1ece42200a96609528a2e065fb9b04a5,2,0.9826367497444153
29c4379bba39ddfd24be687a7242a1bd,6,0.9599165320396423
a9853b55d43a2a7b457be160f6d607e7,23,0.9521961212158203
b4613a81a627bc553ac0c3a3182fd2ab,3,0.931790828704834
4cd9b8090dc021aa548f00a8daffce56,5,0.9702653884887695
5d3f8b22a473244279067b7beac514f7,8,0.960779070854187
818de3d9dedb893a4cc8e80cade76413,0,0.9805954694747925
3ef80fdb40be7b2c52c1f3ffc579a9c3,3,0.9322022199630737
c1947d275e77c3aeeaf7711391e74696,17,0.9371625781059265
545818ec8149f998461ae1e9745ed712,10,0.9713815450668335
8f5144757e82f0dcd8f32b33d0bf1d52,7,0.9718029499053955
54ee9548e7e2ca139db6ea0a917ecee7,13,0.9624349474906921
9f369ca714506425fc55bbb9fa19d8af,10,0.9714284539222717
78e5cf77f08f3be16e7f7dcd22112879,11,0.6388227343559265
f3585239399b071a36e0e52b9b649599,5,0.9628723859786987
3ffd44ce9e8a5f80929708517edfaaa4,2,0.9826906323432922
ca35df85a21f7dc6eeeffd09bf67db82,24,0.6079757213592529
dbf0255605242126ecbb73f25c1e5e98,11,0.9604706168174744
0d0414658d7f936e01fcb54cb77254bb,17,0.9385656714439392
6926bb9f905f9c359e513938c6857238,3,0.9308090806007385
ee63ecdd7d8358e9811efd30517894b6,2,0.9822407364845276
87903f913a34411a0255ad0b05a045a0,33,0.8501265645027161
d90ec2de2679af59182bf4db57be506f,5,0.9701942205429077
edcbcbf96e02c51940fd49971b534f39,21,0.9264843463897705
b31280d060baf0f62ecebe00207feb92,15,0.9525684118270874
4552a33bb2a08376026b66ee904f24b9,13,0.9623919725418091
1863147f2e10e6e1f2c7198935d5e208,20,0.9607701301574707
c8ca0b25ea6839f66ac763431d51017a,4,0.9519549608230591
d6d1d09c9117ac065e76597d449f27b2,2,0.9821605682373047
f3245d94e24c00d4cd559a67e809b057,10,0.9713418483734131
3be0a4ac513cbc16411a0113feb7241d,5,0.970579981803894
23b7c24dd3671abc2e66a50923b20584,10,0.9713493585586548
7ca7970e3fe7fa3c5792d375fc119f36,33,0.8541340231895447
002019d70e2677563021a9bf676315b2,5,0.9703655242919922
2660560c07eccae67b70ca8d97d81cef,11,0.9604877233505249
3dae197154ca93168d58b12c903bf2db,10,0.9712896347045898
f4830d0cdd9346ba2dae6ce83594da9d,5,0.970359206199646
0039a033e4c9f63efd816713e62d81be,11,0.7242051362991333
53c58994342c9a542e50cafd0cebfdb9,1,0.9652228355407715
8fa6cf25238345a67628d879cf370e98,27,0.8879128098487854
efa68f3a4266682b51be9e9304a7bd7a,5,0.6422812938690186
8a7e8085f9664e6e26237a6f989004b3,15,0.9532274007797241
7cb7c7892cbecfb2c326fb6e83b49060,0,0.9797835350036621
6c4f66c09e5842b905677db9641b8190,2,0.9808487892150879
ae5704a0ee14db544317705abef74492,20,0.8907054662704468
2dc18f89e77f282ff732b00a0420164b,11,0.9485066533088684
36b5d72bf047a1344026781787e29877,0,0.9793383479118347
f5208ebc75b86523a27d56bb32b6f3fc,11,0.9609963297843933
2b919e3727ad5efa1f02816690ffb192,8,0.9608981013298035
95247ded6e6a0f4dc9569617507714ea,0,0.9806503057479858
c35c4ba536193fbb7cb702a5ae1c3084,16,0.9466216564178467
d828dd0dca370c4312d3585e26954998,27,0.8079714179039001
f13c865c33f88c92c39b740e9a3446ab,0,0.9804120063781738
313960c4ad9365c244bd006e2a151070,2,0.9823324084281921
3e8d7f4e2bdef8c633945766bda587f5,7,0.9717864990234375
8d3cbe260ea78dea81c379a3c7c37249,30,0.904883086681366
846fc1e1f179eedafc79bf6e4eb517f6,11,0.9613116383552551
18e53b397dfb666685c90843c8a93590,20,0.9607003927230835
1018da7c958e64f20351b8fc9a928f0e,18,0.933725118637085
b0b95158a07ce79144f30f60712924e4,4,0.9467117190361023
3889c13c1163adbb28f0b2c8367c9c38,26,0.9256237745285034
60f6b1578bf9eb034def18d2c85204e6,11,0.9284447431564331
1129718dde54a4c476a0a2525acce8a5,1,0.9653488397598267
a0f442a1da824b2a74ea262b5872a6e7,2,0.9826866388320923
7d4e377b240600bb958dad32f544fd32,10,0.971041738986969
4e6e9cf63792acdcd3f57bfcc5cf65f5,7,0.9709383249282837
29f57a014ecc6721f039b01372a68a6e,6,0.9606019258499146
9a1bdbde87b4204708b092477b9107df,34,0.37302324175834656
30c9a05c6e9e7164a5adbfecc4666ad3,5,0.9705177545547485
b06a92d9a2b845d812e97edbf71a4eec,4,0.9513251185417175
29ba50f2bc4e3b9ef9151e1d9df13460,10,0.9486193656921387
9f042c338df425efed64a6bd3b418754,11,0.9604719281196594
a2a04c59efd00faef82f026d99f0dcbd,20,0.9606292843818665
b3278f4faddab67756517665c1270ad0,24,0.7714182734489441
f18e47f2de14d605212ecf9a412d8833,1,0.9651792049407959
2a9cebf1b1aa43046e6a200aaa13433e,10,0.9714283347129822
28029252be9023386cdb547c35f1fe0a,29,0.8924617171287537
e4feaacc0b39d23c6cfe50a414a5dc9c,2,0.9825760126113892
a37e1ab1cd690aaebdb4805e61a98203,13,0.9627339243888855
2ab74cfb9246c94fb34888e9fb9c3b77,4,0.9490187168121338
e0f5a79caba8f1482a85e81a005ca4e0,5,0.9694629907608032
4d10e8cff6b5633c29f134a783d25239,15,0.9520770311355591
aee35d7d4d5dcc112b8da5d743a1fb36,10,0.9714409112930298
0875c8baa8574d04981d4015326cec60,6,0.9605919122695923
58a1096b669ebfca5325d5044dba3573,9,0.9387583136558533
accc921a9d264bddc2783f19ec4b0540,24,0.9284213185310364
981b5eb9ba9d16f1b23d1aa41e181cfa,13,0.9616541266441345
0f71238affac683ee5381c459263e7fd,2,0.9827970266342163
2f7b26275f6aa2528306deecfc747616,5,0.9704005122184753
f6e5ee2df69baa4d412c10cd35a50a48,24,0.9528915286064148
e1872bf75a4e7301725167d2b3444bf5,19,0.90470290184021
db8067c6b4fe5350b8602f9699a90eb5,14,0.8956191539764404
24cfa271b6554ac235abc75ffb43d7c3,4,0.9514988660812378
a3f24f8c36a848b93b8e20bc0ed196f2,2,0.9814265370368958
ead016d6f88dfa726e22840452f5341b,5,0.9702966213226318
290345eb9c06e04630512d89ff61fc64,20,0.9605576992034912
2f51039f9d8303cefd3072e62792a60b,30,0.905972421169281
4dc897ad46b720b0ee913aa8364c1f23,5,0.9704271554946899
ff3abbe4a542ebc3c52b8be2d47f702e,26,0.8923222422599792
f45330ece009ca77bba7daa4304f26a1,20,0.8567992448806763
5f60ba11be2cb06b1fcbcd31f57b4ea5,25,0.9118837118148804
1a56f3f9fe434421a80a1074e250bb7c,26,0.9256988763809204
a0a36300bd1ae85ac631ad6ff595b91e,2,0.9827604293823242
87330dad6ee9cfcd818cf5c4367aba32,6,0.9599083065986633
7d1832d4a0e66ea3eab9aff0ede75238,10,0.9699267148971558
a9ab1d675c48c2c2a60cc06c9c07bfdc,2,0.9749119281768799
cf70e8a2413e113bdaef9cbcc92a61e3,10,0.970214307308197
c5f64a17952212f914711f7be93e3495,6,0.955877423286438
738470895006ea4d0bdd8727ef88f2de,2,0.9822261333465576
71110c3753dd7e36cbb14757c1f645d8,0,0.9807279109954834
b73f4f6e88ed70d7edb022087582cbba,27,0.8808043599128723
ec57fe8591775711dd02f31bdf4b4789,18,0.9336323142051697
eee46442f06729afafdc8fbaa9e069cd,2,0.9826956987380981
f4f22f0f2405791efddf8fd3853b681d,8,0.9616903066635132
394d16e8bc8723dace14876cf2fa2012,29,0.8945706486701965
8a05997029c79e96792a538989552d8e,21,0.9347371459007263
ac896158f98e075c54fa7dd839ec507d,15,0.952242374420166
fb21e1b2d328a60088146febf49a4a04,26,0.926103949546814
706caf049ec1434062f71a94d2025ad6,0,0.9802522659301758
5e3e8e92cf7c6ac6371739752f0e61c8,2,0.9823900461196899
de6cc3bcec1fe0e0379b0c5cbd7aae9f,2,0.9818323850631714
94502f9e91a8f8ab580054ebb22cdb91,5,0.9706206917762756
d6d398a71e320d04fa34beaea9cb091c,26,0.9262908697128296
16702741cf5d564e7ade80bbe07c63f7,34,0.9229116439819336
d40b5e311f6abccaf9a9151c74f530fe,18,0.3320634961128235
4ea6bbd189e5d2eee1c8c689c1e6c4e8,28,0.7839624285697937
744955bd36a80169ff68fe391643cf19,8,0.9592072367668152
acd64003e8bfbb7c19792f463216987b,8,0.9595367312431335
2571fd2809341e5ac249f9fc33a251d0,14,0.5314653515815735
d67c71af9f69db0525f19f324c6f09ea,1,0.9655738472938538
66fb57460a3cdf861397d03c665d560d,14,0.8946189880371094
97b387d1095c1a2610d1f8ef29ccb5bb,8,0.9615922570228577
43f3fc7c737bc1da020caa2fee13b9e8,2,0.9822970032691956
81bf90bd6f2b853fbe3bdea9d679b12f,20,0.9605923295021057
3290d4f6cf61c79173641bacc0c2b9c6,8,0.961602509021759
a50b2762f651af160789ec466642f690,2,0.9823353886604309
ab54836d5f3c7d3a8c978ba2411c6a03,2,0.9825891256332397
a5627c897c8943e90c3dad06e5778c75,11,0.9610019326210022
0d413f14cd152ab1796a53d6d3d71a96,10,0.9714481234550476
5cf1188a985b6d243a9e44a51bf31edb,21,0.9316324591636658
b2e3db5e1b7bb837816c421ef2b9b829,0,0.9801657199859619
5cae350c9f6bf81e7c775f422a63e0dc,2,0.982435941696167
bf8ede812604ebd90217ad67e34becfb,5,0.9703845977783203
4c8c7e26f1546e0be55687899ebe0896,2,0.9826228618621826
c6ff1cd7c5532022b3bb6f49b4ec29a0,0,0.9803946018218994
dd4cad1a6917f3736d17e37a0cd7e352,9,0.9395021200180054
b80cbae6e385609b9c0618f9dc71b0c8,16,0.9463954567909241
4be6f3d38b84aaea87665e69d5b2e7ce,11,0.9604736566543579
50d1851e948d6106c1187a4d75d35212,15,0.5861567854881287
788245d3f6345a4881541513f5629776,8,0.9616407752037048
9f52af76c5260c74be5d82de1bf0e76a,11,0.9610217809677124
f8a5d478d9ffd734f024e8ef0c36884e,0,0.9697802662849426
f52e4b7e89576f4cba37e1e359386fa3,0,0.9806787371635437
6bfd75aa809ca9dacf8d129ae38adc2d,3,0.9303574562072754
581c481ef0cd9726c79cc40bd09a109e,25,0.7541760206222534
1888d8834ecb8098308d9a69fc7c335a,34,0.6755785346031189
2d9f47a2dc358c3dd0fc4972bd57bdfc,0,0.9806256294250488
aafbe42a12d37f1c9872d67578ff5442,10,0.9714375734329224
6cf2aae0532c1637a15097ce9d339e9e,2,0.9255834221839905
7967c01e07fd6eef113735fd8e7d8c8d,10,0.971204936504364
f3155a323303f14ced16bfaa3d1b5d3b,5,0.9634090662002563
121ac7105bfda77022e5b20cfe7b4718,20,0.9599316120147705
ddbfe74806b32db6562f79405a0d2ff5,0,0.9804563522338867
3a050af1b68dd5343f821054cb7d9332,8,0.9610803127288818
b703cc68890f6fd1e91a65aa64ccf5b2,24,0.9525155425071716
1ec8231c3e296d98d4d6e74cb466fd23,1,0.9653229117393494
b61839286004a24b213cf8777e7cf6a5,21,0.9318932890892029
264c152e3b71b127a1cad5715accd8d4,10,0.9713668823242188
60c7d30814eb066dbbeb5a3782d9e5f2,20,0.9607100486755371
36c5effcf7fb7cf5e4d93d59d0babb54,6,0.9600321054458618
57d63d7c1adaa1d2faa7ad371c42af51,7,0.9706025123596191
a2b4956882823c3336bb5e77d2034c19,0,0.9800605773925781
208d23e92c92182a390a7b56088d915e,15,0.9535360932350159
37e1b6001c4ab1dc427fe0cabae8479c,20,0.9605216383934021
55398c94f752b1ecce7a634bb2507bcd,0,0.9807297587394714
97910912e621fd756a45734d4805cddf,0,0.980631947517395
a0e1e965049700ef9b81774b6927dffc,2,0.9826980233192444
532853e11cd2c04438ea310889a47d37,24,0.9533361792564392
6059e527a4a729cdadf101ec1ca6ef8f,7,0.9718511700630188
f8ed4e88ea48c55f30d5a3498998984f,33,0.49989214539527893
8e2777c7c9688a8767827880e12d82a1,10,0.9714688062667847
7f51976d598ac43f2f4ebe93c715f857,2,0.9826794862747192
09f716d2845f5bba3d52705764e9f360,5,0.9700331687927246
2c5f1937073cdf85fc1d162bf8c52df3,19,0.9165596961975098
0824616000dec4320421dffa13720aa7,10,0.9714813232421875
2f681ddac01d32468a4977b6f1aef635,0,0.9798974394798279
2894b737bc55abfefa891d4bebc31f4d,26,0.9257550239562988
f5c7fba73d5ea58bed159f7846c59066,24,0.9536927342414856
b83250b9b642146418c58d975e9d1326,1,0.9652568101882935
b0f6e4efe1b76a819f516572fb1de6fb,10,0.9713850021362305
4357ec910c71b4a348daf43ef81a8920,21,0.9295045733451843
420ded87bcb1fa8e800034229f0609a3,28,0.5158066153526306
8ff4ef5b12e07afaecd1214e9242a21c,2,0.9688272476196289
0c3df5bc896c94268cd7e0131566327a,13,0.9617974758148193
c375bd239db18aeda40c66fd0c0b4087,4,0.951433539390564
536d1332990005385d76071a71c51bbc,4,0.951911985874176
d908a189c264d826550f93f4a9364a40,8,0.9615365266799927
c74bdfd8bf4517e958b6fc8dc2ce2b31,11,0.954413115978241
4ba864c188cb13559487c7c7fc206605,9,0.8776500225067139
24b294b8a62b3eba06cb04eed17b2985,10,0.9713444113731384
197b3286d0e6de27be3d62093235fd4a,20,0.9607521891593933
9795d6017ccf1112bb3e0fb191de58fd,5,0.9458602070808411
400f8d15d7e45c6744d96a8b879f82f5,35,0.9136777520179749
ce17c708736e06e7960c330d7b2bf50a,11,0.9613046646118164
9fef6f58bbae10a55216e56ab803c258,10,0.9715245366096497
aabde1e520adc927539ce207e481894d,2,0.5687874555587769
a48d74af1bd7a96581643a42b479da43,5,0.9705389738082886
b7609e4598c1bb257cba0115397281c3,2,0.9824537634849548
2deb8b911cc088cc914e5806be797825,10,0.9714066982269287
d7569c7f655e7aabf76e6772e8049adc,7,0.9712121486663818
62bfa370013bedcba81914f7875b1a9c,22,0.8941493630409241
1beef02065eaf2516e6a61465588124f,2,0.9800783395767212
af0c4984adf5ab879025902b00d9ad99,26,0.9271360039710999
c1e4e627515da7dbecf482c053a955ca,2,0.981513261795044
6f7f5ab018ca637e049809c249f5fcfb,8,0.9617131352424622
09f04f7b4b16e64e641026e9dac69d39,12,0.9229472875595093
02953daf78ed8444063b612c50104482,8,0.9616992473602295
a38516f10dc97a3133f4ecd1f142db47,7,0.9416993856430054
86bb6cdcab2b098380fe10e1e6cccd1d,23,0.9523543119430542
ba620ed5c53f0ba05253490ecf4c9785,10,0.9708394408226013
7b81f06b6e9e591f9352874471312724,20,0.9608200788497925
2971bbf16109949beb14b32065490ba1,10,0.970758855342865
3f21b3d5eb084efba484e28dfff19d77,2,0.5558947324752808
a47843233cce6b0da9708268b6090d82,8,0.9614418745040894
f6061f9dad9744f17de574c0a86bb8b2,7,0.9717963337898254
8039c5571442ebbeee55cc2c4a9be386,7,0.9700170159339905
6b3e481edc186eaa7350921b910b68b0,4,0.9424911141395569
2e966b1c2e1b2dbad684a20fd778f6af,8,0.9614098072052002
941768d54af1364b0bd7d41e73b06242,17,0.9305899739265442
a08d72f58a0643885c28b3578fd73c21,4,0.9516611099243164
1bf3552d0383e7072937b99df0570532,2,0.9827107787132263
3dc6dec3697965f1dc3d2b7c368226d0,20,0.9607006907463074
28314099870441a64dd69a343414bb2f,6,0.9597388505935669
def8ecf3cb788ae89f606a76ae42dcb5,1,0.9645079374313354
a356dcf7ce8f37d70d5dc40d0070e177,5,0.9520546793937683
dff356824261acb1fad424a23c766121,14,0.6731225848197937
92ce237bb98b39343c2eeb99d01e923b,2,0.9826504588127136
2d5ba294b45359c6b969aa52a1640574,16,0.946365237236023
9f002c3c2e8739ad002617559d5002f2,9,0.9392248392105103
458396d934644e1689c623b2df6b1519,11,0.961371898651123
3a51eb32ea75d7bf6b63db3d88db5771,5,0.97018963098526
b6abfa22e4a944dcbf0fa09a1fe29229,11,0.9609045386314392
b4ec0a50e92c639eb6aecc43673c303b,2,0.9746935963630676
27547871cbd769f71d8dc1cc8a6a87a4,2,0.9813783168792725
0410834447629719fc3d3f577b965ce5,2,0.9520981311798096
2954282acb463b8c1069f0604ef7ead5,15,0.9524333477020264
e4f41b19f843ddae56ded9c6fb2362c6,8,0.9613068699836731
5b874b543e1bcebeee61978e2dc8ce1e,10,0.9714952707290649
e10f8da35f38d9657bb5109c301d7bae,5,0.9704974293708801
8cb739a04a591d2a7b333cc395c85f92,19,0.915620744228363
100a7b180598881e1878c2790ca905c5,6,0.9599290490150452
f3a3e1d13f036e853fbeb25c3fef323f,1,0.9649258255958557
de164bb1d92f66a1a46ec7d894f6f01e,21,0.9338857531547546
7c86614f8d1db3fcce138f77dee7dc56,20,0.9604048132896423
6260630cee2042123aaa7e863bc6a244,8,0.9616224765777588
5287bea990e43d2e0c8cd8b405cc8031,5,0.9704005122184753
55f298daef03a8fac4c36551e0d52d20,28,0.7556942701339722
e12e3d6e2f61c800918011c22b3f5c5b,2,0.9777584075927734
4daffc1e75c5c5d487f9835e8a215d71,0,0.9804310202598572
a9c6ccb937a8a4db4ee8657bd96752aa,6,0.9600569605827332
3b02319fdc889b8dc48e6897406b81d9,7,0.8082154393196106
dddda80dcda1821dba6fb190699ed813,23,0.9494211673736572
0e0f360a44b898478949e3ebd1b8b57a,2,0.9608018398284912
f2cf9881c29ba68f9d933807e6015527,7,0.9718766212463379
5c89c89c1da1f0c3c02224e54db7d840,24,0.9529616832733154
3bde7c66e550fd804ba44ebbba86a398,0,0.9799293875694275
5dc539b6fb53eae8e6899010e37fe247,5,0.9705364108085632
6df439a31119cfbc73b7e360549f93e1,0,0.9805548787117004
b2858c3831310886ee079c187522eb30,4,0.931821882724762
954476d0b75721fb629831419b14f693,20,0.9606074094772339
f0507fd8a0794e9e9ada40a1372e02f0,1,0.9653240442276001
074404a46b03fc48562cc07fd5c0dc54,0,0.9804058074951172
becd636c61ffc4233aa2efa4a687250e,15,0.9532280564308167
48fe859aa5d13f9b62a97a6c075775d7,20,0.8201184868812561
ea48ad79f6ca571e4ead06a2e2a58efb,7,0.7482759952545166
114adb30c3e391235f7b56e3091585a9,5,0.970517098903656
af2226147ca5671922c731a0802ba9c2,0,0.9804891347885132
fc899d6ef23b9a9d69c02cfcdc19764e,13,0.9606045484542847
1a034fca568b07678be9225e89b97462,10,0.9711856245994568
93e54324e07f26e7b14453e1afd942f1,25,0.9140466451644897
a288c68add7bcc9d086c2af582abb24f,2,0.9814949631690979
4ca5b6ccdb11ac8205e65f69b6e25a63,10,0.743602454662323
727ec343e357dfb295c819ca135574b0,13,0.9625356793403625
02138edf6e144a8f4f742d96ea2a8b7c,0,0.9242777228355408
62084fbe59fd33380dc5ee38e928ad0b,19,0.9110264182090759
dd4deff0967e4b311300d9aef17c01af,28,0.8876644968986511
d1fed0b2707d580779d45062bc32d8e5,15,0.9519208073616028
75c7224dded63dcf13f5e743dd52308c,0,0.9806376695632935
7194734cc1b0d38d3f6b49b2dbf5e4e7,7,0.9714136123657227
fa07873ca78f7562458fa3ac694bb326,24,0.9531295895576477
64e0e73361f2b5a2f93599b9f6ed147e,29,0.8928217887878418
9da3d9b824a77963e4e36c83866b3243,10,0.9715132713317871
f146a14b5a32bd869d0fe80f97082110,11,0.7837794423103333
3f8fb035b6e84a84115772bd6402332e,2,0.546133279800415
bc98fb4e8a92b3e2a64e76ffd17376f2,2,0.9827221632003784
1602ec7198eed7b9b9ab69a0e92d5961,25,0.8112565279006958
67a8a9b9fe458a120076ff190780006c,9,0.829044759273529
6af8188bfbdd810a917df040c10993da,3,0.9312320351600647
2ff991bceeabfc56c9323d490a07421b,2,0.9825066328048706
5fd0ea69c92151c3a6f2a1ffb55fc077,5,0.9704472422599792
58cc8f1c6a84463711572cae73eddace,8,0.960748553276062
eedb7fb196505602470e630c019c5b1e,7,0.9718349575996399
44ab2caed9215e141d948fe8788c58a2,2,0.9828063249588013
d0cefca74f471f45ff4084dbee5353bd,17,0.5018547773361206
25fbcd487d1cd2144afa6d6f878f76c4,9,0.9311558604240417
a1c095770ccc1eee187da45d947c5318,10,0.8857156038284302
db7a14786dc5f5c564819e3bc1558c7e,6,0.9606729745864868
16bcf03932e243144362b7bd404ac0a5,8,0.717174768447876
f629518b04ed21a5a2c8bb98a19a1bab,10,0.9706765413284302
f1bfe6ba6b4ce8ba3e0af8d35d62f958,2,0.9746033549308777
29da2f9ea5554bded785b3f53dcb43d3,17,0.938179612159729
99e3e40a6332c85848915327b5730b4f,10,0.9706239700317383
e3748aa6696b58db1b15f21c6462a87f,11,0.8780412077903748
644faca98288e1b2637bc4f76b2ff377,5,0.9705244898796082
fbb48eeb707a99be4cdae3c6ce67105c,27,0.8862951397895813
b7fa61d16bafd2b0286898f41bded230,0,0.9806736707687378
5feb9ee43ff8d27a4de02bd0ba6514a1,25,0.9143431186676025
29f7dd04d69d4dd136f01b9f6078ebe1,11,0.7268598675727844
c62aa05506f2c6c8eddf105857132ce7,26,0.9249657988548279
a8bee55e8e64ab5f9ecefab6a5f8d3d9,2,0.9827678799629211
55c0b784d47f1dc68a7a25ec5a81b7e9,11,0.9611993432044983
8dd3f3d06667544ee07737f4f08b66ca,10,0.9704328775405884
07a77eda6be424b0f58bd9782c19c574,10,0.9713418483734131
22ca4f060fdc253df96ce563e5776c5c,11,0.9609153270721436
469feb00e1a63c8daf292f8127a9a1eb,25,0.9041787385940552
b4d3c8578488f4d610bdf4de5a67daac,10,0.9714515209197998
f8079bb0175b5fb98b991da5953b203f,2,0.9825406670570374
37500bb195e0a835bded74d83938a9da,0,0.9789373278617859
ee54022bad85d54f42ef62c4eb6d37c2,10,0.971047580242157
3e9f895d9c6ab91304a90586daa297b0,0,0.5860669612884521
822d55957e50ed68326042876afc29dc,29,0.8926779627799988
acb321ae330b7b93d1e356959c728c54,23,0.9526758193969727
6d4edfae8b6d61d6e4c88a35aa0a557c,34,0.9267857074737549
fe18120da94e32b85d14fbaca9f47df8,21,0.9343263506889343
1c659bf4e73b3b239017bcc154295289,0,0.9798774123191833
da93b8b9dd119d2bbf5a0c557a0e0c91,11,0.961085855960846
81a1187bb1fa787f00fb6733e24b751d,20,0.9588019251823425
9580034e5cc47033349bd046f2194eed,2,0.6627870202064514
d7df897e372082a92357975a159e33d9,5,0.9698957800865173
b26bb1659eb244712da816c069275cd3,7,0.9715449810028076
6e5f3f9198b622df93c19fac45bf4637,5,0.9704119563102722
1b4321410566cbdcc14f2b69f372f5d3,16,0.946631908416748
76ec66c7b8057fb4cdbd89d9a67bafc5,13,0.9624975323677063
ca7880fe2b42f882fd1ae2ef34641396,0,0.9781514406204224
a34411c31afd1ec098755c4ae76461b6,10,0.9714221358299255
8122e009895e3535d1345e3a7184f313,10,0.9524472951889038
55ce73193b19edf45f80d97e0d91ef7f,2,0.9827473163604736
d0037fc0afc103fa8867500ab9bbf293,2,0.982796311378479
428cfd35ae490bf7dabcb3352cd23fc9,15,0.9113053679466248
ff37caae2585e700af85a7bfc0b59046,11,0.6083881855010986
c777dd51d22679c654c9fbd58a7e4db1,11,0.617039144039154
553efa256465b2d0e5bdde18b2d99f98,6,0.9607075452804565
8f4debb9b628d07df514ce89244e69e1,10,0.961887001991272
22dfd81734347689440bf1cfb63df7b3,5,0.970536470413208
d1d32f7e97e620d9b66aa4108f9066b6,3,0.7095580697059631
da90b04d2878cd1e6450d3c39280c5e9,5,0.9703508019447327
ba7d0ec8b639b761fdc5e2a6955c8f4a,8,0.9609009027481079
792d2ed40a82a030a284775744485cd3,10,0.9713367819786072
98dba3310d6325a71f0d93f2a9aadfe4,16,0.9445092678070068
6d87b13d0a8aa80e19a9b23f12328156,1,0.9649947881698608
1988a80e75378b9dddec8a71f0213639,2,0.9824140071868896
270e6df90ce8d0840f338b56fd5890ef,23,0.9523483514785767
f492e51390185d335961795f523740f1,17,0.8824208974838257
e86e33e39505f7279955cf4a58ffab28,2,0.9821169972419739
e9f91eb92a84ac7bdc6188d00e97c658,2,0.9826728105545044
10fa1475e3f248b57f708a3fa68e83d4,10,0.9712122678756714
ce99980057496a2804e98cc75014f83b,10,0.9547282457351685
ab2489278dcbced6ba65222908f6e17d,2,0.9827212691307068
e5b014b7c1499dfe4b34be099f689aa1,25,0.9123072624206543
9bd4898d1211769af6ba06d61741403f,5,0.970445454120636
175dc68aa959b2901e80bb268fa13f36,7,0.9713340401649475
a6b4fe61b6c2d0d4677d0e3770479c7d,24,0.9538828730583191
7470353df6b991858f47c061541cca44,21,0.8898873925209045
4ec3049d9bd0faf031e20191c96740dc,2,0.98015296459198
a33cefbd16ff3c0217f61dbb05eb7c7f,11,0.9612429738044739
be24ee421425040f718b3b4c89823b46,2,0.971358597278595
7c43748177d5df5508a95896f75e09c6,7,0.9717555642127991
b52529f98581bd97b09a55e7fc98a406,4,0.9524660110473633
05c79a76ea647d6421fa9bfffa5800ce,7,0.9718102812767029
39d615bbb389e9a433a9fcd9ba41d204,2,0.9826085567474365
85a834f30466d9235f1d45935a337c88,2,0.9826948046684265
c98a66ed340dd7731a62a3c869141ce9,19,0.9060312509536743
82eb9863f7861cd78021658abb1a8caa,29,0.8914074897766113
0a47af7da7038d807770c546bad30b47,1,0.965589165687561
79d462808524cc3d07a341bfc3489869,18,0.7288904190063477
23ed1bee3ca3147a55ff13287cc63491,11,0.9537535905838013
51384dc49cfa819ddd987c3dbc27cc46,6,0.9603707194328308
839059136d2986d6bdae98bbb019cb20,2,0.9827861785888672
3824e97f451eaae5ac129da08a0a9d33,2,0.9721664786338806
2ec5d0b9ba62df9399c41d7dcbbde7eb,5,0.9702880382537842
d44d31bb94ca01300732a5d549f3e650,27,0.8765678405761719
5cf8a5cf97722ad31f404d16bc2423c8,0,0.9806770086288452
dca98af5d67f8d1dc40646c313218734,11,0.9611418843269348
b68ea53dd27ffee88adfa30e410d8ebe,1,0.9653548002243042
da246f7780bd08b4cdf88c4a4d4efa98,11,0.950072169303894
cb55ca8884d0bc6555610b9c480cb6ae,12,0.9194725155830383
d9a25488111119938348009844911761,10,0.9709910154342651
84701392b5bde3e018fb47e0360e166b,2,0.9647480845451355
871ed752d32ee0d4831a26c87895ff9a,11,0.9606647491455078
f9b5ff87721847f17bfea413ccda90d2,2,0.9821772575378418
9489398f5f906d6cbf767d98fc05a1c8,1,0.9656103849411011
8a1e061c7f64ef32cba4a22dd21d1669,6,0.9606760740280151
5df29fdb73c833f1d83b632d207bb16c,2,0.9825794696807861
131d824ed7f5fc23e0c039b85009cbdc,2,0.9783675074577332
d75dac32e8ad51c97a23572ae258c08b,11,0.9611371755599976
c6c1c9ae6b11edcdeecb608f1742a047,0,0.9778294563293457
de6245eb94741bb51039c21946ef4c6c,2,0.97896409034729
4edef97354d0a64f60ae6e29468b7603,23,0.9524381756782532
4be5bb6e491f968b04e36c99eaf028b8,18,0.9341095089912415
b076374d15883413324a6fab57cb40d2,11,0.9612820744514465
4a53d68a9eeba2bafa2ba6ed892d376c,24,0.9356002807617188
5389f5e2240bba68a4fa8c4e3942a21e,0,0.980577826499939
d1a5b84bb412a2015570b3589a81a954,8,0.9615471959114075
ac78f43832c4cef35cf01a89305eef14,7,0.9714522957801819
65eb7e1f903a45642ffbbe25cfd4174c,27,0.8896204829216003
7ce10b333cbf83c5a3d4155a4a1d4a85,3,0.9315898418426514
4cffdb425e32076b706ed3a29d4b3f14,30,0.9060429930686951
4b044f45e4c7d9d8650f53b517b12edb,8,0.9616557955741882
93f6f330e06944e997dcf34949f2cefb,1,0.9610903263092041
ba0e2052c961c16885d9678ce3100874,3,0.9282829165458679
7ceb3c5f92e422d021a3b10eb9288d47,2,0.9821236729621887
65831f3d128736d07ef083bc74b7d2f9,10,0.9715644717216492
46b96217ee5acd6aa38770262441973f,11,0.9608851671218872
1ab72853b023c89fbc2353b034de534e,15,0.9525066614151001
ee54b4507fafa705a4cfa535a8f8aa51,0,0.9805362224578857
ddb2e7db601327c2b61c766f4fcc8f06,16,0.9467242360115051
6890a0d8f80f1b9e9749a5544c9ab3c7,9,0.9402157664299011
2696781ad08e79c8a76985e03679095d,11,0.8893364071846008
5850dfa93bdf00f66e65f7682ffebecb,0,0.9806735515594482
9dcbd43b6386b5c69f61966e260bb447,7,0.9715504050254822
36875159d70589fc82f975b441646268,2,0.9826344847679138
4bef2d4bf984154f6c40a2f120f95afc,2,0.49307116866111755
1dadb73bb67dd46942de89df226a489a,0,0.9806206822395325
8c308c4cb58fe97c98771083bd34e7c3,11,0.9615126848220825
1f0e7856ca9538f956ae093c4af2ba3d,18,0.9332411289215088
35b1d8120483abe5b9a9d3371cdb1b0d,34,0.9248002767562866
50c88c1bbdf49fb1892bf570b273db63,8,0.9615927338600159
7453211d0687df66b70f360bdd951bb4,21,0.935610830783844
12248e587859c0a4eb7baa356889c892,26,0.9214164018630981
b384063a455d3a0600432e0a8da215bf,11,0.5572649240493774
ea15b288d08291e7111b2ccd783b8064,34,0.9248470664024353
1979d200ba2b891550663c4e5e1daf90,0,0.9803913831710815
04f891e5f4e38b2ded8a5bbce3f8cc0a,4,0.9511580467224121
ae2018199676ee36546bc3682d4031ee,15,0.9529456496238708
3c9bd1ffd2bddb8f8f7d65dcca3db323,13,0.9619450569152832
9e24a99b8458af64177f2f498818cdd9,5,0.9704707264900208
54ad3a3b56e0f4336694fe3a82e178c0,2,0.9754123687744141
ec02d96dc7fab4814d09a0447fe0b28c,16,0.9465263485908508
e56dede6f8d5ee5732f9950bf8bb9440,5,0.9706678986549377
5c3cd392286e35eef4329f1b15cbab30,19,0.9162185788154602
458fd7bfc76118b369f1589797334790,13,0.9617111086845398
dd9763cdf2b82037316e4c958d0d4b9f,26,0.9262075424194336
3d1259349a0a34e4d088af8f34a5b31c,2,0.9796739220619202
56467c3aa29947d7142fff795d1ff46f,2,0.9821010231971741
3b1a9f59a0f9a638e87bfe156c75a378,20,0.9359472393989563
03b0c9b8c67d8b391da01c202b2628c4,7,0.9334656000137329
24ef5709cf0f717fa2c3eb4cdac0ed00,15,0.9473227262496948
e40cad2a39773697598505bbe7c955e9,0,0.9805704951286316
03ef0b19943992e694c3a5064a9e140e,3,0.932102382183075
52a5843c1721bf1e8d88379408ea5856,21,0.9346607327461243
b42148150f01760f99daea746b8230e0,10,0.9713414907455444
c563b877068aded8b8d00c9b2c1a5089,10,0.9714942574501038
49e320c286621be68302468ff4422e18,0,0.9794045686721802
2f3a511224a17d89b2a95bc30431217a,2,0.5824621915817261
9dbb42d0fe1e6f33b5031c7af0d072e7,0,0.9800924062728882
03823afc0905ec1a51c3509d864a2729,7,0.9671087861061096
fc2ea87a37a36cfa84b75e25661e0e12,2,0.9826089143753052
9101a86de93d9ff91fca47dec8ee6d7a,2,0.8001125454902649
d79575e6b367a57ce7884299c7028f42,15,0.9522672891616821
84d4453589907141f1782ddc2cdde815,20,0.9604552984237671
b721a639c813f5e620a071effa838dd5,10,0.9711857438087463
610a83d0e8ff97b0f15816917d2505e4,30,0.90410315990448
6b1a219cbcec94a06783a7167b9e92e9,14,0.8962017893791199
285d41c0015d5fb92ce44c6552de29e3,2,0.9742332100868225
d7344f9d68158ec927be4b99f2411241,10,0.9701569676399231
98feb2bc3917578bc0acb9788c57dc8d,15,0.8549255132675171
4e8045809f9df6b91e4c43189b5cf5a9,10,0.9714524149894714
209b69800a863459056f9b3affafc4d5,34,0.9257256388664246
03592093cf688784a09a708f8a54c143,0,0.9806673526763916
c4475f25dc0f4e54ae1071be874a8078,4,0.9442194700241089
16d5ef1a95f2fa65a64a29e2a94df607,2,0.9819211363792419
75e71874378481b50aaf62a1c080d054,0,0.9779027104377747
1568e0981af8c34ec11565c521e0c4b9,11,0.9609105587005615
b93cf22359d8b6c9f5e1f9e95883d4bc,0,0.9806692004203796
25f9e3168e7a72f81bde66f4d36f8eb2,2,0.9826337695121765
792b09c5dbf11af361f7764e5eccc3e0,2,0.982610285282135
fe603bc891634c0ecf927ccb5e24aecf,10,0.9713411331176758
c79114fb067c9b73b81dadfa1022e735,2,0.9825096130371094
30710ae0a77a1602fc887cd60704b22c,15,0.9498024582862854
237f127ddeaa79f5c40b37d2fef9e40b,0,0.9805575609207153
24357613f6859f286b6032b2cca86b00,11,0.9053187370300293
531520bca413fb088ae0e89b5f85f7ed,2,0.9827398061752319
34150ce1eb49380ac3af24417eb4530a,2,0.9826003909111023
f339aedd185c37b35e524d0533141d45,11,0.9610066413879395
f34953ead4176a5fc977504f7b3317f3,1,0.9653289318084717
ff9323af2f4e0b082665250574c76853,9,0.3057643473148346
3ebd89325c82d9b4bcf6d7df5d4a36e4,10,0.9713882803916931
171009803b841c91d882bfc1ade9c9a5,8,0.9609734416007996
5ce407013795da214a0ccf214d05fe55,10,0.9709717035293579
90022509de169ae51eb156e3d02ab87d,2,0.9805339574813843
3458c18ca74e65fb863b31e379f3b65e,10,0.9704239964485168
0c1c727a2aeb04bffbd62b12029923d6,2,0.982238233089447
b89f963bad17b4143d303971f91a192c,19,0.9116628170013428
a093933911a4e7d56a0c449daa9aa321,10,0.9714816212654114
6836795c22230dc44ac9ad568bc2c1f3,0,0.9806607961654663
db542db2fa02a00d5c8db3ada286bb98,3,0.6275563836097717
3c0e3cecdae39d18fcef35a4de51cf53,17,0.9307606816291809
bef91ef695feaa1b09d4915b238fbe06,27,0.3620009124279022
0285df930d7525a4a4ff2cfb0d96f885,20,0.9606369137763977
06015d8de7c765dc6502a73c78b331f3,10,0.9715002179145813
403a37d704e65b7edb4db524e6784b37,13,0.9622568488121033
df21537ff15aa205c2cca9d4823b81c7,10,0.9713015556335449
904972a4baae3dbfdfdaa9b3a32f9bbc,0,0.978398323059082
3bca94b5ab8e316f0db5173d62ac177e,10,0.9686892628669739
4b1f07144d97b90026a00a0565471018,13,0.9624834060668945
ab70475f4304acb9c664b6bfaf7e9ccc,14,0.8935896754264832
0e2f87ae9124155522cbc426cf32bf27,1,0.9617801308631897
85f3e5115fc553e824cb25f728621806,10,0.9713982939720154
44c007644e1c0d5432e3ffc103f16e66,1,0.96422278881073
6ffbff7b10f84ed4c4b3bc1f9bfc6607,2,0.982501208782196
6ad1c453a2d19b18c8c020ef870d0059,2,0.9826900959014893
73f7a6acc330fcc3f7f3b6d67c2466e8,3,0.9328466653823853
943d338339587a8479bd60ae44d28c9a,0,0.9806534647941589
cfea4701be46d72cea2d541343ca28ac,27,0.8837946653366089
a2e341b1f2cf9d483cb571d0abd9beba,9,0.9328386783599854
d3c3ff277a8e575d5017aad392ca65dd,2,0.9820148944854736
2d3559808ec6b97c4ab67c0b8ac64488,13,0.9609600901603699
34b21269b11efd3777269602cc65f8ed,0,0.9802700281143188
882badc401e1fff2e834d9f3da08ff66,1,0.964928388595581
0cfdf63180760a91ef6752dba832ed3c,10,0.9714008569717407
738b343e70a10d5d55e120e501a34134,8,0.9610796570777893
ee0aa93b4da1261dd2ae2c6211745831,30,0.9024212956428528
73cd70b5a8d467ccffff5ccc5c8ede04,0,0.980581521987915
c04aa3d7430a8758278aacb35b485d99,2,0.9826979041099548
f81ca3611864e344d769c39f3e48c8e2,9,0.9363920092582703
18929668278a6ec89cff390d4ba01cd5,11,0.9607604742050171
b27c7c7598f011239fd6769d175467f4,0,0.9794726371765137
ed228e20871d809472483ec33582eebe,8,0.961558997631073
60ef378ebe9bb6927c1ded9481d265f3,0,0.9805353283882141
2b14ab410945c30b25736a5993965618,16,0.9468306303024292
a15530d4b8a9eca86c003446083c9c5b,11,0.960453450679779
5e2ce05d7a20e203ae40b5945904f2bd,6,0.9588844776153564
f1b5d6d2ff0f6f962195bb85672ab440,5,0.9701184034347534
9c2c222bb0d2ef93f10571cce1d492c8,11,0.9606993794441223
8991dde0ba7e640acc8aa7c1b62b9073,2,0.9828073978424072
a98dc9050d14b5fe00d866b2c79e1f49,25,0.9137771129608154
b3282eac35a5b39b7bfef89bca7adbf5,11,0.7604426741600037
f55954c21ff7410d545c4ff601fb5d44,1,0.9652106165885925
a159bc4d58f0eadb6bf3076c86cd2e07,11,0.9607794880867004
a3aaa380b3407c5c424f464a76d3b106,10,0.9714444279670715
65e6aadb58e429afa829a329451a721c,27,0.6937321424484253
83812b5f1e9569e1262eed5b2ecb1583,2,0.9805573225021362
65b45b04cfc5ab6caa520ea809d6e49a,17,0.9391809105873108
7bbf1e0fa71821293bb2898edcc9f250,2,0.9822385311126709
6db9a6e4e72575e24a11c5fc60895ca5,7,0.9386382102966309
944c4a08b72316a37dcf91b2c1f536a0,2,0.982624351978302
967a14a3bae6668af7733f0d42db3dbc,6,0.9580501914024353
e97f3d19ab87425e632d56b820ad25fc,7,0.9712148308753967
4f1da6c52cefa2529f6862915afa3e61,10,0.9712899923324585
992b44e575301c068eb33a6381cafc3b,5,0.9645358920097351
a4bb85c9719d6dee7ced5317471dde0a,5,0.9704248905181885
d7d72353f3094230bf4a7f93550144fb,10,0.9712606072425842
c13de2e93852914118e243d227f9f52b,10,0.971267580986023
03b4b9e263cc001c3b9fbceae98fe8e6,0,0.9806025624275208
d8b9edd44e2c3dab94d9042c8a3c9d6c,20,0.9605393409729004
0db657b5f457c07ffc3f04c276418aa5,10,0.9715433120727539
e5077661f465a7782dd0f9d80498f705,34,0.9239164590835571
eba12d58579e3c820f57e3f5a57baf45,5,0.9704028964042664
6681f7373718101470fbd2428e986fc8,2,0.9771395325660706
81d814f59c43259f26b431ecc2b8b6f3,0,0.9797955751419067
362072781924ff9dfd815aa5e3423a5c,2,0.9822575449943542
ddc907f14477239a6727d383fc0fff69,10,0.970967173576355
7e8707c85bbc9c6c22f023f83083f947,10,0.9710925221443176
ecab695e6afe7d3db5d09560b6d20908,2,0.9826990365982056
70d2ad8f0c500427a561b2d823f3652d,2,0.982783317565918
ef57410a3a7b3eeadc302ff45f4c5850,6,0.9599800705909729
3ec46bb0979cdf573e90ca538f9b9192,23,0.9526191353797913
df33875b1d36b7d0adbce0c86ce1cd02,7,0.9713975191116333
a32202855f627bbb4a2ce5d92314ae52,10,0.9591448307037354
cfad92115394643788b48f58d4ef0ffc,1,0.9652501940727234
c4b36db5f9ca803e8fa3436b973621e1,24,0.9536025524139404
832b45a85dd44284568418631f3c8639,0,0.9806297421455383
fdf3cea09a4dd453a78588eb6468c354,2,0.7716121673583984
763d9899b617cebaa76176178f9b820b,10,0.971047580242157
f45eb68525040c040812ad756a087c9b,21,0.9281769394874573
2bd6bebd863f0661e03ef09745ce6f10,5,0.9706671237945557
74fbe8a6f9d91e2a838bd406deb8f005,2,0.9813404679298401
5ccc761963de1edc0609d1f18efb95a0,7,0.965477466583252
c5909d3128ededc97ce5b17055d6ceab,1,0.9653056859970093
8ccc86728b282382dc044ae9e502a54a,26,0.9222196936607361
293222ab54161493b3f5b386eabb2706,0,0.979627251625061
1e102ebb2fabd71b0df655b25d2ee1dd,20,0.9604709148406982
7d20b3b85bdb94a294075830ecfd7d84,10,0.9648464918136597
4b2f9ccd2bb9a0e7cfbccfc2ce03e5b4,2,0.9827563762664795
4045d27e40b53f772d2611dd0fd4d506,11,0.9586077928543091
34c92f5d5af6ec3a43c5495030e98193,6,0.9597359895706177
d5c02a8c4be7e656cbb2beefd609cdc5,23,0.9526309370994568
9ab157d4fdbb6a8e5f7353789a7c7241,16,0.9455453753471375
3be1d3df1a08095b350ee6909d616af0,35,0.9047673344612122
6269e35b9f7f6a1d5abe1748ddf61fdf,1,0.9652283787727356
3a601e9fb5fd79e6f50514ea01c7011e,16,0.9472827315330505
302508ca78a5222a4f95a7b2492ca956,7,0.9718818664550781
e5ba78a374754d506beef96e6d40ed4e,2,0.982018232345581
4a47b0059b6758df104f380e7014d2c3,2,0.9727954864501953
f9bbeba58b307dd8a43d4df394ea5dde,2,0.9826535582542419
23a6122c707ef4b86f98257b32646b1b,28,0.89766526222229
bc1364c488aa73fccfc46fc53e22182f,4,0.9515395164489746
1acba047df4b5669df00de70b046dcdc,7,0.9716765284538269
6276aa7603f4a06c7930bba8115cd9c6,4,0.7453342080116272
ba6592ace1360af41f3a328e327d3416,9,0.9378223419189453
017b6d1328dd0c33738162e9c8eb8293,5,0.47927767038345337
c90fdccf943a64eb28b6f3ecf00f2eac,5,0.9700961709022522
e7cb5d5de9c4ca2fa7558a4bf138fa1d,1,0.9653699398040771
569aadc0ed49b7b3635d47926179e00c,4,0.9522716999053955
95d1389c2441162da7f4e7cf148c5eca,11,0.852303683757782
605d782441da2009ca5ee54bf10d8b45,8,0.961642324924469
f1b98fcdd912ff79d8bf38a476d6c265,6,0.9603926539421082
abe2c27fb5255812c12183ab9c44f9d6,5,0.970544159412384
a3d0f096af3ff439adb14d7decae8eb1,2,0.982344925403595
abef748ec715528335cd70f6bcd0222f,2,0.9817970991134644
f52fe837a3a30422b3807555abec9bf3,13,0.9611817598342896
c5ebed5aa887f6916e282711b3e971b8,10,0.41269370913505554
52c92c8a45f483c160da645f76f0ff85,4,0.9524572491645813
7b341b7b0a03f7959be3809dfccf51f1,7,0.9718915820121765
d80f3b2ad0a2df747dbc4f74f5aa92fa,6,0.9491891264915466
442820c9d628e8f18dc8da0a3ed5ac46,5,0.9704815745353699
83f856d2d850e081057d25e5c7c5c607,1,0.9616129994392395
a1b1671bf72171450e5db07ab04ed853,2,0.9818618297576904
6cdab98b3f8a46073ce438d998561480,6,0.9605866074562073
852e4ad20d508b0a9aab2606ee0e8f5c,4,0.949694812297821
75154b282003d52c659e03b8d66c754d,15,0.9524222016334534
f219c7da8f11e38c8fdb6c286c37307f,7,0.971774160861969
8c8ade84aa1ffaaec530629add8abc6d,20,0.9607160091400146
838b59aa9b13c3b09c707512a3c56f10,2,0.909430742263794
d191dddf3d585ec31ea6f970189d6754,0,0.9804348945617676
d0884dbfb199263ba52cc89214009840,2,0.982546865940094
ca2f371d9ab5634e998fdc5d435a8c25,6,0.9607853293418884
d9cbb907461f550b1aeff896c3717572,3,0.9331484436988831
0f331dc2b23a1a9584ed5668df87e9b3,13,0.9624889492988586
f38cb4bedd9c7a314b3b40ca802b8cd7,13,0.9625099301338196
0b53eb018aa3dd9453a9d4d698c3f1b2,11,0.9432015419006348
7adfea476445a5956c4437e0f0f3c18f,4,0.9456615447998047
db49f928635f40bc46bfbc884bfd2aa5,6,0.9600253105163574
5fd27d1207764e45d27c34ab8058826c,15,0.9134458303451538
9ca93074be483dcf9d1b65b590e46a73,27,0.8876279592514038
db95376dd1cdceb2904653034079ecce,2,0.9826432466506958
54f0548b31dc172ee9673c64a4518258,11,0.9612026810646057
7d22515746dcd1d42367c2896d0ccca3,20,0.9605394601821899
4d58bf07d2a501292e335a97518fd55b,5,0.9701926708221436
6ab070ba9b3555e48250b39e1621e3ae,29,0.8881120085716248
415b41d8c65cf3055639ae4f29ba3d80,13,0.9621326923370361
48479e58aa0ba24f9784fb4e0340586f,7,0.9718038439750671
43072041379c65c36318ac04ef7daea5,0,0.9803088903427124
d05fa75185ba6ccb2add2f5c673a0d8b,0,0.9805579781532288
9807b4a83ae567b5b5478440256910a6,2,0.9827205538749695
dd914e9de9ebbf900b763f1cc917dfd7,11,0.9607353806495667
901f13ebc17c6ec6cc9b60100e6ea2b7,11,0.9612414240837097
cda0c038731de2ccbb74c4f5646f7677,5,0.970535933971405
49c7353bbbc915c8e99dc7bf17c2a234,15,0.9411227107048035
3c7e2d122d54943d81c1cfda842a5cfb,6,0.9600453972816467
d17addd0f06cb5d6b1ab7995d639570d,12,0.9165444374084473
b220d91f04ffe878d54efdfd49e9edb2,11,0.9611066579818726
dbb46134d51fc49af379d05217a3bb72,16,0.9462956190109253
63394b0813c9d0ea30116a4e3a390c2b,0,0.9802651405334473
8b14fe5d7ccdb442e99324412501d80a,11,0.9604551792144775
def35960aedf58ee9be1758b6dfab3db,13,0.9617413282394409
8d39935bf1a4ab31479f21a0b1961ed6,2,0.9825406670570374
e82029123369476ba296c8b938d8efc2,10,0.9714697003364563
a01ed69c736d5bb121a80d116317510a,27,0.8828063607215881
3474bcfdf28d2dc51d5d97076da30e09,20,0.960662841796875
42b8ddb0d0234c1c3f7b78fb8e35057b,8,0.9612972140312195
c1eb02970c61df9e30253d8e57c465b1,0,0.9800856709480286
0045d8f2f090883d8989174adc175633,11,0.9603984355926514
420a7b98e9ed716ee8418cbb900d08f3,5,0.8622980713844299
b63fcf83ddcc40f364add921f4ff6649,2,0.9828091263771057
1836420d6052492288b458b8a0ff5365,0,0.976371705532074
abb1de5d41cf8ad0448c83a778f4b27a,8,0.9566784501075745
c349d4bfd4ea2c3c8c6bda77258d8688,10,0.9714301228523254
a2962e1a6fafcbbf9d9626eac6fc149e,0,0.9807409644126892
a96b0480911de46400f2fa32fb26e4ad,10,0.9714272022247314
0bf12a9fa2acaa1a953780852dde969f,8,0.96137934923172
655b9c125d191ebb35f8b5186b5085b1,2,0.9825122356414795
240f56dd30f612d652a15616df5f99d5,0,0.9805307388305664
6561642a71ecb08dbbe9f5296c297781,8,0.9615443348884583
fdae1a17d101d2dc0dcb26455ab2815b,0,0.6464858651161194
2a6f5b27b2d30e870c5a016509054cb3,6,0.9601714611053467
ae9350d8dee27760a6e8ebd4803dc060,11,0.9610313177108765
9da787ffa6b9e1755063d3075ed743b6,2,0.9828410148620605
b48edaf5a7f08c03874c050ac1b32424,21,0.9180129766464233
3af2dc440518f4cfd6783e54d4012baa,18,0.9339381456375122
aa595646dbd06c8d5856de6aad993d16,0,0.9806612730026245
4e6468859dded20a28a71cdc147e202f,20,0.9604153633117676
df76723d8403464608da8f09f28fbfa0,15,0.952415943145752
6ff26f3027cce2465e737b0db97da067,0,0.9796730279922485
ed242f6a4ab7c5355a1f8cda696743e9,2,0.9392836689949036
5fdbe2f2c3df724ff36fefd18b0db4e5,11,0.9587664604187012
7853c307668eb1117aa0e36718cca942,0,0.9794464111328125
c7b44000f5e4d9318bdb8df8e79ca3ad,15,0.9525429010391235
8a544b46f3f638507be546ac5da18031,8,0.9614318013191223
430f6908e641573a85a11efd0e2e4b16,5,0.9705587029457092
72d15f8b69fd72a1e493c476a0743d11,1,0.962584912776947
37a861ec16e8a5bcb315d16bdb69887f,16,0.9205685257911682
7e47dfdf29dfcf8699127f3c46643b77,1,0.9641315937042236
c395a8835524425c413f97193dce5342,4,0.9477511644363403
3d9644b5efc63cc7846057a11da589dd,4,0.9526866674423218
406fa38ff383f1eae63b9002ad4f98a1,8,0.9616711139678955
e1f1cb7d1b5a643688a70c095a496e31,2,0.9775059223175049
116c02854c888cfadf744ee298f51759,5,0.40619581937789917
5539a374d5a35f5ca4a35da9457c2d3b,1,0.964806079864502
6de6b7510939e8cdd93c630d8fef4345,2,0.9821771383285522
a3c8ff127ed25356d32e923e869f0d14,2,0.9758239388465881
1dae0940379aae86883d829669b49081,20,0.9602286219596863
f59c962fd9e07e376f12d8d26dab09c4,1,0.9657108783721924
1fb9774292c3b9dc838d6e035f74b01e,10,0.9710568785667419
ebcb8439354ed064babd83bd7138235b,18,0.934087336063385
ced60cd992a22e6942026bc8105ebe40,10,0.9709165096282959
f0d711e136a72fc2b22e9b8f908091a1,10,0.9710526466369629
80fee2cb7051cf0c72575b644b20a4d3,34,0.9267390370368958
1cef9564d05f6b61fe8fe834d136d8a3,2,0.936147928237915
a30a86e2cca7ccb7d2d296c9a8b092f0,13,0.962085485458374
bca1b29408f24f50a1f9fb4b46d1c102,2,0.982743501663208
3d92e3daf6660ab2b88751a3fd3b7dcd,5,0.9704383611679077
784d786a087d5d7a22d722ab8292fd0f,10,0.9709358215332031
a1b0669034008b8d4bca42bf0b0d8ae9,20,0.9605661630630493
c881088be572f1ba3d6cc799f6b4d8e0,15,0.9530037641525269
7dc294325ce5a3701b1300d01425f171,0,0.979248046875
8e0582245ca08dc8af7d19be3bebfcb7,2,0.9825495481491089
a5b25fa21ec24167f948fb4cf01a5f20,9,0.9403867125511169
3e8ea9a23db6b8d1e3018244fee0f5e2,10,0.9713961482048035
fae20a30da321922fb40c4d4752c6d69,4,0.9526813626289368
1852349a751064d26fd05c1c1f06183f,20,0.9607097506523132
75b701a9d06610aee1424deb6cac1e10,13,0.925961971282959
195080183d60718fb60506bf33a6916d,0,0.9805576801300049
cf89fc1c77eb97d316e8f32d3c33c994,7,0.9718083739280701
e24ec8067561265443407a5aa4d0287f,0,0.9805769324302673
ba3170d1b2bdf486c49245f967232423,1,0.9644801020622253
5bc31eea963e972f427a5c6d69e2a2a3,20,0.9601941108703613
478156fd6bbc9490446bad9c0d9bb938,2,0.9822502732276917
eb72cbc848f378b55c8eb1dd76233aa0,1,0.9651598930358887
6a7a941c37e2d3ea55258c79fbde314e,2,0.9823046922683716
d2fd4493a0f6e7735c8c6d3daae5e35b,0,0.9795249104499817
5d084913a0d1e3ad12ec89ea58b31e79,10,0.759560763835907
594caadb1d5271a56f0a44742fe53b73,1,0.965592622756958
5b8998c3adf9ca1707d75c3743b1cc33,2,0.9818066358566284
0d5361a6efac56a9f69601b25304c40f,2,0.9735056757926941
0db189c2fa3085ea784df9ea8b86fe06,2,0.982384204864502
71fbc17a999348849ae6574aefde15a7,10,0.9714052677154541
fa1c8aabf88cdbfcd8ef118227fbe387,31,0.8774734139442444
dd57c7282794295bd40dbdc41e4c1f48,8,0.9616659283638
296e83d288695a2d3fb265be47a60c1e,7,0.97174072265625
e8c7787c5c9ec7233d9b3f7e81780edd,8,0.9611364006996155
c61a483688fbdfb31b83e48fe8cc7437,9,0.9256805777549744
d6fdb54ac41d152082b87930f4138357,27,0.886012077331543
255e73df0d33637c420251b051582b60,10,0.970743715763092
8d8ef59ef11e4db04610ab27c9f7a94a,6,0.9600425362586975
a4ab941b296926051752b455dbbea9d6,0,0.9770495891571045
292b37e4efc13a887f820e6378b58b33,10,0.971421480178833
b801a5f506f1c78b8723d0ab68d890be,13,0.9625082612037659
1e0154bce29e2f636f86002bfb42bdda,2,0.9816075563430786
d7ccbd0e9e17869d63982c8fa4f679c7,7,0.9709526896476746
97fe33c625863c29ff061ab77801fbb1,0,0.9791017770767212
e6322421a11d28c2888dc3259e0a8ed4,6,0.9518558979034424
8348d7177f401f423b36d6f41aec6e33,13,0.9623450636863708
41bed3d3d35a33d6d678c082fc359a7b,18,0.933806836605072
4de34168c1b2e694f45f9155fa40aa80,0,0.9802240133285522
17b2978dfe278f665da1844fef76d47e,20,0.9576174020767212
363da282c577b3f2f52ec7ffeb0e5e37,7,0.9667366743087769
43cdc7b67dd3c67439ef61fc7646d267,23,0.9516032338142395
95fe57aef7b82d8e60b26f50ee61885b,24,0.9489344358444214
a53ee77cd19b733605eee1341ed9db4d,1,0.9649573564529419
050edde90b035805815e18546d4e04ef,20,0.9604688286781311
f44e676156fbe5df5c1ebc70271bbacb,0,0.9806509613990784
9fb4e5986301899213b02299b3511ca0,6,0.9605843424797058
daf790d60e08e63d19fc688364848656,2,0.982316792011261
0fd6b12e7f110ffe353c5cb44b48f1bc,18,0.9339241981506348
93e44c0401352a38899758883c62c933,21,0.8699725866317749
9b1206315475c107e1c478912040d46b,8,0.9616020917892456
e6f6e068da407c8a14ec947f2b0bc85b,1,0.9624735116958618
a52ba9a6a4f518d83837ef8085692a1d,13,0.9624902606010437
4180b79f2b17cb985a4c7d1457775c3f,17,0.9381721615791321
aad6a8e2d7a0500627cffada62c1abe1,20,0.5770953297615051
96e571989bb19f4afd860073bc427437,20,0.9607495665550232
65895691c6d4f7fdf5e40341ea689888,0,0.8713352084159851
c6e1cc90bf3c461077ce3effe549976e,25,0.32120954990386963
db9611375697422c46035a54275a5bb0,16,0.9472920894622803
7e0bc848696e254311e97b481ea7eb15,6,0.9603748321533203
835e20e80e7b5839f47849007c6990ee,24,0.9493959546089172
415032aeedf7a97c3314574a0f576fca,11,0.4843027591705322
cabd60b40320ecde6717b6346cb5e57c,0,0.9805691242218018
98f97270d637a3207b69596667a2df8d,20,0.9606090784072876
a1eaf5e5d545aa3361fc3cd35a8eafc0,4,0.733974277973175
9a6038f1e65cd4fc5c258b24b4800f4f,10,0.9714875221252441
99ed2479a0ecd2a6088313bb7a46f680,8,0.9601672887802124
561ad11da9c0217209d9407e4e3630a5,29,0.8815053105354309
b880dbabb3817b2cb1ed740eb886d13c,15,0.9531127214431763
bb1e7ef7a2d224662ba171dcfeade843,20,0.9606507420539856
b01d235d0bd4e883a8cfb4902ac9fd36,11,0.9606249928474426
0b4401f28fa60fa7dfb656838eb1373e,13,0.962115466594696
36d503cdcf3479dc5a23f6f8cc98a16e,1,0.9655968546867371
4ddb585ae05f512b38d9ef5785d2bb4c,20,0.960873007774353
bbfc24dd8e7659f57ead3e1275b910eb,10,0.9667046666145325
2f13ca444661c77ed642bd2425b0ef65,2,0.9806731939315796
a7894ca4468764f4244e2b38de378974,0,0.9781389832496643
cf453097411f9376829da8617b0acc91,2,0.9620879292488098
370609b739ca32de1bc0272de7e241ce,9,0.9400436282157898
478b4f090aa1c702e0df4f961466b6df,2,0.9827473759651184
803b04bb857151dce30563f8cd45b186,23,0.9526429772377014
75a76fc479f2a0ae5c50334a8326042f,20,0.960515558719635
94e3d49703d831e468371941bdab82b5,20,0.8433315753936768
a6aa61b9cd586c58af97a5fefe3ab914,27,0.8870792388916016
37470aceb0bb5a42327e8f93076c7e65,10,0.9715158343315125
089f6fccbc04e5e7c93475ffb4181309,26,0.9252740740776062
44c565fe9d9c35cb2bcf7ce559f25922,8,0.9616647362709045
ae006e123c5a07e05eda99a1364e04ab,13,0.9623213410377502
667d1d5dfdb3a30a2b462e10c5232b99,35,0.9277269244194031
17d0a1899d7a4501dc3bd90c9bb326c4,10,0.9712747931480408
3a42d8162c9cf81de43616d030d77dc2,4,0.9519819617271423
caa1bbf474a1f6ab87b52f3cf22c5ecf,18,0.9319996237754822
e7678a3d4bb9175c100b825cbf008178,20,0.9199778437614441
74f31f4cfeae1d3c35ca03c62ff8b1a2,2,0.9826332330703735
874d1cd2ca99b2f0d191ffe4ffea49ad,2,0.9827885031700134
659c906553089db602e6a98b16754897,20,0.960460364818573
9af3268c5c9354eea2a68bdd77681913,10,0.9714745283126831
fdda22db6a6755055bee295cc0cb1458,2,0.9825093746185303
9f535df361cd7fb4ee8666b8ae7e124c,24,0.9524667263031006
b697011a230b10a8917a2567b366774d,10,0.971504271030426
95c8f25d2cf772c4f1aadd0a638a8d93,9,0.9359304308891296
00883643ae2d2a4cb9d9f70ce3e576bd,10,0.919205904006958
6e7929250b982a86c43d8d11d4b6b5ef,5,0.9692955017089844
3066f6a559ebe33dfbfd707ea4ca78ce,20,0.960554838180542
6c22f9c482aa3098115ec7e60ea05b30,20,0.9606196284294128
e5d5b02e4bb187d4b6acef8da6936559,1,0.965364396572113
c6bce167ab4c4f49748958fe966eb26f,10,0.9713823199272156
f47a1d2d55a8fc5cf8b59743494237a7,2,0.9822913408279419
983dd60584f87bb08128f03999a3f1b0,2,0.9826074242591858
cd23f664ee1e65c608e0b7c5d6cbcfd8,13,0.9625771045684814
7ed31e9d87d537df1f4443769eef1d97,6,0.9605821371078491
6be420e6ddbb39fdebab7a1aae279649,13,0.9624485373497009
42612c72a73a819a63f152b51b6952f6,13,0.9613838791847229
3b85573515ce9705c68c4f265c97eedf,2,0.9825664758682251
38dbe56441eeeffa00a32de4a441f9d3,5,0.9701780080795288
63f3177084a8552dd464b9474d960927,2,0.886961817741394
88b5045e8b24bc59c24c857eb050d752,5,0.9611464142799377
cd21133b306c22396de8f891dfb2febd,5,0.9702402353286743
e285939dadf41f03e1a554580fddfd4c,2,0.9827175736427307
08c143714d33bf925ea2b59de51ce6e9,5,0.969187319278717
96a23cd678f2cec60785a7e4994d411f,15,0.9346067905426025
9a649985fba2bb1c036a991cf1e0594c,13,0.9626098871231079
196a3defb87f4a2ab9cf9412fbc89cf4,10,0.9555962681770325
9b27f4ee96cf3583b11d661eae7b0064,11,0.9607729911804199
42296f91ccb01bdca562fd217c65282d,5,0.9705196619033813
6baa76a90a58cf762350ffe44e9ea601,5,0.9703521728515625
c4022e8fd113a0d699ac19a21b1efd3b,25,0.5899842381477356
136ca863755b72c8846aa2643b52787c,5,0.9704262614250183
ff9ea35ea0db500aa08b1cf289645ee7,0,0.4267217516899109
6329e7767453428d5fc931a489761128,0,0.9765293598175049
689e1f0387478100322745125551ddf7,2,0.9827930927276611
ceb170c15091e6a573d33030bb091ecb,11,0.9606207013130188
55816e07cb87317a148d1113dc6a3e61,2,0.982526421546936
4b3cba7c133d6ffd645d25c78000f4b1,2,0.9809383153915405
1096756c0ee375716821690485d38ed8,8,0.9612781405448914
c4f04b28261228581e6dccc85092a0f1,6,0.9547443389892578
f6bd01ae6927bc9067f447ac1b0b69b4,16,0.9472371339797974
5180b994c956d002b1d97803501df294,1,0.9636730551719666
d229af4aa35ba5e2db97e93a79717163,2,0.9826266169548035
dcb420c5e95c719b8686bf00b4249d85,0,0.9807087182998657
9903c1eb4cda741f1c108dc9778dee35,2,0.9824007749557495
ccb358087882d340b1b440f4e1fe8f55,10,0.9713630676269531
cf20a10b2a4f09db20619f1e931144cc,8,0.9587730169296265
4c473a0af07c2ab547e728b629d11100,5,0.9705867767333984
88d5f6af8a2529b32d2bf28a00204014,2,0.9816901087760925
a7046613308dfd6b809f2570e21c6c11,28,0.8886681795120239
f206a3fd641f5b521cd36207fc2f3120,21,0.9341602921485901
b5bec4449a13039070f53e1b757e9769,27,0.8862085342407227
e74271f1d8f0ab7f6e79a8d6a64c696e,10,0.971312940120697
4c58e95689c795717aeaa42542cb3c0d,10,0.9684550762176514
7316249f4a35cfc77146a7837f067406,20,0.960726797580719
98433f4d153a786d98b6a440386108e9,0,0.9789217114448547
98a508acafd6dbab9b57c17481fbecd7,21,0.9246076941490173
db5cb0da33acc148504db9dd9af6d746,8,0.961676299571991
e4334e0b90a50738056b63e4afb82175,7,0.9718441367149353
8812e129a9ca4f9eea1345aa2b9cdbf7,2,0.9455345869064331
59fca8000ce11ca960434448bfaad6ea,2,0.9824260473251343
7f6b2ccaa9d026e100e3b16d1eae6d7a,11,0.9608274698257446
f3b352fa3496a8012ff40f512947f61c,2,0.9825392961502075
239947accf975e3f9ef546355ea30c82,18,0.9343485236167908
a5ff2a720fa6b1ad124ebf985d205a9f,18,0.9189340472221375
f5c256d8a857c7c63ff2c75e30a65a41,1,0.9646211862564087
5b0a3b6bee034e657528c392a0049c27,2,0.9822351932525635
6b7189bd01c9c4a1bc11592d7927adee,30,0.9021515846252441
1a7cc5a71ec3872c1510ae8ba1c914c7,1,0.9652369618415833
a26a18746c6d328668bf86642c509c8b,21,0.915662944316864
b90e5c1f144ded8017034d8cff90afd6,13,0.9621118307113647
1e146c6624d81a7d94dfe4a6c0757020,4,0.41522589325904846
658b4f54a13626e49f0854d4d4435974,5,0.9705262780189514
bfdd875775ae1c251d471c834cc535b3,11,0.9615110754966736
8c2ead8f49912e817e17d0147cd44822,0,0.9629762172698975
1a9de41daf05a5020eb75a5400db3c79,10,0.9713241457939148
ca604b25542db4ad89165c9c987e0930,5,0.4169948697090149
c2f300e6067cc5b61d036fcdb57a990a,9,0.9396066665649414
d9fc09bbb374217590df06af0e9116ad,2,0.9824638962745667
c0c1bfc55d360b62018b61a46e735cf6,10,0.9703158140182495
ffa78b1034a58ae2515d6599cac26a21,2,0.9825024604797363
bb34590034d7001945fe4ca473ae6a50,2,0.9824783205986023
743cabfb92abcd5d79c0b217cd504ebc,17,0.9313378930091858
752855803d18a90d73d05676521fc3b8,13,0.9575989246368408
3e6464ea85c9523a9f8b04ecf8d816ac,11,0.961542010307312
8f5ce6057dd697d9c2ea7ebe0fbaf225,2,0.9827547669410706
dc254bf2648a2f5bae3798b6262f739b,23,0.9521166086196899
b109cad603a08e2e23b2d20bf7ec7ad7,2,0.9800077080726624
b13df660a448d3a752079df3c67b33fb,5,0.96966952085495
31e9d253d8f7dccfe8b7a0a0148e0789,20,0.9608529806137085
2207500851b8e1bf19e63519686c6f0b,4,0.8959522247314453
c9052b606ed7d1201bdb5dd6dac6ae9e,13,0.9621981382369995
d16fe359b8b4d1f1ee156558aff74407,11,0.9611378908157349
8d2c98ebd57310a7c84c497f0445536f,18,0.9331499338150024
1a3912192ddf4182f710f06b38ae5129,2,0.9828007221221924
0573d85b9290d299d88366b8083f325c,0,0.9803310036659241
175bcd5886bacf81ff9c06ec0619a165,31,0.8760935664176941
39d47586f5a5abadc62847e0a8b8b83e,10,0.9713071584701538
c7111c4a129369f40fa8ad63353f56cc,13,0.9624953269958496
f2dd9845acaaafaa5883b4f75d49a472,19,0.9156272411346436
ca7059efaee91a6db5e0c413b4e0eda8,2,0.9828270673751831
242c775d36fa6505a6b1721c01c757ae,2,0.9826864004135132
5832ac7860fb697947bb0dda6ebd45cc,24,0.9535555243492126
cdb2754dfed8be4ced6e0886e5a79638,8,0.946800708770752
766a9f0917f0dd979cb4d97848151a0a,3,0.891863226890564
8c90e398b4cf157deda0d09e33fc7e4e,2,0.8378626704216003
588bf1e574e402230401d2f207a7dded,30,0.7972233295440674
dee310449ab4aad1e4eff62d21ef0f23,34,0.9121432304382324
cdf4ba9c602e90a1e530ba4de7b865a7,23,0.9503793716430664
9c77e27198f2aaaf85760816ebadc885,0,0.9803849458694458
fb57c34183ecc0eec0405dac6f5c6498,16,0.9311484098434448
14a0c587e6737af12800a227cf77b63c,4,0.9403970837593079
cbd88c3a32c8290b7e73bcac0e39be01,2,0.9826247096061707
9a335ce5643d50582281ada1ac69007c,2,0.9814744591712952
9819104487fa4fbb81e6ca0b124c04d7,10,0.9715278744697571
256251befe7b4f212b903cdd2d4c233b,2,0.9819974303245544
a404a5c3b949044f034086b23e6f2f18,10,0.9715611934661865
edd77176c79ea5a35d9992e11c0d860a,11,0.330394983291626
acdce51921df5fe566693b2fe8e16046,34,0.9255982637405396
aa532d4a0a805aeae6e773838081f831,0,0.9803998470306396
7004cbe2107e38c706b9b56aa78eb4c3,18,0.861109733581543
3fd268340e76316433f264cab8facf02,0,0.9219292998313904
6323a3a4097d2ec572355cf72ecfb863,28,0.8695550560951233
4ef8a80779d2f89fea8738c9756dc168,0,0.9755997061729431
7e7232a4c7af92c1ecb63a43975f85f8,15,0.9520634412765503
b625bbbc4dd03d336367c621e915349a,20,0.9607048034667969
9e8c7a8d0588383319ea787fbd012616,35,0.35153937339782715
59c6a04ce6649dcbc404cc34814fb244,2,0.9827965497970581
c4caeffbd502b5727259e315ea898f17,6,0.9529517889022827
7b90857d131f6badba7572a428a66dd0,10,0.9709597826004028
68057866833af6ed8997eb55112c3b51,0,0.9804820418357849
18046fa9292b149c3ec05768deb9b4e7,2,0.9811958074569702
31493a2dabae33940947c6b041342d0d,2,0.9825183153152466
5ac4d02d96f455acd3888d616d709250,2,0.9823476076126099
8888518dadc35cc862fc84785fc3ceaa,1,0.9504057168960571
5995e9b9b9156d25c2d1e8cfbeba1a89,10,0.9706118702888489
9cdbd202b0230e39b406ddf71a70fa74,2,0.8659253120422363
33a6fb3763d9beb5d598b7f8070a315f,17,0.43162238597869873
ee727a4b580789d67447cd7fd5309484,2,0.9794737696647644
93e189f43c07a822bbbd8127d99effab,13,0.6144062280654907
8f3f7347cae98909ebc4b6ef24539015,10,0.9715113639831543
4b96c8ef1d6d42a3235535cf97b302de,0,0.8871944546699524
7260f8cf77e9832c013fa580f7601724,16,0.9469924569129944
e411408055b0e2d2bbe1e0f6f2d27b29,11,0.9614386558532715
999afe60eceeba742b4bc255034a0dbe,11,0.5005552768707275
1a51f1c8a23273c9f0ebb3bd141e3685,5,0.9706145524978638
1d1b395a570c9b88fa4cef8bdda6d6e5,7,0.9714400172233582
de1bccd1215edafbe7d5f771f0b5b2a0,7,0.971778392791748
f0496f1635dec044d10037300c8b8cc4,11,0.9608079791069031
5ab4a9c729119f1324e4a4f479a088bd,2,0.9815495610237122
c7d4287c0ee9e82235347719e7de2098,25,0.9150310754776001
badd5b630672b3a1c2777fadb01bed28,0,0.9804443120956421
7b78ba62669f9628d8437b1aac6b714e,20,0.9606589078903198
2318377ff97649c8fa5903fc8b56ca30,15,0.9523259401321411
447811af95571a9c347b5742771c759c,30,0.772807240486145
80262a1be9e79662befdd087a68a5cb3,7,0.9718766808509827
aba1e6187be7214d8d660e5d0d9fd92f,10,0.9709805846214294
d1cca9bb47ebdc3d6ef24ed285917925,11,0.9031251072883606
06c2165b0b69312fbdfb0d333ba38fe3,19,0.9155089259147644
bf0240585522462a6037ab1d49611c29,2,0.9827797412872314
b5df873e4d457522407b3624595d5d85,0,0.9803977608680725
f592ff6f2a905b20309106131b125fad,2,0.9827290773391724
8ef33be30ece96346f65a88e19ee84cf,6,0.9598350524902344
6ab0a33d3175a8d8837e1d88e4a92b1e,2,0.981929361820221
0ecef83b68b752351eab5da3913477ee,2,0.9818700551986694
8409ab2c9a10f2554948f194b298b0df,17,0.9391632676124573
d14886dbb7357045ce5d6159ba46443c,2,0.9823118448257446
7c49cabbbb09e5ad5c1f29b22363e553,2,0.9821479320526123
48d300e52c4855d2d52d0ef1eeb2f74e,5,0.9697609543800354
02accd1ef89e674a20e3ecf0476780bb,10,0.9713625311851501
4d10a3b84f50a208103cf9b54655c6d6,16,0.9468599557876587
7ed8667d411feee3d41eacc916f9d7cc,4,0.9468750953674316
77a72b58291d73bd616aa8808464633f,5,0.9698988795280457
e057541e559ce3ecb0c6c68d78d009a0,5,0.9704791307449341
9de99441586020c91fd7e326603fad09,0,0.9805974364280701
5b7d28cf6bdeb4fbd7884caf56702983,0,0.9806814789772034
b2108df807993f5fe55953efcf1e159b,10,0.9714619517326355
df9b982d6934afa5a811677f42bdba97,1,0.9651906490325928
15fea659157aef0c77c3451f41e6cb9e,20,0.9606377482414246
1dc8797c183e4ed4c84098f2581354fd,10,0.971439778804779
070c9d2338049e62392ee5bca800937d,2,0.9801982045173645
86a24012e5fd904edbba053c83d93b20,19,0.9124182462692261
4a8d5093f83b8d4bc6001aff7fecf380,28,0.8902327418327332
d310915e67e1b6c3087e4c764586a2ea,2,0.9828406572341919
cfe7e806dfb70bd5383e302da0df9f97,26,0.927435040473938
1e4370df79cf96a7ce614f1fb9ef0ca7,2,0.9809778928756714
b9d09b1b1fd7f2c6b695fddc2eacd8cd,1,0.9654744863510132
f9ca6a126dd8e8c174b4a68766a91d37,2,0.9819549918174744
ee2aade1cb52b24f2e16df043bc2ccaa,8,0.9616914987564087
85be96692f7aa99c9946f18761b86087,6,0.9603049159049988
fb7337f18c23c4c262ebd9d1b187a2be,18,0.9320372939109802
bb799a18119ad0bb57b50eccce2e3b94,25,0.9144850373268127
cdc019bfbe72253d7b49d4ab49ce9674,5,0.9704024195671082
86d0d38e5ab52303da2d5b67805b65f1,34,0.9264980554580688
38f8a1cd8f4f163449ab3291a5320b2f,20,0.6098539233207703
ed96a54aa5b5b77c4b1682a9f92241b9,23,0.952570915222168
f502c1c2f7403fe316eff03bcb548789,17,0.9344195127487183
64df918d1f8fa3d7b07e0a366826c375,25,0.9141318798065186
3205cab2291c864846b9af2035d5d285,0,0.9783444404602051
88189e7577639aaf4c9fac94a380c392,2,0.9826706051826477
236a9c80b201b8fda4fc96d09c2f5078,10,0.7928892970085144
569ee22c251900230879cda09888396d,21,0.30855002999305725
dae9a141c4e9b77b30b295024c4388ce,15,0.9534738659858704
b42fbd54de2c8af638cffd2daffcf028,0,0.9804890155792236
0dc225a94c6e70a0d18efa626b07346b,2,0.9816772937774658
fab68e39fdcd72bdcb58d5b3c2ee6178,0,0.9797462821006775
30db714a0cdd205c2eebb2564f530652,5,0.970116138458252
44de622dbe1e6e2f7f7be90732e97a10,0,0.9777238965034485
80a893f9737de5746080fe1cda93bae8,23,0.9526602625846863
6d2e68014f3e2d75523c1981bdc000c4,10,0.9697744250297546
63627072ad40ae77dae46759ccf49bc6,23,0.9514128565788269
11906ba09852ac3615e62729e6a3feb8,0,0.9790840148925781
fd7f120b1d521ac76ce0149ae8f0bf3e,8,0.9616454243659973
2f2103900257e15eeccbae29b3e82363,7,0.971102774143219
ea007b44a5c15dcd1167dc55ad60f1eb,2,0.9822568297386169
793bb40482a60d35068394ec56b22787,26,0.9259246587753296
a7a6335ffece69a56ecd6b6fb77f105d,3,0.9300028681755066
1ae702dc0f3ae85a4b6174f025f65197,20,0.9606923460960388
1ce130f45915d63a597091c542fe938b,2,0.982490062713623
3c25cb5690efe79446f0f2b8c78346b1,21,0.9312859177589417
c35499d5fa0cd8e4e1003ab4f249ab9e,1,0.9636023044586182
b6caf8feeafeb21cb4c57436e23a5cda,34,0.5059934258460999
55a18dcfe945fd3327ab10d19f14a02c,6,0.9536802768707275
fe7728609c18949c2a05af0f523c32f1,2,0.9820775389671326
bfa5e6699c5611d870e02d9d32bc221a,8,0.9616034030914307
4874a3f8182adea8980ae20ab9f59f14,0,0.9801508188247681
9aa3b5ab9740b0b7af6df8251b639f4e,11,0.9611812829971313
bfb090b476b2411bc2f5cddaf2d2ce0f,18,0.9128994941711426
7dcdfb7d8b84caa1e81a0f09145ec3bb,1,0.9652709364891052
3148532b3a46e5b6cfb23dbe40b41cc9,11,0.9612922072410583
f09d83a5fc277d12ed928634d2d27290,18,0.9288437366485596
10c15fd563df0064a80554238671340d,6,0.9589200615882874
519175176042a210a4a46b8504f86f6c,2,0.9827240109443665
a1caacf6437f901ec7c991a8c79a03f6,4,0.9443615674972534
9632f1da84a5d669b0ef7bba1569751e,2,0.9825596809387207
0f15db013a1f2d690f0e293caffa041f,2,0.9820828437805176
53fdd7cc068d9f863c2473a7a058718d,7,0.9714751243591309
4d0db940df24ea2fe2fa00312ac075cf,5,0.9697899222373962
d84c10580dceede6428a5a305ea3a6b7,11,0.9609321355819702
e29928aba315798bdcb37ebfabb1785c,11,0.9606378674507141
79ceef4ea2310459e6c05c2784baa8ed,2,0.9825265407562256
398dcdb081d128eea8f0405a28fec52e,11,0.9606125950813293
9d9fe0eda704524285d22f59932bfd59,1,0.9654724597930908
8351931857b40d03fdf699e96e00244f,19,0.916648805141449
e88c682c1bb0f0537d85773a15b6ce41,22,0.6835057139396667
0ca4aed84436d1672a997b49d2c611f3,5,0.9703903198242188
c97282a93f1f6175a7b81140193e642c,25,0.9144309163093567
c1e02ba3f09d4033ae42a4e3df794856,2,0.9807347655296326
333a7d640ba857b669c7c7e6c5ebb49e,26,0.9265429973602295
7570560433d346d69b3a9f1fd916be9f,11,0.9455729722976685
f2539d165344e447ef9cdea9cd5396f3,1,0.9645994305610657
c9d59c0d6dc691b7f60d6ddd12a1be9d,11,0.9612906575202942
ccab946b40044ae519a1d48bba610294,1,0.9634463787078857
8a3fb679a984115f53207d5acf402642,6,0.9603688716888428
7d3f4528a7df5170ffbed45eec33b162,15,0.6029160618782043
e93d3e340d111f75f2b36937eec96623,10,0.9714787006378174
8688742514362fc576aa5940be8a8737,30,0.8997868895530701
1bd9cfb8e63f3de2ac241bdc542da116,34,0.9253571629524231
c79300a127dfa928712eba629da63ddc,1,0.9656074047088623
27346b3eb9ad4893fcce5bf22742491a,23,0.9503940939903259
50bb98cde3952c75dc123ba2cc58aefb,0,0.9784305691719055
3c9bfdd24720ed56f26c1358c5ad8bc4,33,0.8560548424720764
a2e4230e76459b66cb0d812a89089838,2,0.9820037484169006
7c416463b542955fc7371c422ffbc97d,2,0.9822090268135071
798182fb862392396c4abd5009743572,20,0.9608573913574219
491599472c78a5a3601834bae65dc463,0,0.9798081517219543
61d76d79e04ca333d08ecb6af4e2a6cf,1,0.9634665846824646
30ff32e7d2ef30b9b21820c250505a83,13,0.9625886678695679
9993bbc6632e54422275d0ad98ec3e97,27,0.2745465040206909
59149ce236b72e482d222346587d42ce,20,0.9605299830436707
b24261e1b252ae067eb2829744f10dbf,6,0.9600949883460999
b1b5525a429a0deac741b795ace26d94,22,0.891564667224884
31a2e616362e47a3f30f15613c7cbad0,26,0.925709068775177
107fa23008b1eff222bf4e533a9ac67c,0,0.9805614352226257
185d311f11c18309b8f787b329aa47a1,4,0.9515829086303711
f7117fe82f163ea6dc913d62ef3ac8f9,2,0.9827193021774292
8525c2c9de45551c8663c747a463d443,14,0.8860728144645691
e46420d1fec7041de2209ce8af54cfaa,11,0.9209253787994385
930af2794e12dd91e5dfef8e85c0534f,10,0.9526156783103943
5344cff79862db93036e428cb3102fef,10,0.9622600674629211
51690f44b6bff05b85cd7c3239cb6fcc,23,0.8953151702880859
3d36891b255af3ff37b2aa8c0ce587f7,0,0.9795778393745422
ade718f5c0116b662572b3442e09d662,5,0.970387876033783
84185f691129255bf059688f3121601d,4,0.9446004033088684
f768bd0dfe588e709d1038c33219bd49,18,0.9342183470726013
a935314810763ebd4aefbb04446afd4c,5,0.966206967830658
7733b133ea9f4a20032bac4b8057a189,0,0.9806086421012878
c1f49a6d9ba7460c33ac12c978e957bd,7,0.9711651802062988
850e1ee3d7c215c493158d9a1b1f6706,28,0.882226288318634
4fc8a8632b21fbd7f511c3f9ca7f802a,25,0.9144280552864075
9b87a773080c11db7b02d919c82cf7db,5,0.9704535007476807
fd71469d0e5ad12f88811e934eb34928,0,0.9791933298110962
e448163458c1581413ae557a3c3f1745,10,0.906233549118042
4f280b9791c2b3ac25008be8cb42d419,0,0.9807119369506836
7ccfbbf5b3b2cd735c38793b2c44ce78,33,0.8532262444496155
bd28b2d0f0e0094767cfe5ade14b999e,2,0.9697648882865906
e15b6fbbc518778cfcf76a1911aeb2e0,11,0.9607117176055908
316e1c0021eed7bb178326d59f70f527,11,0.8167030811309814
16a6732d0bc90910980c743e9a4fbd01,13,0.9620442390441895
98bb4633420b318005aee75b160ad8a2,23,0.9056492447853088
9e0a0a117f50be872e4517bead97b9f9,20,0.9606955647468567
0e5ace2370b1011baeb13efa3c152469,10,0.9712688326835632
68a268bc630a86da1223b7a88359c18c,21,0.930568516254425
d24f2d4a24f826f0f207fbafc8571ac7,20,0.9604976177215576
a1868aa9c43cb8bc833bd53436030b36,0,0.9805794358253479
3d5fe8ca2054a188b04d32923394c718,10,0.9713373184204102
6329a3aa9bde6c6734a1d8b66f33536d,4,0.9438417553901672
0236b5c5308856d47dbecacaddf2bb41,8,0.9616562128067017
847d850ff48028c3e0d768041b0fd985,11,0.960882842540741
76c43587b371d436ac160d96c6b8681a,10,0.7190295457839966
b196e6e95b0b0302ce4006db401bcd90,17,0.8190410733222961
cd3b8285572b55fb1e83a8d1757382c6,2,0.9671337008476257
7e6ca1d90ac75a3d1e9c3609199cc2cc,20,0.960516095161438
4f66ccd31df6faac6e50b620fa528d14,10,0.9715879559516907
b2237767e02626545c077895fc3c4153,30,0.9051174521446228
37ee8646bf2a41e4ca3467a90bc9e3bd,0,0.9807420969009399
7aa37576da01c436d399a06b84946579,6,0.9572124481201172
33efbff72346ac36738547a4bef7075a,11,0.9601029753684998
f018b5e25d4af5c9f7c4f0c5644e301f,1,0.9655258059501648
da92b9950cc3ac342d0c12ebf042294b,28,0.8938226699829102
d96d796aba74fb7b9241b544379b57de,7,0.9715768098831177
3b8f955ebb0e9790408d6898c25de6be,4,0.9519697427749634
1eb23bdaf5f5483bd9d150fd8cc86a61,20,0.9605281352996826
701f4457920cfcc2da845db7e5dad725,21,0.9345157742500305
0e5a0ae9a19f49dd2223183bc16ff2c0,6,0.960301399230957
87cd9adf4d69682c28fee37bb2653a97,0,0.9805495142936707
fdce88a2467ac1e9f70df0435e154468,5,0.9704621434211731
f159d4d5ba9e8c62117dc46a114f24fd,11,0.9614385366439819
ec33233a0bf5ba77c2efd2d028271be3,2,0.9822894930839539
a7255b1f55070d8f3f6daa90988a389a,9,0.940213143825531
46281f2926a5bfcf5f8b49ee272e6a7e,17,0.9390152096748352
3cb4de24a5ccf66f01074fee9532127e,10,0.9679310321807861
2cc76d0dde7176124fe2afad342bead0,2,0.9801114201545715
3fdff59fb7066da63eef82981d4cebf0,1,0.9656106233596802
5d1ae78dfe7a16c4bbd5e48a7012bc59,2,0.9826512932777405
ffc99e40332a59e8d89ce39c5fd5d5c1,2,0.9826890230178833
0f732955b03a2c905a4185cc6e6cbec8,2,0.9827894568443298
95af35693a1632ade85fbcd2e66cf802,16,0.739097535610199
6da8d0f8f4be1e6f41b364165d1f7e0b,0,0.9805263876914978
4c62d7c9517b14fb9a8f1f479a9c32e1,2,0.9812643527984619
028c8dc02fe1b067cc6ee952d0790d42,23,0.9526585340499878
b8d830a2169f5982f4474837a572dc6b,8,0.961523175239563
7447ff5386ff5d91c741d28b371e1a37,0,0.9802513718605042
26ac7517f7f1f938ad932c88772e9e30,0,0.9802612066268921
68a92fd16606d599ec8e4439fe8dddf4,2,0.9761400818824768
b2a3308b4e572f73c256e1975d5485a6,2,0.9821575880050659
02c17902f7c6d1b7af0ddc7d70abece1,2,0.9812100529670715
9c1a25e5ce639d6a50673024b707c681,2,0.9822359085083008
afe55bf5463f08b1e931410bc86390cc,2,0.9795085191726685
8c9e982d0b5cb11f7e274e218df81f59,3,0.9196510314941406
e46e24ef774c14a5cca9b7e76a7be426,1,0.9653565883636475
6ce73d7c15362de5ea56f0fec11123dd,20,0.9558807611465454
5df89c8acfb7119e30f466ba0102af90,2,0.9827790856361389
4c6a88e8ec9fc8a71a7cd8dd408b947e,7,0.9718033075332642
14e5a8f8db17b3a4b2fcc0d6fff87619,17,0.9396543502807617
c922c58b4ecdf191e1a518b914ebe1f9,11,0.9600772857666016
ae0036bc9d697a63da22d86c7077988a,2,0.9792513847351074
3ef74c157ae2f3ffb209d6551f04f6ab,0,0.9804437160491943
6f497bc764b5f44684877376f528128a,11,0.9609704613685608
1f95c1465a9a80df8ebd4ad282dbd7da,7,0.9713414907455444
c6537fd8c66f8dccbbebf16f0da0f4c1,11,0.9611212015151978
d705e33aa25d58e35fd7a811ddb30f3b,8,0.9614798426628113
02d5c5d776655d722dcd546318ce7b80,0,0.9804096817970276
1793d11233e90546cd710835e9db996f,10,0.9713090062141418
85898b5718d45d0606c66e3ed019457b,0,0.9805260300636292
ab319b1c7962732ae154ec34698b1124,0,0.5466164946556091
9e28434a646f999b84741ce9877ce3f1,8,0.9607377648353577
c6aafeecabdbbf9b96abd832f14f5d83,5,0.9617124199867249
ea9d711e471a5e1fb4b66ba97b13fedd,34,0.9207841753959656
c358306245740473cec8d3792dc732ad,2,0.9816054701805115
67f72032f516bc8910c755b15c438147,6,0.8934588432312012
ef8d9a657d66b87e3868c99835b0d857,29,0.8941043019294739
474f67b924cdf8294c99ffd1d71be489,9,0.8874427080154419
cd25c656328128efe8c261686b6b3147,15,0.9528395533561707
9662ed744cf28e3c7d7922f869b97106,11,0.8506725430488586
fdd6dc2bed8b63a0d20993e0971426f5,2,0.9825477004051208
723f231db2d9ae102c85d96403b3fd13,2,0.9826263189315796
245a6f7646605faf627d116705c43665,7,0.9717132449150085
6ba8dcd753810c1f495e46946de8c15d,34,0.925102949142456
227b90083016fd102235fb7a81411ad7,0,0.9802421927452087
10da6d391a7f872cabcd8816a4c1b3c7,10,0.969588577747345
64959a4818f2e6a0f35ac30ff5946cee,2,0.40384218096733093
ad11d559bf5efed13a2147a67c443df2,2,0.9785493016242981
ac4a2ffe4c7693e597c9401930914167,7,0.9633800983428955
fada271dd5735503e0e768af3a1bc95b,5,0.9706647396087646
03cbe652a722bcdba452866907926ac9,0,0.980632483959198
5b1735c395a44f8af587fd168afcd0d8,17,0.9393007755279541
cf3fd89b9aa61e07ce8dd32113b0bf62,18,0.9339313507080078
a2242f342045864ad25def79221d5cde,18,0.9339784979820251
9d399cc3ec9a92fc3d8ad5c75ae013bc,14,0.8967095017433167
56880fd9d7054a8de0cb5ce5bccc9de8,5,0.9704573154449463
9b70b3b6f99d2e87975580f5b3b8ccd6,10,0.9714723229408264
df7e3e907611adaff4233284fca90a50,0,0.9801715612411499
425dad5e26dbf907c6fb83713792b0b1,10,0.9714012145996094
c76bad0e3a7e547149e992dd9850186b,11,0.9608074426651001
7e7f79f5dda3d93e01d9a7c83b6a4686,2,0.9726800918579102
f2fdd76e881130e51a21372768b0aeae,24,0.9533171057701111
9f05b73a2dde82ae22e0fe25bb9e9192,8,0.9615566730499268
0758e88510aba56964e7dac855246ae4,11,0.9578167796134949
dc45e4fb949a6276ceb4fb2f8f6c395c,34,0.9239963293075562
87ec554c0db1d41398cf367a7ef954ec,10,0.9713899493217468
7d8cb4143c709f9e5271ffe96d8a3946,4,0.7238783240318298
c9514c204877dc4a1c7bff57296b29d5,10,0.9711806774139404
54cd6b4fbfc399a04901e44cad345253,0,0.9783124923706055
166076acc89ed630919484d269f40ff7,24,0.717059314250946
7de8755eec2be9c37901e07bb88a57da,11,0.6458830237388611
9c9cdd7b4f3ab1b3b86d8604caf6ea46,4,0.9500124454498291
b0e3e841a3b6c3301b12973ad8cc83de,2,0.9554834961891174
cf0eb19460c58ce12a24f64b4d59e2af,15,0.9524244666099548
347b38ee4e345d4d3bc7101c8391bb83,2,0.9508051872253418
83154ad7b0914e3f6474210fa6555b58,27,0.2149420827627182
bf79c38c0f3a1793af5981d725a8c658,20,0.960432231426239
07f5aa501a94b1b2a65a56ccca8b2b5e,21,0.9324654936790466
357b00a779af9964289333ad449a06c1,21,0.9298000931739807
96f38101ee761b7dde8fb47f076d9c22,0,0.9805861115455627
00fd21752c281768f384b6f19e758947,17,0.9301500916481018
3c87a8dd2560cb503c1937c4532d4a52,2,0.9827803373336792
1ee09b5ac61e4af35daf0d11685190c0,6,0.9575376510620117
b46647a20c97e18be26e64ca27f7f67d,34,0.9128094911575317
16fd880aa40175693f04a5645a3b6a60,23,0.9524675011634827
f0fffb52a0d3e23df3fd8e70b8c5d350,4,0.8598140478134155
cefebf87610847d7e06abce50e1b0216,2,0.9789170026779175
617e3a01cc4051a7a5ddd3cc78004af9,8,0.9617030620574951
afc36d61eb82d8e9bc102f1ff8b508f3,5,0.9704791307449341
7837223f58898727e48e1c457b00b5de,4,0.9513834118843079
3bfe4c766eb411013d4e56059941e5f2,21,0.934678852558136
5ecabbdfb66a7e8b7cf7ec00f85262f5,7,0.9711078405380249
5954e84369de9efcc7e58b2853f7fea8,2,0.9827757477760315
1e4032805a0f28967699775a52609194,8,0.9615631699562073
0de3fb0729a8a3caafb420a645b684df,2,0.9823508262634277
4052a1aa08f6167544482a655466c202,2,0.9824795722961426
49f0d7a635f9cd23f7270af606571f6c,13,0.9625130295753479
b94b1360a481f753873922e673137681,26,0.5015086531639099
ba156d70bd2657e5ffde02d314d77734,2,0.9825869202613831
dadd0b8a6757fe60548965f92b451cb3,10,0.9715561270713806
1cbfa08d9eefc0bba7a756303facbdec,2,0.9814955592155457
6eaa5979c536dcc7622c62174dc66ab4,5,0.9700995683670044
a9917d2215fb7ea5e7987600061fd8c8,1,0.9655030369758606
81fbf57db2663f60605bee59e40792ab,0,0.9800384640693665
e9a73ebb3754cb5ee9a984603908c3d1,0,0.9806385636329651
536157a32b79b52397bd1d73a8487e3f,2,0.9662678837776184
e7c11ead7d20b92b5b6a2cf7db3677e2,18,0.9324349164962769
736613546309f613e1752dc2d24d219d,10,0.9704805612564087
149c9e7c90afbb8af97da772eb3a8e50,2,0.9828222393989563
b7dc84ab53d1c199c56c95e020fcdf21,1,0.965099573135376
f229f2bc12783335ea0779e32702e1a5,7,0.7172958254814148
1d2cbf9d65050391b07c77138ca85030,23,0.9525666832923889
988e6c7545ba6db95418afd3c39acd61,21,0.9354110360145569
ee75a749fd7c89c1eba315d37d8d4081,2,0.9828019738197327
5ab5872c566452df3584402589318303,7,0.9717558026313782
d98034c473ae9237d62dc755020958ef,7,0.9705685973167419
c341e7effc99af95b63a0a8398c59474,6,0.9602673053741455
b44dac678182ba3231d3e93c7e5e5de7,34,0.9227731823921204
9c3698af83767707d83ae781e61862bd,1,0.9653177261352539
36da6c0302bd22e213b17ee98dd01eac,21,0.887796938419342
e2db9b329930dd14bb68aaca3d9e8ecc,2,0.9825477004051208
318c38f2d792b68bc173cf257bf4be0b,0,0.9803621768951416
5bdc5ad4decafd6227e0896caa3a8fe0,6,0.9601680636405945
36f4a710a15a711d510f5ed0b5cbc864,2,0.9827284216880798
f2d4bdce412c15638d77c0ad72446175,17,0.9384799003601074
2d26d8b11dbfa6020436b2a1d9f793b3,0,0.9791331887245178
b3066e4a2d97a87e064381b7d3f0e283,2,0.9824262857437134
c8a16777c953d84c85a4c5cc2b584302,16,0.9470327496528625
ee9554b3a040cb472d56510bfa43635c,5,0.9701790809631348
d691fc7981837af471a899b40382ad91,17,0.9384273886680603
f5c102bec518a33b69880a194bdd9b03,9,0.9322056174278259
b74192987b0113b1c3db311c8e43d6e9,6,0.7405865788459778
6ae0cc53cebd4e8562536c0865fae97d,0,0.979680597782135
2841d06c5b50c521662ff88d1ecebaf0,25,0.7705207467079163
79ed85e59f6a5c4d85d8c199f156d62b,29,0.8885713219642639
d2aaa0cd0a84b01d6321d3c90fc838fe,2,0.9826503396034241
78fe036edefc6f25e3047390e3917b20,8,0.9606080651283264
f247c687ff2d8a6bd498abb4a528dea8,10,0.9713689088821411
f48f169c50a1b648afd7624d3affb659,21,0.9359191656112671
abf87e784d29d178caa9b86701e4d6da,3,0.9179710745811462
ef418e36d968dc3de3cc9d1e93fcda8d,11,0.961479663848877
b9ec56d089c1704115921fabc3b385f4,8,0.9616641402244568
ef90f69d0d573eb49d5ac6ca4011c8d4,31,0.8771703243255615
f220246a5a1b0a7ee01bf66611570eb8,14,0.8913822174072266
6a139f47f08b68456e4d03b3a6cbcaa7,2,0.9815245270729065
6b82b406bd59467e2f3d2487e4dd411d,20,0.9608190059661865
34d85815e5115eac5cd26f1e4ff7bbec,4,0.9400075674057007
e94902a51e4b92b4bca34b7d50116cd8,11,0.9610654711723328
8e76c011a0cd580fed5ed7751e13aae4,23,0.9525178074836731
86d5540d16754dac67908d2de5ed8147,10,0.9714012145996094
f8d9f6fc2c8926af6211b1be952c5fb3,2,0.9734401702880859
497ed13a3684a80b1d805c93a095c8de,17,0.9359345436096191
bab673aa52162a27592daa247a7eabc6,10,0.9712297916412354
1b9ac19494de1bc00426e7a6b7b3f506,2,0.9826053380966187
7d3b0be3a53a9d352fa8aab4730d6438,15,0.9523326754570007
1480703eb1078506ca9108fbf2a9d7f9,5,0.9590412378311157
994f9c780660a7b636a417912ef06ab9,5,0.9703492522239685
df064fd191567e1661080a8b7e633253,15,0.9529513716697693
6f2270cdb41ab2aa8d8dbed64fdf1b6a,2,0.950228214263916
9c456728af9c4e97d1c411ef7bbabaae,7,0.7121223211288452
309bbc895aa2662a8235eecc31c7abd1,5,0.9703988432884216
fe734ea5f236deb11de485cf23947da5,16,0.9304951429367065
c970bd7fa42908afef8184853ae74248,5,0.9703867435455322
745fb872cede27630cb1d7b2600c8885,0,0.9804964661598206
1750dac84ee741ffaaf19749347d45a9,7,0.971820056438446
a143f5de3352d13ea3cdf55194c32dcc,3,0.9298871755599976
41642f38957054dd71a46539ff50bc27,10,0.9283084273338318
2c06d420b1d84d0dfaabb208fcb8dd87,10,0.9709938168525696
4bfc662df41cc823890149775d042015,7,0.971555769443512
9685b967abd2e0f6c14d1e35350532a1,34,0.9267128109931946
4dd15ff8eae546f3f8052f59fd80c7e3,10,0.9714385867118835
b7ca492f8e8fbc636b7172b311952df5,20,0.96089768409729
d574d4dbb2939cce9b86861639b2a04b,6,0.9556444883346558
927fec5ebb03c566bcc84da4eaf13259,4,0.9522119164466858
c827c233131e2ec3b402f9f898e0dc32,8,0.9615864157676697
20ca1d6bbdc7ad9ce7ad343640a55e18,10,0.9712967276573181
a752e2c22c4295aa20715addcef99b81,18,0.9340308904647827
9cdabb368cee3ba6910830e923c5e5b5,29,0.860026478767395
8b38eb54db2a80aa56c6d56dadbe4492,10,0.9689666628837585
5ffda1250fc294d79db8977f44be0bd1,4,0.9520015120506287
faa79369164e2ebd01ec289687f36007,10,0.9714533090591431
47e1101fb89a1f7b566515156ce26d1c,0,0.980305016040802
16d90d9bd609c54e541854c2d5d7ba6a,23,0.9336258769035339
44c3695947486fa2fa7d2ec00e48af3a,7,0.9209518432617188
f9c8eda907cb641d194906720549bdfd,24,0.9534511566162109
f444ec10e6e3d0c875c05965c352697b,5,0.837216317653656
9ff58d457092b80f650c47cf0fc36dea,0,0.9804431796073914
2a0d3a2376ce28230e4f04d5cdf03547,2,0.9826934337615967
41e3effaea26abe0974071bf7b1ef395,0,0.9804040789604187
d216af1261801500e9aa470152dfbdf9,2,0.9811595678329468
521fc922a946d1520c2c2202474b57d3,6,0.9563107490539551
9dd41ec6cd58ba7d9505a8cbf4f60591,4,0.9518500566482544
63afbdf5abdbb42898c427c4bfe9d570,4,0.8855329155921936
038fb6a54f70a9cb914c8576810e1690,7,0.9707685112953186
4f455e2c55605fec6c7b134dd1f38947,20,0.9608297944068909
c2cf1244c55eb45e79314f13afdd4cde,2,0.979496419429779
d4c027aae6b51a4d770027e20c63cc80,2,0.9791437983512878
93fbce3cf74ed3f92250835f4ef4b821,2,0.9800928831100464
8bd162a6696d36b85bcf34506bffd612,30,0.8766051530838013
eda69da0b35d5086dd87dc2c3846a523,27,0.7185676693916321
5f2585f3c76e57fc2f9a54ea2effd52c,1,0.9555762410163879
21a9e3a560867ade7bc94ce2f3fde93e,3,0.928234338760376
4974d4843e067ca25553627f56036cf8,4,0.9523219466209412
b0c9289d462834881353252e57597f74,0,0.9803785681724548
8b65097f2557a4bc11c8485af2142135,10,0.9712809920310974
960c27a9c8be237b05cf5b086f631107,11,0.9350515007972717
1a8cf696048a662af37626bd560be5ee,2,0.9825018644332886
c510736ffc9e1f02957b8b2c926afb26,7,0.9718157052993774
e59bb6fc2d7f4fd69fc63011132d784a,0,0.9785839915275574
ed65c9b3d2ef34763b0640bdd4109374,16,0.9463270306587219
8b67317baea669e92e802aa73ec62f48,3,0.9322071671485901
fefa23880f8c8f44c97eba4149ed2083,16,0.9443376660346985
b73274477116186b137e7155e53fd61a,1,0.95719313621521
1a1051f9872d28b6f249aecd632d6c21,23,0.951444685459137
6b0e295ae335d0d22b2f47fc72c72d63,8,0.9610471725463867
2c441cbc9d2eb2c539444f5fa4c51103,2,0.9827286601066589
1424f8d0e028f94632dc985963fbc205,2,0.9825750589370728
a9819ca099d4f91a6858e07731bc4a09,2,0.9827484488487244
6b385151fef89a289b23333139598d2f,2,0.9824255108833313
f0832b27502b10be762010af403d2a3e,13,0.9514561295509338
c5061284599502d26496566609c6f982,2,0.8617603778839111
973d48ca4fd304aa2afd5dba0a8dc5ae,5,0.9699810743331909
98e98d61c29b463b3a63e4440cd94781,1,0.9655318260192871
8d6f3a6548b5103942674f3543bf2779,10,0.9714940190315247
6b66fb260408d85644fd643635880a5e,1,0.9649731516838074
abd42986a12631646532b48e4b7ca4a9,8,0.7282390594482422
8cc32bf522605df26d1ea24f21de13bf,0,0.9795945286750793
ac2e0151aca935a8dc37a89d26d38947,0,0.9806523323059082
c8bfb30c41ccc26bbd30c84866967c90,2,0.9825966954231262
b3f43cb499d97221b1e8a6bed88f4e0b,10,0.9713626503944397
105301e31bf6352c31fef70e1d6de1c2,20,0.9605394601821899
3586a98bf453fd01f30f3c6278c33ccb,2,0.9818794131278992
a5015f3ff7ef843f57cc39ad8d7113e9,2,0.9825295209884644
0ef6dba0334bfef5a2b3b15d406ace56,0,0.9804578423500061
1613dc3b619f7f3c97fc71388884ccbf,7,0.9703096151351929
5eb1085f831a57f876647c0e0a81c0d8,28,0.8901976943016052
ce4c0d3589493c368c93b69c4f4c2646,6,0.9594953656196594
d82704dd32f7e092f8d1dcb31b66056a,18,0.9328520894050598
121d86bd2da87c62813735d8a610980e,8,0.9616420269012451
0d292779ed22610e314782059594ea54,17,0.8470691442489624
1983649dbbd450459db806f171ecd5c5,2,0.9821441173553467
00a37ad67a3179e4a5c17da9db573c0b,15,0.9499509930610657
5ffc91caf37f4b2bc9b1ca69b42fbfc6,2,0.9807488918304443
f82ecef776290fdc324d276a429088fd,3,0.9320669174194336
b3eac1bc794fa14e03ed30814d392826,10,0.9715099930763245
88604017338d43cf8239ce079542943f,7,0.9709610342979431
02f0d45853245a62938642f8a608d30a,16,0.9407619833946228
67cf778fcce7b1072caa6c8d34c2d2e2,2,0.9770459532737732
667e1515360a1a34dfd46f7ca0dd8c89,9,0.8158854842185974
61e9fdaa60aaf5623bdcb0c017624cf0,8,0.961449921131134
1439b8f3c53f554dedf2b36d8548d1c0,10,0.835658073425293
5643c67dc1e55045371b5af25a2cdbce,15,0.9532164335250854
f234d51eb45cc8f809d58eccb05e2722,1,0.9653991460800171
8ed4efab75502422b92b10a5bc7a8556,10,0.9713799357414246
71ab4a948df5558195aef24d1ac093ee,2,0.9826148152351379
e8afbc003adc26a8111364ada1d9886a,2,0.9807950854301453
be14e089c8d302e5dd44f6f09d177ef3,3,0.9306915998458862
60678665c00cc3cf766737ad6805dda8,21,0.8867074251174927
03503460e29c8775b6ecdc9735816d08,11,0.9612748026847839
bb69515a3c2c1fdf6ef7661f41406d1b,2,0.9826617240905762
de85d071edc27bfd3d508f26735f27c3,7,0.9710080027580261
16828cd7777a5b3e6f4a07952bdd2244,11,0.9611196517944336
e789e2b371b14f369b169f4e9027d813,27,0.5823095440864563
b18d4950d0a925a949eb35835f78c1ec,2,0.9816014766693115
3b3e67f62ce8bdcb17c097b1824fe39f,16,0.9408255815505981
bc562172845db6d9ba09b0949db2e1f0,4,0.9529311060905457
8928c3db3b3d5ebadf539483e6026cb8,20,0.9603561162948608
fca855ca7f56a12146902f282fd480f2,10,0.9714268445968628
a030bdc9b8723b78dce729206bb0266f,2,0.9823455214500427
98a124c4fc2f03246197094efe41dd23,11,0.95989590883255
ed5a088c3be2fa5d11bfcf984322050b,6,0.96073979139328
3dd02f98823e54b88ff5b4c2212427a7,2,0.9813428521156311
282714077cb6b9c2b97aa4565885b3d3,0,0.9796711802482605
df7b77efbb62605ca6429a95f5901102,6,0.9598332643508911
2f788177e0e0a04b730e71fb03a4af9c,23,0.951218843460083
f90bd0e4abba023e150732ad150c4a3b,2,0.7879286408424377
9b8b911fe8610ffec899e35107adae88,13,0.9623138308525085
f01e51e5c464f0d6d6b7bd592e053fe4,10,0.9712027311325073
a6d886af1ad98682a17b5e56f2c21077,11,0.9610521197319031
c06b3e77b0430cadfc14b5daaffb2126,2,0.9827166795730591
9098831953200752a1974ffd8a458609,0,0.9803869128227234
bb910c67185565816e4a8e360d096dd7,6,0.9604818224906921
31d74472f85303dedb9b12f795798032,4,0.9437758326530457
1183f2c89679768429949df9638d0b72,5,0.970625638961792
4009c9c802d1befbe19a74f56b92e2a8,2,0.9828101396560669
ee4e03d2f7d18d636eb8235b61599114,1,0.965617835521698
6ad817e25bb52b784d5c7f798b2c0a80,15,0.9533738493919373
bf1dd60d9b0f836952b49bb2b75e2f9f,2,0.9824256896972656
7e3efd638a8246eb9a4df66999c95b4b,27,0.8803333044052124
f6cceacbc0ca5e7ab5bc89c9e89eaf46,10,0.9712601900100708
a4e5bac79a9139a828ad7529e9f4d7d6,0,0.980262815952301
cfd24d8b19bc27a04e8dc1ee85c80439,26,0.9202548861503601
281df9c333d981ca849a3670a8341e67,5,0.9701447486877441
0488b80ebd5778f3be38c9d4771798a6,11,0.44265761971473694
848ccf0f1f11a8c5af5842293b28e8ba,26,0.9253498315811157
9362bc6ee44f28feae41fccb723b5d84,14,0.8058672547340393
4072f62e05b43d86af6f35eaede6df4b,33,0.8544189929962158
4b9edcf1bb50b2a646579ea4e0ef085e,7,0.971974790096283
ec539a4b70349f06373ea541bfa53c7e,20,0.95685213804245
34baae2ab9d0f706820347f4c92b62de,21,0.9358618259429932
3ba7645074a0750191786bdc6bdf3719,31,0.8777484893798828
31ff42b2a846140578af67f928914f32,2,0.9779494404792786
cd6bc371e868f2dff922cc548a38a2ad,0,0.9802670478820801
22be47ba9c25f4142b016db0668e9fc6,2,0.9823656678199768
45de11f360d43ab66ae2aee99f558f4f,24,0.9528936743736267
770e3633cf3ae26ca41f5aeb0d125af9,7,0.8061915636062622
3da53729a6fb62bed4d628fe566fe11f,10,0.9457730650901794
03b7b455c815f81b28e86351e985b6aa,2,0.9808980822563171
4c02e1da6a146a6e8a4d040e76291ceb,24,0.9533239006996155
ee8ced6bbe57011f0ba4a94548a0ba7d,5,0.9705988168716431
3c6791195763d9b80fc42a88992ca0f5,1,0.9652122855186462
8b46aebb851c6e7de17d38575b8a512f,2,0.9595311284065247
f1912869dd5a91fde6ca8b979625cfb6,5,0.9703972935676575
cab3c86c09fd61aba286a02a14f99ee4,5,0.9706911444664001
8a237d7d6b696cc08a4184522931885f,23,0.9518865942955017
6eacf1e85c14f6b4837bc02e90c724c6,17,0.9232159852981567
d7981a6f95172f953c53ec39c4d074bf,2,0.967391312122345
2f870f58f772b01f2aecc40012d34b99,0,0.9792910218238831
126dc3553354d451f4933774e99288b0,13,0.9612600803375244
9803842bb683ba19db3f4ceb03370def,6,0.9595039486885071
127108dc253869e82e6fa399719943d0,2,0.9800870418548584
48e878ece7559a242f195e240ecbce63,17,0.9397056698799133
b284f8bb86f2c47278cd81a92bafbc8f,26,0.9266824126243591
35b960f7a00733f338d83b803fbcbaf4,7,0.9717268347740173
7c59c34bdab96b5071d4c6f5ddb666d7,7,0.9706739783287048
404a2b994125bc9dc526400f3e6c3984,7,0.9696812629699707
8b5305af02955b1e2ead2fd88d743c02,7,0.9716487526893616
8bf5a87837c800e19a02644f8af6e5dc,13,0.6126586198806763
691cbb2455b8806d40f34b84b985c024,9,0.807291567325592
bdb849a6b515983a50fcf1e0fca06c9a,2,0.9821510314941406
1bbeeac2d532c06611476ea104d2c418,23,0.9499765038490295
25a243f00ee9ab80916022a6948d821a,9,0.9403412938117981
aaf335d6dc1162ee83a49726210715c1,34,0.9250064492225647
05310c3f4c8e5a74bcd3ce7a6e042d36,10,0.9713079929351807
ee7083c361fd54cc46ccd3ef6880ce09,2,0.9827374815940857
c48c6140e73f73ff0ecbb988849c8788,20,0.9601936340332031
472925a60888b355d4c7385be6b48432,9,0.9381844997406006
4fa4cc6c2b110b85c61368a3c60d88bd,13,0.9624778032302856
eb0df4f59d1af266965bb8641cdc4ad3,10,0.9684416651725769
5b5203be8dd654c0c004774a4bcd1e0f,2,0.6006038188934326
d1c150e93f9c12a6779adb17dd167dac,17,0.8096323609352112
d6353e59d59a408c7c31a57f4c029148,1,0.9656646251678467
f8f37befa6ef759d7c2e7b1127decba5,2,0.8918548226356506
55d97e6f4c70ba03274f67f619cb2817,15,0.9537357091903687
92910101a8f6dc906f806dca4b6608de,11,0.9611023664474487
5a33e98cb24648792ad2391953fc74c7,33,0.8534114360809326
4411c2125ba2b881261e93ccc9a62421,8,0.961630642414093
a8ba1b4da1862f23fefd35cf08c227d1,8,0.9616445302963257
9e127a4fc51568d13d7adbfa049d6247,5,0.9701098799705505
420f8206cbf927322767ecd7131d49a6,11,0.9612519145011902
74e77de6dd332baacc789946d27073e2,28,0.8616524338722229
ba83b13c4082846be6be520fc12db2cd,7,0.970464289188385
eaf33401f38b1301b48de3788cdbfb18,7,0.9714075922966003
1a9a0248adf82c70489ec401be51712e,2,0.9768667817115784
33d702e715680bc7dd7f1cff510f8edb,30,0.9064723253250122
254c267f8a5399bfae8cd24e2a6869a6,3,0.9271724224090576
14b7aa1c27addffcad82b59013e1d279,12,0.9226852059364319
e95f7552371b3b8b4b6a1bc1f21a057f,21,0.9257737398147583
8e8ede747600a0f88503ef2ce6fdeda6,4,0.9449150562286377
15f4bbf52a84521e666c3ff3f82afc13,6,0.9607965350151062
c087b0012151da36a44001fdf0eb4a69,31,0.8642006516456604
0a78e9dec079fbcf94730453c79a6432,9,0.9401821494102478
aadc80665187a9896f6a80605473d411,2,0.9608631134033203
efd3a2eb337a2a2e47055871e0b2e49b,19,0.9145975112915039
406656f67dcfe68beb61e03b40b4b7ac,2,0.9779089689254761
853bd0e5a20d861cbc825b9bcbcabb9d,5,0.9691586494445801
1b1561ac743067e9cde6494736dc1916,24,0.9532530903816223
59feec5582dc5a118d665cb3f0444c5f,25,0.9140446186065674
0b1e55cf12ef1237855d4c0abfb8f9d5,2,0.9820553660392761
59584087509b082006ccead4c86b6d87,28,0.43998342752456665
87385abd809396de4ca606eef2a9ff9f,9,0.9395420551300049
2659f0356e50957a8ac91f0c8d0d7098,9,0.9401798248291016
b7e8f5052e4eaa0dedb753e2afca1880,0,0.9806677103042603
cf1cc2cc23756f2bcbf0e77cba8d4e4b,25,0.914880633354187
78b50813300c64a7af0278b1a0d63498,10,0.9707603454589844
2a38c598ee6f736db9877e65c24c4274,34,0.9249956607818604
ec2e33f4d3591422f1a4b304073250d5,15,0.9531581997871399
9fe3d5ccc0399eb121e57e956567cef5,2,0.9827110171318054
3b611f84a96f8dc490bdd42b744119d8,9,0.6290073394775391
df72ca63d3e80b1ccc2d5adf1d39f1c6,33,0.8538922667503357
1d7d4769ed3810e7be1e1c19cd6e6f47,10,0.9714508056640625
f45ec6d691be77062fee351353ee865d,2,0.9826770424842834
d9d85187689796de965a2faab10d9acb,0,0.9806025624275208
0dccb1f56a4aa58cc37e047a148a851b,28,0.8880258202552795
869e40820648ee9e98ca7287b664fe46,5,0.969947099685669
6b6a2360d490229fc87591159f6d8631,28,0.519162118434906
eb0abdd030e3b2789bc30c3f8a14d34a,4,0.9362198710441589
c1f8563a61b4c0137c7e428d6f8e92e5,13,0.9622408747673035
b52f39331a981da6ccff73bc8fc044fe,2,0.9819325804710388
90ed02eeaa682861237886324afb8cba,10,0.971316397190094
ff4b10f93843da1718961f91bf1dc929,0,0.9800410270690918
8f1d0328230b7c6899b17214b21d78b7,10,0.9712542295455933
7eca7a97fe7a420895743c9e72a3ef32,25,0.909900963306427
500f4b99e023986ad414c3e1123d26e9,26,0.9167003035545349
405eda660232238dcf6496784b7a1373,11,0.961168646812439
3fc100671b8da900eec5c103a484cf5f,0,0.9753099679946899
95dfb8c8e1329ad156809a48c7bb9cf1,0,0.8700035214424133
fa22007ade5ea9ebe5e81f945818fbf1,21,0.9333464503288269
08598521944de32c5bccb3c849b5aa71,10,0.971541166305542
1f373396d908ac198a9776609215169f,2,0.9825856685638428
e772d67aec887949e4dc0e9fd452bba7,26,0.9270265102386475
2d411fa160848a44a09306d29bf0bb56,1,0.9617117047309875
377f05eadf8f24c9d98eee55c11b4697,7,0.9716169238090515
f5e206d24861f5cb92cf233db3634207,5,0.970409631729126
b20ee1d743f4cbc603b5f7bae785253b,8,0.961577832698822
71ca3b1b453841841e303c455ba88fc1,3,0.9296970367431641
7e762dd84477d62ead8d06e1d62711df,10,0.9714393615722656
a6667b09687b1d4cf063c02297074017,10,0.9715051651000977
894d10149b33d31312f10f796b72890f,2,0.8866199851036072
0ffef007b4dbea52a1c374c9010b1cdd,10,0.9706122875213623
042a025c08c525d69f036e798f1fad65,13,0.941618800163269
bcbdbd68921196907374c3ffe66918dd,5,0.6093325614929199
04a565e818f26eba3b5c4746600b7ebc,2,0.982302188873291
e85a6fad94f41a9d2535d5759ab0161c,10,0.969782292842865
102dab45c6f0882a03513f7942d0549b,16,0.9468181133270264
95623a80f4721f05c26c8928a8cf1fea,9,0.9365363121032715
8273876bda5873fb4bd5361ca9542598,2,0.9811314344406128
6bcb0dae2e10d89f7aa1515717b4914f,11,0.960865318775177
020dc02e161c8e0b336eb18be8c070ee,33,0.8521868586540222
87425a4fb3c69858f9edb6214b553f0e,11,0.9613928198814392
afacaab0b2b614c3bdd03e6679e9fe79,1,0.9648417234420776
dbb7da75cf8568b9303330fc9c8220b0,2,0.9402272701263428
de38cbe88865186c72fb51f2f5173168,30,0.9018888473510742
ff9fb675aad1fec0d33778aaaf58b9de,11,0.9592174887657166
f7ba7bc6809b19eb2b3b23f887683b5d,8,0.9616637229919434
26bf8ffbfb3cf74d0d47f16bfe394566,10,0.9713557958602905
e277a3b2302fcc85e301cb2b7f054a0a,10,0.9699969291687012
cd351095dc4124477890761e57fa2850,2,0.9818539619445801
8a387587960ecda128c27e289cf181cf,2,0.9825966954231262
eb00a8fbbfa76822e797aea22222a37b,11,0.5033125281333923
04050a5e020042401d94681dc8449f0b,2,0.9826197624206543
df9fbecfb6b9af87b8f9b5b3c4fc58c5,26,0.8723255395889282
9e804cd62ad5b07e1722504e64989fa6,10,0.9707531332969666
0a44857fd07556c9e864bfbbb4364bc4,19,0.9165852069854736
c6715c202643a800946990ed86ecf50a,35,0.93329918384552
f7fbe47fc82a35e2b0c0c3cb87c1af8b,28,0.8941145539283752
c971915669aaf09029037f212daedcee,27,0.7809669971466064
bdcc1b650dddeaa11f0d470210278cee,6,0.9606791138648987
1fa5fe7019f51c87268b35fffcd0f64f,6,0.9602736830711365
8e935ca9e46f8b899287abd52869937d,0,0.9806715846061707
520ee9780ac37a6a2c860437e4a2531b,11,0.9612833857536316
42a2d211a4f14789a50d9008c7407de5,2,0.9511988162994385
e188cb29fe023e569f63f5ce1a9c3bd3,2,0.9825934767723083
c1b33c63570efa8089f9e9e4439df789,10,0.970888078212738
cbb06781bf4b5be45b93fbb61447dfd4,0,0.9806510806083679
90142b1d00b9e7de580f7d73b2f18f51,5,0.9705054759979248
7aa4e243a020115d37c5d525b86e3e04,29,0.8938169479370117
9b5116968e2f89adb777c07089a87412,11,0.9606989622116089
fec7e11cf4c267dd72d6c5a2c4597c48,21,0.9334320425987244
0fc28e95f56d3be574cbee4fcf0d0fd0,19,0.8905460238456726
9e400fdb50884e52a5999f12895bdad2,16,0.9469747543334961
3334da5e35566339f313597507e9bd80,12,0.9180812835693359
8d7514235ac95d2cf748b3b99ace0fe9,0,0.980413019657135
02f9a8c0e31ddd27c683612a59225eaa,10,0.9712401628494263
e9a6ad2d2c5e77c3074bdee3968e81b6,10,0.9714283347129822
30950751d10cca5f9746d3681fe40e75,34,0.9223565459251404
78e892fe71c798df608a87be265ac970,6,0.9587332010269165
1a094416fdd21c9b9a62765fd92fd639,20,0.9584036469459534
52a0543d1b464d5188afac02be1a2217,6,0.8347162008285522
bc1484e8c827b6a167b7417c46858db3,11,0.9613357186317444
451e2ee36d3f46de7829ad6db062660a,26,0.9259299039840698
230624e64cde4031879bd2202fa34d60,4,0.9485313296318054
88031433c180c8a3cf89f2b6b5d7731c,23,0.9525790214538574
be23d176d1a708cba98e1cfc6fa7a616,10,0.9714104533195496
4bb82a7b23675dfcbd4e524c27ded1ba,14,0.8933513164520264
8e49384a69321f843865382a8fd4af05,33,0.8555042743682861
b611f71b5aada26f1243c81aefe6c712,3,0.9313710927963257
9377439030f6d13e8098ce989adc9405,5,0.9707117080688477
810184f8f9814c57e9847017de9d9120,11,0.9611230492591858
bc6e9030a1b9006cc2a55f56a6e33dbb,2,0.979937732219696
b9b5eb2840e6369ca7d15a8517e1d263,20,0.9603008031845093
00f7bf842267813157ebf9f76d46446b,27,0.8863422274589539
f400597b006c3574c419c359e6ed2bd0,10,0.9712518453598022
30ef158279ba138bc3b60f23502c53fd,2,0.982718825340271
0a8444001c25761ecf60a7f138bbfa2a,10,0.9713530540466309
c6e07ecccfb8b5bd6fd6e3400f0c43dd,15,0.9334228038787842
11badbaa63a945adf3bffa118b206d48,25,0.9141772389411926
53777b4b8e68d4ef953682f962797598,16,0.946515679359436
1506c783178d924ee951c57ec5747c3c,13,0.9618436694145203
b270578fd6fc692e1a86bbed5940df4b,8,0.9617007374763489
75b9b46f169086b97802650012cc2968,5,0.9705522060394287
2a4e5e60fb483cab2f9e1d4f50c746b7,2,0.9825901389122009
f4ba49449ccdf07fdaf7fb34583cd1db,1,0.9640873670578003
aa4a9acb946ba0fb71cd4b6d142e259b,29,0.8946153521537781
c69c7619f720836fd3104135167c8b0b,5,0.9704581499099731
4401f3a057466a9b5b4c6d304e07c5d2,8,0.961164653301239
f48094891f9239154eeda718d47a3d12,0,0.9804983139038086
788f0d8839d8c6c92d8f6c470f81021a,2,0.9811156988143921
d8e1932f46f572900cb92df069ee6558,24,0.95261549949646
4a5aac47071bb3fdfe473fd3814d5f09,13,0.9624516367912292
d8b7462b1ae6544d254cbf442806f99b,6,0.9603276252746582
4f821120ac3e911c4aaa2a04ad258d20,15,0.9527478218078613
2f8aae6b5d62c27a52ab34f828ddd860,28,0.40061333775520325
af714c53d2c8026a30141f3c41130899,11,0.9612347483634949
1908cdc86c9f0e3cccaab79cf27fba5d,19,0.9091247916221619
7c03a339f1d8fac4f9d2201c4f5a0eb3,2,0.9827060699462891
3743ba9f35053a9ea5c2e353001f0d55,2,0.9825990200042725
00e9bf12478e336cc9d47f55ea32dfd3,5,0.9702270030975342
145c7e1f1e205d4d6a149509d0a0b15d,20,0.9589925408363342
48e47d04d9d7c2059fd7ba4c24633278,6,0.9603890180587769
17e06d367e9daa86d63c1ae9f1af4a7c,3,0.9301120638847351
43648379741593dcbb3a8fe0d329a832,11,0.9607328176498413
f03a21aa1cf717ac4b029da53285fa11,17,0.9373191595077515
6b9e7ac8b06f9c29e3af756978fc6264,16,0.9467280507087708
2a7dc49f446e148f6ecd8d3fe4da5559,21,0.9346427917480469
4eb596c3fcbf373346e0eb093f2fd7db,25,0.9141817092895508
42e35cc507b4ab4ac62d9d4b9d27af90,7,0.9715588092803955
2f7b2fcb68861141828e2c63acf7109e,14,0.8982862234115601
b7295b2347b845a9af33b195140e5f37,18,0.9326424598693848
4c25edf7b01447c0fb1bfed0cecd048e,10,0.9703852534294128
4f8245e62029b0541c4c03d9fb80bdeb,0,0.9797119498252869
88c81f599ab639c3cc6f10b597c21854,10,0.971535861492157
82c87b00999b744ba54df19359924181,0,0.9807767271995544
f21c97cc0b7cd2c8deb441f98b3b83af,17,0.9350512027740479
4868b5223ef7710667e4417b9443430f,11,0.9613348841667175
80dae478f46c85a178a89c37ebf1df68,2,0.9813603162765503
2265ea56f753e97dd33663ac3296648d,7,0.9708243608474731
43e8ba637bbefc0036842abe21b19f15,2,0.9762356877326965
3a018c0e5c5612ec8c3d9be16fe0b69b,10,0.971330463886261
150ce8877fce0839468297e056bf93bd,2,0.9826883673667908
31e440d0931f7a9103361f333b6f7e07,8,0.9616202712059021
2fdcd9e211f2bfc5fa47cd3e189823f1,7,0.9714944958686829
e21f7fec6e8643e46f01a6fe54f9236a,0,0.9733493328094482
dcd3bd3a52a6e88c3c71d47a5f7a8bb9,2,0.9772258996963501
a60d872b92967a9c6064ffa7f7f67010,2,0.9828406572341919
7c9bf090bdb1bd507185c5d43192eae6,5,0.9704463481903076
5dc2a6ff510467cf239f62ba8525ce37,10,0.970422089099884
193192ff133fa61113e6e7b7d364549e,8,0.9237597584724426
115bb285cfcb09790e8e8fc729b750d1,4,0.9503579139709473
8994cca2091976e3fb88f61139d96e89,2,0.9209895133972168
f6445a4b96e45aee66c456187a800764,2,0.9820386171340942
d294c8dd12a7edeffc7d39ed78c6279a,10,0.9709227085113525
9170c60477b532bdb5275ba15a4a2eaa,10,0.9708608984947205
ec17f5711f436918fbe7aacf76862a82,20,0.9601492285728455
be4f983c02e0bd9b205ec958b4bf8c23,24,0.9519708156585693
bc15c882c6c4aeabc86fffc9f99f4871,25,0.9149188995361328
05646ea119b7dc14c3bc7549a10fda7b,16,0.9469762444496155
a2fe692380e20588ca99bfd7ee998c7f,33,0.856120765209198
f05a2ea97304706cab048e98fc295e50,10,0.9585489630699158
14f90482722aeb3cc02cfbcf34c46694,19,0.9154555201530457
6abd8077fbdcad98e96aee79e497c5ab,15,0.9522056579589844
954e8b051503c6960ed6d0ae9ecc3f95,2,0.982608437538147
40c2162a7ea9e525e0d9d866c27ae647,29,0.8905128836631775
d81b8aa8be688a1afe84f7105f1392ef,1,0.9463598132133484
46b0a30a0cb4d80e1df6bb3fe0f7471f,11,0.9608967900276184
f88dc7b1f2bd2b615dd053809cc6260e,2,0.9826539158821106
be56d38fee4c9ab82b7f4e91898200e6,0,0.9806315898895264
3f9216abc3dda97712dcf00e6280763a,13,0.9627067446708679
30bbf784dfdb4abf4164344cb96b6a01,18,0.932761013507843
57af553bf17e3c2c1bd087babcb4b3cd,18,0.9339470863342285
903972d40df768b834565f8f696842c5,22,0.8976733088493347
16be80a137c8cea5cc2187804d02f6d8,2,0.7821254730224609
517990faad0b62b3033c28ff705f9f75,4,0.9516652822494507
422a699f2990cd0eed656a33cb5ebd6d,18,0.9328300952911377
441a57b0887dd1536e411f2c9df55f1a,6,0.9580574035644531
d325664275d12ee053eed845720de2d3,24,0.9526788592338562
032455db83840f7c043351d5dffd8bd9,23,0.9520677328109741
cc46b7486e2351c1dbbbc315618a9f71,10,0.9714183211326599
c188c463013e14fc49e1cd086adaab85,10,0.9714743494987488
5d081159d64b6c3c57883e24eb3c2759,10,0.528250515460968
40a3dea129c63a7815e89c6c6dd6166d,6,0.9597734212875366
95049459e272aae0a99cf43725c5459e,10,0.9713934659957886
ef79c002daa81cb555473e75b34d5aed,10,0.9713752269744873
a9244f348464d7fe9ec538ddfd5e0f3e,0,0.9807867407798767
de7eddeca830af45059cf60b30edf61a,0,0.9806084632873535
b2fe769265f2628e9745473463b59644,26,0.9268739819526672
3834f04d5ceb746f186e1c9f4fb5e856,13,0.962478756904602
a83f20f4405a775316bdefbc3c320f73,2,0.9819151163101196
4d087aa876bfe93702233cc74ad3d0b1,2,0.9825230836868286
831bc1f973fba6dd0491aa968277cfce,24,0.9536371231079102
eedbdc291d40362ea7ab92f7e2e4dc20,9,0.9401382207870483
6b791fd4fcee346a56fcbdb30363fb1f,4,0.9467836022377014
ce9c036fe853642586780777d1bd3806,2,0.9827094078063965
ab0d62770c6764e26d0e987532b282ff,27,0.8855077624320984
29bc8debbde5619d6b9cb110010bcb14,1,0.963310182094574
3c438c62fb16e459ca0f034079c0bd2d,14,0.8890054821968079
44915479917510f5ba0c3101d13f77f2,4,0.9489671587944031
e02ad3d06e78fd904b3cc45fc4223a54,33,0.8535141944885254
817e4dafa2806b2cac12bf302ba631e8,24,0.9538223147392273
81f7dd7be4a32ca3a19e8b116e5fea4c,6,0.960493803024292
1c116fb468ac8eeee6c9eb7011715cb8,10,0.835975170135498
ec10b22d7496427e94388ffb373cc581,31,0.8772370219230652
8ec263023c175eb8db7bc4569a1c8596,25,0.9133039116859436
1c2862a5e3ee479dc98e90af833c8307,2,0.9805213212966919
d319951017234d9347a305a7184a3bb9,8,0.961463987827301
b7931e8c4fc84c9b614db19830752b77,5,0.9703155755996704
9d9a04a2d15e075c754671965e779ce7,2,0.9646995663642883
e117ddec3a2b27bb596a07a11c331ea7,0,0.9798257946968079
6112b708e1d027e7b9ffe6a306658fd6,9,0.9345475435256958
9a76351d57eab9e6f86ad6c00f6c5ee1,0,0.9807162880897522
960e9d43b62a06e61686e827f8cf28e3,5,0.9703907370567322
8fd5cb4568dae5e0c15d84bbf80a0dc6,6,0.9605050086975098
25bd39a427d039136f874dd51eb9b9d1,30,0.8878098130226135
b727eae578f686ac43524658ae180b6e,11,0.961487352848053
d2e9598e64b48e39922fa7232c4cca32,24,0.9535413980484009
9b1131485cd19b91b252e7aa6d212a89,5,0.9703242182731628
1afe47066c859928e7c282e951aac512,6,0.960426390171051
56da69c770c70769ddec4a78e6931465,15,0.9534568786621094
81a240a562e19aca6caa013b02b7ca06,11,0.9609615206718445
dde3c26ad1eabb11adbeb2c065629e39,13,0.9626166224479675
ba8fe70cbe9f686fb4ced7982bb9675b,13,0.9623609781265259
8f97960bd923a0fc9423f7ea70fbb92c,17,0.9379392862319946
2527b18d2c5d334099309fd0616fcd0c,31,0.8770472407341003
dd6adc4c0a1cf612e2548f2d2bab9951,7,0.9647642970085144
a25e17ee37586a75f7c6108fcaf6cce6,0,0.9742221236228943
d7852981510a4bbf0f47e9e29c4fd18d,10,0.9715279936790466
2082019e970e193724852b175ba145f2,2,0.9827660322189331
f272918284921be608618244b893c916,13,0.9355851411819458
ad596f87fb1153d6a17158831771f1aa,4,0.8914611339569092
ffbbb4fc989382a2bf6cf3a1fb57bb96,11,0.9611150026321411
ad489875c1ec85172baae8e68cb32be8,4,0.9525681734085083
7a6d42fbf6e6b54f4d1d232f1f621d8f,24,0.9505792260169983
11481e065179bf410488e9f3380bdc8d,0,0.9800167083740234
6168d814a3a545aab28b553b2ebe2da4,1,0.9559160470962524
c3c5aa23049cab71aaab0390bbe3d7d0,2,0.9796434044837952
6b1cedba08867375972fa652606c5c46,1,0.9650136828422546
32313c3f963a18c3bed751b8ff32c847,30,0.9055531620979309
2e4cf476fe25d015f6b96b2e0cfc4cb0,0,0.38897374272346497
65c4a14b56c4c798732abfdf39efd776,18,0.9333481192588806
d4c17e4f6484f1bcde8f41b2e15ef3f5,5,0.9705259203910828
ee6c30f1a0ca52521676c044f046bb22,33,0.855002760887146
56398c2f3acfa5efe41cd51a737ce399,11,0.960647463798523
f03da03feeb108c4557df6107d3501eb,5,0.9702795147895813
cd61bb9ed3791ff3f78c61f0a63b91f6,10,0.9715956449508667
5a13ed29e36b6a46a457dba2e78ebdfd,33,0.8510288000106812
e21b75dd6458c07f676a5787ce3fb636,7,0.9717004299163818
9ca03ba8e7d5bd37f91cc8b4a4522347,2,0.9821308255195618
42a92fe87e3b5bd091fdbf1f61f334a6,14,0.8885723352432251
6a22b5f3fc714b44190f89be38131f41,2,0.9758133888244629
0d39446ab20749d47391a72a89a21ca5,9,0.930443286895752
0bac6e6f7fabf1058a031e1d20b8086b,5,0.9697409272193909
7853a022c3eeac11189173107d839a63,7,0.9716594219207764
114782b91f5be07144b27da982855d7c,2,0.9825978875160217
d8c5effc64b87d7834ada890b7bdaa97,7,0.9717508554458618
46a1458704d76a553d27aa91bb83875d,9,0.936927318572998
db3add48ae7794a15dbcbc8fac5f3af9,21,0.9289746880531311
60c79f38b7413a007289b58bc2e0378e,2,0.981189489364624
679589ac3c7b3455b8ff5d8d23326f1c,8,0.9289610981941223
48056ca08ea2862326a197f52be521aa,13,0.9622831344604492
3c814e8cad0cccaa769df8c349bfdafd,0,0.9805440306663513
18e9fb3547f0b0f270c0a0b1ed9428b4,8,0.9616187214851379
cabd544e106d19a2b9d5a22068c4f0c7,10,0.9714519381523132
35101456af96b7b6c8afa1514e5d5528,2,0.965869665145874
2071b5e6a762c77d9452e216135a4473,6,0.9605646133422852
932f93660babe9fc6fdae0086938cada,0,0.9775951504707336
4cda82d6fb431f06e500f254a19f5cce,0,0.9802404046058655
39835c864aae6d37959de085e56c7316,4,0.9510797262191772
9747e2e6508b78dbf2f7954efdc80657,20,0.960699737071991
9d02e7e90ee5b4793a9187f5be250628,3,0.9323864579200745
96f90c2a974e1456ea4673fa28344ff3,7,0.9717070460319519
ef7ae796bea1183131b3fd318898af56,1,0.9645525217056274
91d434eca724478193f6afa89b30fd16,10,0.971244752407074
a637efcef3d03152301651c2e6df1fa5,1,0.965506374835968
c57212ce9cb461abfb727e95442a8811,2,0.9767361879348755
13be48563633b70df36b41f89440a3d7,28,0.8940469026565552
688ecf9599e5d7686f92e5e0e2270cff,10,0.9714573621749878
3c9fe3dbb446d787471274e913c6629c,21,0.9330537915229797
29ae38ac8c577f1382b0953fd7b4fcd8,18,0.934058666229248
40f4edca3d33dc9e6325e11f1daa4abf,26,0.6946671009063721
62a7c6ee5a2925b575513e5c39367e78,3,0.9322032332420349
c7f1a1745a45766dff2e75a2f2a59e3a,0,0.35790908336639404
3acb49e2c532c95b6330ec3c0054d331,10,0.9711621403694153
6b8b8a2647f6ffe33361cebdafd34d6c,1,0.9629102349281311
61a7e55057cb90afd8ecae93277c407e,10,0.9555642604827881
ffd90b3fc29cb8d2d4c679c69366a62b,0,0.9786712527275085
0b5d5dd4b3980404b76f35923843dc7f,7,0.9719080924987793
155a1d1a329dcd3610618fb7928b2ffa,8,0.9436786770820618
f8193ae267d7108d215c146d42cf94c8,28,0.8917903304100037
e3eb215bec2e2ae08c6dfae6846bbba4,11,0.9609843492507935
fef93c9fb51c1fd57bca080ac8697a47,33,0.8525404930114746
8e81886319bb3407dbe8c85f9775acd7,4,0.9497746229171753
bd780a83ee2327c3a2b25e853c2cb074,8,0.9616088271141052
2ec0e6d6deb29d1496c2193c1b6d272b,0,0.9805728793144226
40cb7e882920ff97fcb9f277e95c84c6,11,0.961292028427124
68cf07cf2c212ced0c9a79eff7a163ae,5,0.5698490142822266
885b2b20d64d157eb1aac3575bc4c19b,11,0.9613888263702393
c9fb329589acdeba1ceef174d2b0c7e9,2,0.9827662706375122
fb408314a9d916bfbd094ee7ae6bcd64,10,0.9713680148124695
04cb4bcefa3070d8910a9148c68bffc4,0,0.9805998206138611
c8d2687dd7eaf00727f918fd4a7ddbf2,15,0.9501270651817322
2631a89335b7ab891a686c79684edf61,9,0.9225414991378784
06e3ce80a6a88339ab73183b11928f56,1,0.9640811681747437
7e3e9bd81a7c4bd57bcef1232e6f6ed2,15,0.9392327666282654
f5ac178b51a606e020b8b519c24e4f80,22,0.899291455745697
5f55c236f8d24d2f75079ce70d6da2f3,11,0.9596835970878601
3d5ee29156d3ba034ef2d284eaa2879d,1,0.9657333493232727
4a775bafb55f3ea39ec4e9b6ab620919,2,0.9826362133026123
9be25cebb1021ab65e9f171406ff3203,24,0.953779935836792
aff35dff94106d046fd652c65248ff4f,15,0.9432629346847534
bf2d03a29fa9a23ad6d78f1b72176399,5,0.9701178669929504
17824140ab212a199e9f6b73784c50ba,7,0.9717528820037842
5ce71b90fa7cc5a10a531c37820b2f5e,19,0.916680634021759
3e2736a5bbf09146a711085416b8899b,5,0.9696574211120605
22a62d27c8e2f88909e264a45ab729df,25,0.8948652148246765
592271bf15a3dcf3537eeaeda88d3faf,0,0.9805712103843689
3ccd9477de31f0ff4d59323af5ad7326,6,0.9603864550590515
e4f30cf17502db516be556bce2bb76a9,2,0.9817122220993042
6ac5e0d0aba1780e83c5dbaf257753cb,10,0.959151566028595
2fbbd32f5097537c919b9e84addeed8a,21,0.9350965619087219
a43ab0bdd3b7eba643e809138d3f4f22,30,0.9031230807304382
04660128a3a088fd344097e73c465f92,0,0.9799577593803406
945c8f12bb8e26c6b4b07f55656da1ec,2,0.9826546311378479
0a0ed502a114f95b828dc4ba6e3a7a15,0,0.9805151224136353
a0ba65e32e0477ebf4139cd6b1e1ce44,2,0.9608896374702454
191ce5c1daea8b8afb767c634f035625,0,0.980556309223175
83eed651dd25a8cbbc4f08a394ede2ac,18,0.9056352972984314
2d12bd6f5ee4e314e4f91b911d1670a2,10,0.9713497161865234
ac78d1b55e34153378c9f3af73f3c128,20,0.9607083201408386
0907217ff9231e53e462cdc84aa6f8c7,1,0.9656296372413635
a6e5d853c9fb7d0a13238c0df15d405b,1,0.9649726748466492
e1d2814a97f299af5892ca75ddf43952,15,0.9524965882301331
a32881459f5474cb7671c40f93efcb9f,2,0.9825389385223389
700243321a53e9e13ef553fa02e4b35b,2,0.4811570942401886
2dd384810e73e1278ff697e2ead1c784,34,0.9265178442001343
d89e2afc4664d1ce1342e856dd8c3e69,2,0.9827678799629211
bc2d9f9362f9cab33c6a80cf94d878a0,1,0.9654909372329712
0de08ddf3dad3982b770146d265653df,13,0.9627394676208496
bca643ad1f61c96c8484fa8f52ecdaad,20,0.9606316089630127
8e0b5fa9e5d01c3db416c970c742d703,2,0.9819106459617615
29688e64d4d691f1d5f79374f84a87cd,6,0.9604875445365906
6a04d966527499dbba04513fdc89c327,20,0.960873007774353
bd36e600e6a9e70bbe6a67813818e9cc,10,0.9714116454124451
ae1cbf5ee361613c6701233ded2f06ae,7,0.9682039618492126
eda881de1448ec304fba3ab73405bc13,9,0.9396609663963318
f87c4b540d8fcc4cf71e4a9154060ff4,13,0.9627180099487305
57ce0c3b2e93afa9ac21c394d4b76959,27,0.8876755833625793
18dab063e974646ec068cf25d5265037,11,0.9611902236938477
efc519d9b102e1ee3083ef69cf71d097,0,0.785077691078186
b3eeeeb4edd1bd3d6aba3599ccfff132,0,0.9802883863449097
4549a1ca022cfa96894c026ee23f81d0,2,0.9790761470794678
9af551daf9d5a068066f0e09a09d0a42,11,0.9608604907989502
5f752012b3250232ed70138af5bfa746,0,0.9785519242286682
7970a26c8c8552fcaf8649818598bc15,8,0.9615505933761597
52350ce4b1f03eb91c61de8ccd60fa4c,0,0.9797589778900146
0f3d2f2808200bc84ebad28bf412d5c7,2,0.9827242493629456
64da8d7e790da6acecd4fb2cfe995567,10,0.9714258313179016
931af480b7410d5aced2f61abcdd3267,29,0.8927515745162964
4ea3c2d7573ba8bff2c5b91cdb999485,6,0.9589499235153198
482e56e5e107fa8780576ee7c1928403,13,0.9620574712753296
4750fec73dcfcbde595b0ff6c30fcbad,2,0.8013502955436707
adba8ce626c85098f166104d08732ff8,0,0.9792089462280273
d69b6dde45c99032260086cfb9031054,17,0.9392396807670593
e900ed5c223dbf36c6b87d8dd5f15ace,10,0.9712173342704773
9c40e914e31aef5b47045a4132829af0,4,0.9510701298713684
8a9a15b876119863968f91dc32c2cb30,3,0.9259745478630066
4afc5870845b6e7f7129a325b249848b,17,0.9298298954963684
04a952792aabdbb09ab7bfc639fce7f9,7,0.9714242815971375
881c98bcfbf90f98000f8f9324072109,10,0.9714374542236328
a9399c7869e3d46444aba774b5c32c70,0,0.9805094003677368
22b311eb9bd8b1531bbd68363244b107,7,0.9706255197525024
8c0fa7fd63207425d6684bbead8e7a31,0,0.9804360866546631
352422015bfcedcbd8f1247be69fa905,5,0.9702546000480652
2aa1d0adc6cb3702a977046b4d8795ce,8,0.9606298804283142
41f8ad9abb22b8a6a68e45b7d8c80a60,2,0.9826521873474121
52b46944ba1e8a0a19b1f27135433269,3,0.9328256249427795
5e52ac74020d6a9ca1faa84c428597af,9,0.9402947425842285
90a0cb46ab27fee995084b93e30ddec9,11,0.9609255194664001
35270a1c1c89faafe4a3dd3b2d87796e,3,0.928788423538208
94f943088750d8ff63c1bdba5e5d8cd5,4,0.9519659876823425
f30b6549113082742cf67cf5497e50ee,30,0.9048984050750732
c8d49cbb10bb7957e3db697088796a42,0,0.9806451201438904
fbf90e8d02aa4b78c647f58ec20a055c,9,0.937747061252594
27db695c3efbd440475f1b24a291fc76,10,0.9710454344749451
c069e23b1ba1b178008aa7366af8df96,20,0.960636556148529
2d7a66c22197c6c7659d4ded5b355103,11,0.3595294952392578
a7954c782235ce6162e455a83db75799,3,0.9299794435501099
80f078b3f6eba23b26054972d4303366,5,0.9700677990913391
75d80e5284d3143a26dbddbf366f5f63,10,0.9714585542678833
b4825c1536add0eb3b80919845e0a700,20,0.9606021642684937
0ecb681a028ddcfa74f918b74e5da385,3,0.6047770380973816
a519b2af3307cf174fad497074277c13,10,0.9715122580528259
a0937afb191fd0449492b83fb4372d26,5,0.9703247547149658
84693015f2998530c5f447fae2f83432,2,0.9827212691307068
d56fbaf403154056c987c633fcaca42a,2,0.9821491837501526
2a7a58b64e48aa618a44f4c7d16f257d,0,0.9806899428367615
266a1e608353a2334732089bfdeffe79,0,0.9806336760520935
43db5d75f2a03b1271ce8129df59e6e1,5,0.9677075743675232
74304f96ac505d1c18838802e21611dd,0,0.9803705215454102
8c8c90d4a56b2854d6525faeb6d2e69c,10,0.9714633226394653
0c00be98c1c6adefcb87ba2643653d44,13,0.9626690745353699
2b1bcc18f24ba920495cc98c7351e559,13,0.9622334837913513
0a4042afc9806273161cbc931266c803,11,0.9605649709701538
97630d6fa2700ff27fb2b4dea5dc1976,10,0.9714046120643616
294fdee8a349baa67c35099d89fe4eaf,2,0.9826299548149109
ad03b2b90d23ca02ab4d26e20aea679c,16,0.9472478628158569
20c10c7d9e0a9aa178cd3433b4a37257,6,0.9602379202842712
e524b7d504aae981ece3fe8ebb1091eb,11,0.8721474409103394
d87c7ddd33e58355d9090f3f3ec3dc3d,0,0.6802866458892822
6d8b3718908f82421bc197606595aaf8,10,0.9712837934494019
c584b2e68cf91d694a456f0642212219,11,0.9606282114982605
14393ed3aa370377efebf8c06a84be54,20,0.9607093930244446
4404f88b1ee876e6b7f210404d30e602,8,0.9606688022613525
b7d1fc1ef20c6652bd43c141d1ec979a,20,0.9600573778152466
c97389ef92dea62b787795f2c9039e21,10,0.9714863896369934
a0e0336112fe1d41e18599d180b64e3c,11,0.7701224684715271
4172020bdf5d3234cff4eadb45d87587,14,0.8942554593086243
2bf2281fdef04fd4c37be1906aa612e6,5,0.9706078171730042
b86d39d97a8da2888a78467161e461de,10,0.9713674783706665
4fbb00b5e11f0981575a09281f5d5d63,2,0.9826775193214417
45db0c4c628e60aef8a540b8ffc4eb43,0,0.9805943369865417
efaeb5aa1362dfe72175f874c69cbf82,0,0.9806786179542542
94d618569a2d3fefb01463713abd3078,10,0.965255618095398
2ab790b91bc8e763374462ca5199cd2a,24,0.9537106156349182
1c66d2dfd49906591ca36e9fd9f80d64,30,0.5855302810668945
b539fdbc8ded6e6cbf7009b65c02b6ad,18,0.9335035681724548
aa2f7747bc549fa307b232d3ab2400e3,7,0.9693887829780579
9f9c5eee851136d8cf0c84238fef2ac3,10,0.9714720845222473
e4dca8381fa4d80642eb918ac8ed466d,11,0.9612388014793396
3f4de1cb7fa3e97bbbf19a25b9fdf6c8,10,0.9713218212127686
4cbb1d63f6dfa8bfc80a96a2c94fee1f,20,0.960708498954773
b17aeecbc2a57afa6d468e6166df877f,20,0.960543155670166
6383f3eaa0c055be694b0a0d581c0355,5,0.9703951478004456
141623de64bd1b3d3b1dab8ba657a837,5,0.9700484275817871
3055f3c40350fa214204df168e60cc5d,11,0.961243748664856
92fc439c430dbe102df1e02f6d11cd4d,11,0.9578245282173157
ca3c0e71c8cd89bbd24cb3e075bd1d38,10,0.9713264107704163
810449565e4b735144c6fdda94dd7729,5,0.9704859852790833
3e1e68652aa642aeea69c4b84f688df1,11,0.9601662755012512
d2f529cb012860c845a738324c5b0986,20,0.9601252675056458
c6776b8d82ccc51e2ebcf73f05a10e1e,5,0.96614009141922
d137c05b99117cea9870258eb1d84248,13,0.9624424576759338
b07265b9061f112485f77b26fe225630,8,0.9613593220710754
f88da75ae4db951b5c9e62833d8646f7,2,0.9766308069229126
f9cf75f0be8033d458f3df52a7c620b2,11,0.9491060972213745
4f1c39639cbc19992a49829101a9bc7f,2,0.9827151894569397
f81d19410205d52bd3b516fa261197b1,2,0.9687111973762512
7adb14bf62b3b267f283375a91c5f308,2,0.9825153350830078
ef3d00c56625e5d2e8ff095694a276fa,2,0.9815430045127869
1d6f8502fbfdb880e6d7f99ebc57c800,30,0.9045617580413818
eccf9847849517fd6d403baa3dddddf1,11,0.9613889455795288
04b7daf027730ac6e5644f3fd11f1c8e,10,0.9700681567192078
c911c0e4d5e3685ecfb415d510ff4a7d,11,0.7290285229682922
a8378591bacf5d69a0573974e0395f27,13,0.9626500010490417
14e48408ae396526dd64244d939b567d,7,0.9717868566513062
dac796620d3f4f9af188b52c769d8e2b,24,0.9534988403320312
7ecdeaa631a757d8759318392782f415,13,0.9618744254112244
834e2cd483e40a970c2bcb74be5f489b,17,0.9390603303909302
beaa38feb9ed33bdb4bd395070a49a51,10,0.9714447259902954
edb4c0531d283a2bd2a36fa0e48fa934,13,0.9611087441444397
c9a9abcdf01edcb4b896ea5567cbcbcf,1,0.9653134942054749
fe6e3d50b3a4533b2a494b4bd42005c4,26,0.9256739020347595
97ac8f6506592e85dbdfbe485d3242d6,8,0.9615811705589294
61245730e48b2a85878fefaac77acb18,2,0.9820959568023682
9a36285e9162921ebc041c07bedc9d7b,28,0.7873302102088928
9a2e6773a9070b9a6389851862f870a2,9,0.9351158142089844
c6562f976b473aa319638c98c6dbd708,15,0.19946624338626862
b58a784d6ce704293ea18a409810131b,31,0.8412838578224182
a2b10ea3359bcfe33efd2497fc8ea9c3,2,0.977601170539856
78e73d7f1265f72e523ee24a09f2807d,11,0.9611696600914001
cff80f2ab455292b035255ae80dbcf59,2,0.9826192855834961
3f38ed70ad15f6f973ffbabb52d6484b,10,0.9714654684066772
e3c928f199141a0133553ba01b694506,33,0.8462249636650085
46d1990fdad5b58fb9b60f9653c273fb,0,0.9806062579154968
2d3970ee384538aa4ba18cac1a6b5ac5,2,0.9821517467498779
73a8c4ea55ddb1f017b2b311d8237297,21,0.9287212491035461
675f288e7132c69474272cb0a2fff4e2,0,0.9805524945259094
8da1b1d99df0606b60fada9cd4b4acb7,0,0.9804677963256836
7e4768bba8d25e58fb6b5c85e854eb32,0,0.9805485010147095
4e40dea3354b0b7f6e6588e500a7709b,10,0.7921826839447021
4484f2e613d56354eb5b117a0d109ef7,8,0.9615737795829773
30fe5d50056e8ecfa56d1ab820609fae,5,0.9705999493598938
9874a52f4dfefb864cb8399553103823,10,0.9714757800102234
f05c35e80fd397f0fb135ade915d957a,8,0.9615626335144043
68b3f106f3e80cb5f91e74be213b00b0,13,0.9623134732246399
04d6ea1ea34ccdbdcb93097b81bcb6a9,10,0.9702796339988708
2b2aee85b331a1df1292f107d1313809,23,0.9526509642601013
bfd11742c324fc7c6164c70de0aecf0b,5,0.9704570174217224
65129025ae16961f1b12bf4e145a6b42,7,0.9709959626197815
2db82fc0a7a530dc128dd0ddb4c9700d,5,0.9706715941429138
91c658323d9fa52cf2db76cbdf29fe17,2,0.7104922533035278
550b9fd46c789095ae5e6088e4c4d625,2,0.9825284481048584
9f092d3991c73c0032520ada8b72d8e1,3,0.931184709072113
4514470b023c71eb005857eae4cb3993,29,0.8271320462226868
c584a0d784f8630065b7faea51530cab,26,0.9247203469276428
2bea41add491f16bb85ba96f146804eb,2,0.9803720116615295
365b95b36861cff7c19561d828db078b,15,0.947987973690033
b47d23cb2ba57acc51f3232a12b61793,2,0.9828376770019531
67e1b2477ab8b7a90ae094eef3d46829,1,0.9654979109764099
4545b1c00f3d192ced04aea29bf31df9,1,0.9595654010772705
d8def9238bb13c90ff011dc583fab58d,2,0.9816669225692749
87dfff5ccd6286e631d669904a0ec6b8,1,0.9610874652862549
0564f4a0232926a5608ce4283c0c8dee,8,0.9616312980651855
7f2d6a95b255e6ae0afd842ffd38b89d,2,0.981107234954834
cb3185cb2af2dcefcdc49e217afe8e69,4,0.9509445428848267
9b5275ef77a4d80f84914fa044b7f420,13,0.9610422253608704
9e67982a3ff2effb28740af22dad25ae,2,0.9826697111129761
7b6d13627f22cbbff32d028a68391f5b,2,0.9780523180961609
7d6e305634085a4045de3cbac38ab61d,13,0.9609246850013733
081d60964bba46b8ab88319c8ff242aa,11,0.9611009359359741
195aa6d08685d4069b832394e9b3cdab,10,0.384945809841156
73785bddb0ae10224606d34092cb660d,10,0.9713724255561829
b2eb853803b8d35af659462658fbdcda,30,0.7989259958267212
0ee8d08c9b12037881ee1cf38b5ef50d,4,0.951644241809845
1deeafc58a207435bf2bb0b722753030,27,0.8851841688156128
0603c2162a8e9b0f9005a04bec115eb5,10,0.9713161587715149
97a54d383e5f9bca1cb7bd542d5a8dc5,2,0.9751697182655334
8491a32bda84f592f91cce4c83c234da,16,0.946863055229187
1df7c4a0c35d385bfe026a07d961e8cb,15,0.9533518552780151
c3b6176aa5b9132af526809fadfbbb95,13,0.9626184105873108
6fa1960221e064eaaf52d419bab811f3,15,0.9503375887870789
8af584fa01b74534f558ce1db97f0334,2,0.9828212261199951
58962dab5a6eae343e7f4bbf544ac609,15,0.9530577063560486
49bff110c8ce206499400a6a3744bda7,15,0.9500120282173157
a0f91c8220cbd83c976f4a854660103a,28,0.8710317611694336
3a96a621261793221c93f56291aac107,17,0.9358177185058594
0118bfef6c5d9953a2ea9eccfc4e3d81,0,0.9787940979003906
fd6954e4144522667334620fbe3496a8,17,0.9390384554862976
05a8b061202a33d88f36a87bf69ba54d,5,0.9705281853675842
8d22475d6129d8a73c40677e078d7f38,2,0.9720589518547058
ee094d08b2c56b0978204f5930c8b7d7,2,0.8118452429771423
e7bfcaa4d282f1f67063cc8c2b690285,25,0.9114766716957092
31d471323c1dedcf3f71722906dba84a,0,0.9806985259056091
7a16e22189078169a40aadbb84a85178,33,0.8516668677330017
d25bca6eba9bda4a2646c075f99b35c5,28,0.44961273670196533
d8af4d00ca83691a0875e775bff6aeda,26,0.9259426593780518
0d6483386b5791ca8469914e3b63cea8,26,0.9260023236274719
4c4edec0062c20008c99981c36aa2a75,10,0.9715483784675598
637a13d7ff4f99ddbe9572f27ad46f80,27,0.8886666297912598
010bb10afd775f40309944194b801cfd,14,0.89200758934021
9b0d85ef8650c800b83c96cc425e0256,20,0.9604849815368652
c65936d8760bdfec14db94256e258f9c,18,0.9323083162307739
c48e7282bfbed36e37df9e74475310df,11,0.9597892761230469
ce03bac97b9c82d0ac7eed9a4e7ce11a,2,0.9817591905593872
b3558cbc32ea8233e6a237995c4cf965,5,0.9705491662025452
b840eb5c6a461b96930ab97586e52b7f,11,0.9610555768013
d9117157074ec54f717d55b73ca770b3,5,0.9704369306564331
ca66c5e5be0dc140a78e48d47b734929,10,0.9713574647903442
4a40c302fc436df1ef9cf6ac6c7ae132,14,0.8947715163230896
820a608eb1c0af4d6720949dcd91faf4,2,0.9825687408447266
6f34fd868523087ccd379d549c95ffe7,9,0.8932696580886841
da9c55b2714e9a520f432d109259de0c,2,0.5270643830299377
45b06b6cb17958cf923971dd4199de5f,3,0.9195979833602905
84ad83d2b383b1519a41210ec676a6b8,2,0.9826779961585999
3b971dd9139c4cfd92ae8198ee96e8b7,0,0.9034377932548523
76ab078b206e733e448cbfaa965edf10,1,0.9655320644378662
82f65d9d9d534c2ecc7397a2d7bdb8bd,5,0.9696618914604187
8bd63ce21543d4d528faa00d4c613203,11,0.9611997008323669
5f0d9940fd81829d9c7216b1f7f31cbf,13,0.9615731239318848
af25f2fbc973ea08bbb7c2962bc57995,10,0.9698618054389954
eab39e7c9e429cf4874b13689bf9480b,1,0.9655047059059143
854fc41d2de9036a9bf7cc73d90a24c1,2,0.9827423095703125
40112948aef637398d88eda443a746e1,5,0.9706027507781982
7ec6f7262a9b60cc256091e4d7259671,7,0.9685043096542358
0b44178b05578802a13aba2271c7631d,7,0.9712809920310974
31cf4a21408d2b90e2c1e4a5aa036a08,2,0.9823287129402161
6258d9b45da51bcb647569460d96d355,20,0.46316033601760864
662b62ecc14f33424120b994ec1b030d,6,0.9603918790817261
f9f4876803ba0fa4ed5df1dd8bf08ea9,0,0.9802805781364441
6d45c19cca931fdc8c0095c78596c245,7,0.9630685448646545
9d2a2d0325bd10d67418ea7ea2e88697,27,0.8890461921691895
6e562661c30b20073c3a424614e7c4c5,13,0.90903639793396
7e681b700eff9ceb0427bf49ddc97fce,33,0.8532143235206604
4fbd64ba4c061d564f7d3f44e03a8252,10,0.9704629778862
ea8a19d5d99cf7cd16c2059334328ed1,18,0.9336486458778381
565793cece5fdc4d3c64c58a28f44b14,0,0.9792320728302002
cb76cd9704ce6b722aeb6ea86babd0e2,6,0.8829641342163086
beea5f5f47087cb23beef601d865dd8d,0,0.9807478189468384
9371e829f68069f1dde3ebcf32c626d1,0,0.980646014213562
3cde738e4ef9d61ab5b3013dbaf2f205,6,0.9600284695625305
0c737b43cc5ce9727beb937d838ab266,30,0.9050071239471436
00acb779b34b5aaa3d6f56f84e56921c,27,0.8879030346870422
907eb08a3aafdbb55ad0967607d5e72f,7,0.9716934561729431
5dc3c67ea618076ec3fd27eaf564094b,7,0.9718300700187683
6755ed475af5e7ddf79cc1d4355132ab,2,0.982485294342041
4b5993b09ceb3b055b138e69633ac472,2,0.9507836103439331
faea69a9a9d0bda1d81f8c8c4ece7455,7,0.9712282419204712
dc7495f4e3722ad611ad684791afc5db,2,0.9824405312538147
5912cc8a0d118378d4649421a06c8f4c,2,0.8785364031791687
0e6a1e04110279f6a8de65bffc7071ed,0,0.83927983045578
8ccf85c39553539f89a5f74c2395db1a,0,0.9804389476776123
1069b0ca056d768672c2668ce8c191e9,11,0.9613565802574158
32f01e97cc954fd646af466ea0dcc9ad,16,0.9464082717895508
58cb4849aa79e313f2a393c9cc70308d,0,0.9805732369422913
3a9e9e0e74ea2f3bb99ad7c6d1db2c65,33,0.8565296530723572
25a72e1c9325f54548c77a0de7a94e47,27,0.8842080235481262
e0888c73038817abd276c89efe850e04,10,0.9712913036346436
70a7c0b25e46bbaa0c7885342b46f4fc,20,0.9606583714485168
cc401a6c1301253f74c5fe91807e051e,27,0.8838156461715698
fbaedc238542e2c9b9e1de170b46129e,19,0.9161449670791626
e97afee33d43719c2a195a0b01349ad1,10,0.9712378978729248
6986618801eb1d361ebb9710662eb384,1,0.9619872570037842
fa09b1efb5c1466fb70a97671d4d0240,10,0.970937192440033
e9738999fd20224fca118eed97331c2d,0,0.9803476333618164
925be824cd3fa5248bb0370d63975590,10,0.9654108881950378
ea1a225f3ba3e0ff7eaa945488ef76ff,15,0.9529833197593689
30c2df30127b4f2276de060fe5f7f60d,24,0.9536935091018677
aab55a3d5e636a94241dac463bc5ddfb,9,0.9397081136703491
29bb7198b59d3b668396eef8771a39f9,20,0.9608678817749023
ad4587122c68923f55efffa353b70eb1,23,0.9525718688964844
4092db8a09886605ad32659f36a38fc8,13,0.9582639336585999
02278b293af08ea30526aea6f6d09b98,2,0.9826200604438782
daa1b8bc04e5e93b2325071afacbb60f,13,0.9624727368354797
b126a887b0284161c222a715fa31e614,21,0.9356986880302429
96193480135e285563036ee4177d6f38,23,0.9524563550949097
d2f8610f41ea47fdaddcebe15528672b,2,0.9821565747261047
740b82245cdac5ea95bd52108ca0e418,9,0.9006807208061218
2c9b3468201c64441b47ca61e8eca0cb,16,0.9472132921218872
568837a80d4d729a516b93013778052d,0,0.980513870716095
d356009116b7f398222712887ebe8b0c,8,0.9615029096603394
30a3f298e0041f9ada2acb3c1aef3cf0,10,0.968940019607544
a8c21465293f4b14b355b8a6886c5e71,17,0.9225191473960876
76a44f4cfade6aec50556988549fef9f,10,0.9709495306015015
9d09d18574255beb32aa285fae993264,2,0.955673336982727
6248bdb2192ee3dac48734ba9ce9dad9,18,0.9332700967788696
4498f62ee32aee50f19aa8269f189286,2,0.9823935031890869
2dd8e1163be0f9774e717e44a426029b,0,0.978329062461853
bed4257350d8b47f3f6f7958c86f772b,10,0.8597166538238525
be7d0fda542f8a1909199b7c2a57abdd,6,0.9602950215339661
0175deb6a603d5c62f84458604d51099,5,0.970419704914093
8fe34e16866b06a3d3a894c7c88c8356,34,0.9267811179161072
ccdc32b79b99803a25204a0bf87b34d3,13,0.9618226885795593
621ba971aa52ce7a4558fe8ba3cd4c0e,18,0.7037608027458191
5cc4810b40797d003c6d61d564e288b3,5,0.9702641367912292
70223acd552b1a950954e80ff557295d,20,0.960112452507019
c5612e0b2304ffd106cd742702b30987,7,0.9714492559432983
f8601a43becd28ac7de500364bea666e,10,0.971445620059967
871184f1195478194d7f1e9540e56df5,2,0.9804831743240356
eabfb9a0f0084ccfb3fa61bb16e75fcb,1,0.9633272886276245
cc6985eae1ed2d2a15a6d6b2750f2554,11,0.960909903049469
0b9b9227db068fd610eb8678de21ff8a,13,0.9624732732772827
aab467fbc2a55983bade2335d9519e26,0,0.967751145362854
d00961dc6d724750ff2e3fb3193ded76,0,0.9804716110229492
a4899793dc53bd292c9a42660c4e09db,2,0.9825021028518677
abb807da491d3f5f434878b6c3cfe58d,10,0.969221830368042
ca11c077b7220b22a3df922f94993420,2,0.9771912097930908
57873b45da0e736841ff508977128eb0,2,0.9828401803970337
8222360990349cbf4202964847a894d0,2,0.4634973108768463
e24c0a41ac331978c616bdcd9cdbbac1,2,0.9826858043670654
57b553c25f70e00bb58aa1d11f26cd31,0,0.9800787568092346
9b3fffe46a6e7db364622c13d7bacda0,6,0.9586004614830017
7f20c6eee5de16f4d6b6e5ed58dfbc7a,23,0.9524700045585632
fb6ebe97824ad17d9b6147c779d37d67,2,0.982266366481781
aa50ff6eda498c6c9fbe2ee43f23000b,0,0.9798796772956848
64f43b5355451d1dd7349338879a3c3a,7,0.9718607068061829
6839332a530120657f2e9db67ff6b2c8,9,0.9368758201599121
a262ef944eccb0384435652c86ea2065,0,0.9797397255897522
36afd258b755109011f4027f96e18d92,20,0.9606110453605652
62716a45341699d807b63632a7d039bf,30,0.9047495722770691
3e2ac47d0ffeb4dde1b4762a35538aa1,7,0.9713684916496277
b5240eb81e8a85a26d6119096b030fae,10,0.9713678956031799
644075119fe827300687bf5b557e722a,2,0.9821993112564087
7589b5ebf4ad2fbaf6e7756f8df9fcd6,18,0.9242558479309082
96171d91bfceaed2c614b7db0db901a0,2,0.9823735952377319
b6caa33a24a9271197d9eab51ce04883,10,0.9711139798164368
9d5cf3b615aabc60ad8e38454ddd0e7b,2,0.9827392101287842
a4312ffd3957eecfdbd5c3439235da35,1,0.965167760848999
48354b2d10259e2d5cb890ead6d12871,21,0.9315506219863892
c075658836e197c6baae38825cc1ca75,5,0.9703763723373413
41310ffb2196bf1d91d78348d0b08149,11,0.9602766633033752
1eb4ed3842a1b4177236c13e135dcc5d,9,0.940588116645813
27d0c1a94ffeae7932dd3c30318c44fc,6,0.9583997130393982
7a2f04ff83e158843cce48ae4f01dcce,2,0.9826838374137878
e738564fcc85d95f29d3dd4b8fb882a1,5,0.9705348014831543
212d46b7bb24214cc822930c2c34201d,1,0.958130955696106
4d1c9b5cd6899781aff5aa22d81292e2,26,0.9268908500671387
8fb3d6d2df229c7ce0a89c6ddb5bcac8,1,0.9655900597572327
b70f6b9f61fa628f0a99ca25ff840f94,11,0.9590736031532288
75d1b82726718a3103d67f716a048b9b,7,0.9713340401649475
4e2b6dad4521eee5272f2eb9542419eb,20,0.9604747891426086
c4c958dfd28f06d3397a1dc70fca409d,0,0.9675223231315613
1172220b5ccf011bff9b0dbf1463c5b6,20,0.9605411887168884
3d1d04ccc566a3733843afde71a11533,13,0.959838330745697
8f52b5afef960f440f9944bc7a085b52,0,0.979806125164032
59f1221872cf77cdc2147ab5a59888d3,15,0.9233992099761963
9cfe1eb8037672b3786585f29e18e01d,11,0.9529931545257568
571d73228db3718c97b77a1ba9df9d83,2,0.9825999140739441
797b12355e55b47e4b90486f0adc6fbf,5,0.9703656435012817
ec4ad1480fde710678caf60c02d837cc,21,0.6991914510726929
3a9e11aaae912c6fcccddb99177ded58,9,0.4846780598163605
66e83691c3fa6c623926614757a78cf9,2,0.9827610850334167
f3de0f991f5b6069bebf9d69657c69b1,7,0.9714988470077515
8ac989ebee66d077d682efdf714f400a,10,0.9713943600654602
d01dccf586ee2efe30d94f84efb81b03,29,0.8914549350738525
095ca9f018280a813e7afd6c21b78294,2,0.9828314781188965
1ea936d7ec29fc6547919f00681fdae4,2,0.9824625253677368
9768816d243fad60b60cfc38c8965c82,5,0.9705376029014587
097aedb7e6a3c77779cf664bae997194,23,0.9520977735519409
8704c92b81436c685a36e2af6a7b8463,10,0.9714022278785706
6a0d27ef4f1534eb119c0860648267c3,1,0.9530225992202759
4063fa387aef7dc8ce295254b2f84ea6,20,0.960399329662323
1c23fb63c01f19b891f0bfee80254979,2,0.982591450214386
85edd1deb986406bf6c16b4f8f01944d,8,0.9616921544075012
f9666546ddd378de4efdcc21c1f0a218,34,0.9254286289215088
69b48ea5388251be882ba7fcbdaaeaf7,0,0.9806400537490845
2f8e514576e56026d71669e0ffebf811,2,0.980815589427948
8d8eb3450649754553da2198de81f40b,23,0.9523334503173828
01365db826560720dd49470c3f7e2135,18,0.9321117997169495
43ec051ec429fd9721c06a0e3ae7a92b,25,0.9152854681015015
fa1cd0d448b1314b50265a3ae6026386,10,0.9714201092720032
8fd12d9be8f9be3bf4d8880f1e11f6e2,0,0.9784051775932312
1ac19b32fbaa9c4de0d2bb25764ddc7b,24,0.9234203100204468
edb6fbeefc441c24d4c44f1058bc4cf7,3,0.9161911010742188
16d8d86251122ff01f95f3dbf428242a,10,0.9714275598526001
cac8e2225ef1f6fd8c9ea9ddf91b68f7,6,0.9577915072441101
fde295eab24be90deb26083134de2f1a,28,0.8943845629692078
5c7efc43f443e90534ed08b036533b1c,3,0.9243390560150146
a577545ffc7cf339bff6b9724b81ca1c,4,0.9449118375778198
fa007f1820c60e1beb28a6cf546c677d,10,0.9565050005912781
067f8ff5cde600517a2982f0c7ceeccc,5,0.9705950021743774
a87e80a5bc87abc6a65d256446869a93,13,0.962486743927002
b53d70cccc75ef54ec3d284d7aef8725,17,0.9351376891136169
cf2e33751ee0b662d50e0f4c7cabe03a,13,0.9610653519630432
0a529e8dc1e80379e8fd6e97ca31a3e4,2,0.9824695587158203
6b78f0004753217883a020d3fb084a1a,7,0.9713066220283508
fd4702d55866c1460fe443ee2125070d,5,0.7090982794761658
8e8097df3f8e3028c130ea30a6fdcb4a,26,0.9263563752174377
418089bbc0004ce8d090c475474f153c,21,0.8794884085655212
4068bb7996bbd83c5484b877a5d113f0,27,0.8881828188896179
70a5cdd558fc97908331caaa916c9d4e,9,0.940172553062439
e0b46dd2091e84de43470883f623276c,3,0.8622515201568604
03b27626b32f4a20129acfb273c2802d,11,0.9605026841163635
bc13be05208d464c905de5447cb1cb3b,14,0.8928489685058594
d24405b5f4bbff88a0ea38a54b40b60d,13,0.9612852931022644
f0a84f5b4220ec2f391d48a3f4fd49ef,8,0.9247308373451233
e69d7cb90b721456afd9ca4e3a26248f,5,0.9701777696609497
d9586e9a546b0d9fdc55373496371f7c,2,0.9826065301895142
41ceabfc307abaa3f62d50cae16872e1,2,0.982684314250946
57a26332c8b98643cd8a85898f5bfce6,11,0.9613305926322937
75e8707936faa8c2a2fd3e995a7898f1,2,0.9824569821357727
a9b28934c118bc1344b060763c6873b2,0,0.9805555939674377
19ee1cd04d472a20afdf83232fa4a29a,24,0.9534865617752075
dc7bee21272b551f37cc504fd5bc9fac,11,0.9605328440666199
4f60b5ae0dc497069565d0834e9baea8,24,0.9535056352615356
6d0479e25549ea8f986419625073d7ae,1,0.9653416872024536
10e22ec4fe55155731bf14f8b67805b6,7,0.9717656970024109
fb257111905bcc45fd646299ff5e84fe,11,0.9603140354156494
08e5d4d314dd991adc859cb1f1f97d88,5,0.9647288918495178
b58741ac9ee5babf8cdbad6126cebaec,2,0.9823389649391174
8999ec37183a81d59cf230aaf5eb56b2,25,0.3940965235233307
f08cb83d09e7acac2da9733069e793a0,8,0.9616857767105103
841d645d8fb0b5eb569265099790f248,10,0.9714023470878601
bc78fd9f4d627f2d1b88c737b9454da6,20,0.9608178734779358
23deb3a0c84481fcc919f0b28baee126,31,0.8758749961853027
8304a124b8f8fc98ffeae79b7fc60009,2,0.9823375940322876
d9532866372d963422a9ad4b9b8dff36,11,0.9610608220100403
bcf5ef2e527dc26210748371dbf5e97f,0,0.9802544713020325
06c565ebf2433a5b6b734e7a84531f5d,24,0.9531974792480469
00a5e806b736d8009a7b5eafa244fbaa,6,0.9579933881759644
258f68ed7140f35a84d3c3ae437fec2f,2,0.9808362722396851
8b93c8c5880802214e999616129f4168,2,0.982370138168335
c98af7ab60bdd050a1227ceb561ff7bf,11,0.9551724195480347
99746f268e42cb90288c30b4b6784303,0,0.979945719242096
1d749af0a5f5ccbb28be93810dee5865,30,0.9051384925842285
76f0d19839a8eba1a1106b6833345d26,20,0.9605501294136047
b7b200ff451bb997dfedf92fc0ddbb45,10,0.9714025855064392
09c7220b9402624af4add9ca1a810450,2,0.9826369881629944
e1f45e1a6bb3743f7ec640ab416c3107,7,0.9717254042625427
27ebfeeaf43929091412e8f8f7e73913,0,0.9805268049240112
9ff976ad020a5576a8039119bfd1ee9e,10,0.9713214635848999
51decf802d97e71f5acb9af265a2e6ff,2,0.9823576211929321
ce2da593958ace6b487c717d3dfb9400,24,0.9521746039390564
3e387b5f231a5279d881385edd06f05c,10,0.9713897109031677
0390a02e9c68ce2358ae33f324a2369c,1,0.9652236104011536
27d7f7d6fc433ff0c9162bdd8052f199,0,0.9799113869667053
6fe32e0d86d77905ab2db007d404f5be,7,0.9714742302894592
560e5d66cc9d166517086d9d3f75ecb5,26,0.9227601885795593
68e0e3234d9a1f7190956cc824ff1bfd,7,0.971727192401886
54d18d16c7cf7b58949c89a34493ae21,1,0.9649606943130493
b6258c31e14f95b5eec9e95ed5f968b1,3,0.9318273663520813
397e454ddcee74d12c519f79903fecde,15,0.9520606398582458
be7e209ac73c79e0b65a1ecb7438bff3,3,0.9315775632858276
d1d2ec81ef016991b3354aae1004c6d9,10,0.9712401628494263
f11d7d9df85115477b90d8013ff3c6bb,2,0.9821228384971619
ad1745d856d4f83c3b3520fd85829b98,10,0.9714239239692688
406c476107a4ae0c99ab284467dded93,2,0.9825446009635925
d27bc40bb020e548e74991ad08234a02,20,0.9606152176856995
6a1889554a4e6a3f40034c039de13865,5,0.9705101251602173
dae61628ec63cbd4390e710ac9d6131d,10,0.9714330434799194
7d1340a2111a46d55e01e7df0897687f,2,0.9825978875160217
cd295f4af6c74361dab13e1962a60b71,23,0.952536940574646
c282255788193f68969d74d36228783e,13,0.9625425338745117
c9c45e82c359798444bdc0fa8c67730e,24,0.9525341391563416
ba77831fd96dbb1e518666bfe775d83d,1,0.9653105139732361
9baf5d2d434617e4cd7a8d7e2e9cd204,7,0.9718502163887024
a916a7b40fed8b93cfbd3aa44d53b8ac,2,0.9816586375236511
cab916c7a364edd8f0fafac12ab03040,20,0.9599645733833313
7fcd82565507a717b6444de89186d96f,1,0.9651058912277222
00bc43bf7af001ae7887c02d09e79a1b,10,0.9714317917823792
02b5d93c8a9ccb8a7211bdc608465ad1,1,0.9656345248222351
0e61a38e4161680d5ab751948fecd7f7,11,0.9605690240859985
7ef5ae4f3caa12802eea8005be6caaa2,3,0.9321302175521851
dde81d7dd1407b49a50393f5d70955a7,0,0.9802738428115845
66637119250f0f02d1fb77da8165e6ce,11,0.9611310958862305
203d7fcd4f4e731472e95a2d875463d7,2,0.7606083750724792
34c4b598bc8498a24d37bcf5b8971677,2,0.9827605485916138
b7b479e213bd0c8f95092abe27d027d1,27,0.8595121502876282
b681d34a1d342a8a644fac4a097c0caf,13,0.9623007774353027
3abdf94232eabd7acbc2fa228ebad05c,2,0.9826139807701111
3cb72684d4a7f62043a0b93a1079f8ae,4,0.9506326913833618
87ff1382542b7d3ac066d0c10e9263bd,2,0.9820543527603149
99a7f21780b3569d295cf1524da775d1,1,0.8848960995674133
987144119be727b70e101264376a9519,15,0.953070342540741
e9c3a03140063067c3f7f7ac3f1564ce,2,0.9819983243942261
7c44c1e6e4b76ba020132ef0e0b6a996,2,0.9821549654006958
77a45dd0bb2d2d066f81f3fdef694b98,5,0.9698606729507446
97e84198348349346376820471a29064,0,0.9806889295578003
402b3b944517e27856c689fea9f5d2e0,8,0.9616567492485046
f7ce600db715daf4a2290e92e510942d,10,0.971161425113678
e960277a6d4cfae817c72e99bcbef60b,14,0.8914753198623657
753c8fb7daf90b41de11b9cc34a0d190,16,0.9472588300704956
bf53e93820666b9320325f8f54999025,5,0.9701894521713257
387d73549dd9555832d3503e3bd3e895,6,0.9562761187553406
8e7dc30b63597f126f277eefc00049d1,0,0.9802873730659485
a6f81e131c1804725f9efc582dec7462,0,0.9807018637657166
feadda4c02e042ef8aff4ee6e7431dfe,2,0.9824390411376953
545ff29b6c600ef8aed8af2cb956589d,2,0.9804438352584839
d7dd7d40e426121ed2eb5a6068adc459,23,0.9522576332092285
7bea4f4ca595b84a5c2aaddf43300fd8,10,0.9713054895401001
a32ef60b73c24e692e73954912bb985e,17,0.9259098172187805
e5cf9a7b15d55b08132ef9ebd0600cba,2,0.9826520681381226
f435e8e456b2f6558696b06ab4e1f83e,0,0.9804697632789612
b5dfac84af5e7b0bb24d0a7c651cf7a0,8,0.9615012407302856
85d8eb549755de71009da063f0055291,0,0.980712890625
55f1220108d200fbef909d9606bb45b7,7,0.964532196521759
03bc85286837868bbbab95d277bcd87c,1,0.9643124341964722
2b4152711c293743bd4198f11784c442,20,0.9607633948326111
350f858ec79d7709a17e3b735ac4436e,5,0.9705370664596558
379b80264405cdb7a115718502aa7c6f,5,0.969788134098053
9dd344a076d6534a52975e120393bf36,28,0.8930988907814026
10caac6f51292e2e83f2827374636acf,11,0.9612364768981934
012c08a895e337fef70a8d8ff5cfec08,20,0.9606592059135437
f150388efcb0007eb42668e595c35e56,2,0.9825221300125122
4f540f2933b5500d171d21ecad69bffe,2,0.982388436794281
83c1ce42e9c81e47ad6086c1b2de553d,23,0.952183723449707
e967fc6105f8601c81cca0055ac0a5aa,26,0.9258602857589722
c1fc5790b28b54cb0537baabbca4c6b5,2,0.9828383922576904
26d1d54d35527512dca3a6e1c9bd96e7,13,0.7906982898712158
c03e64a87cedae3234572900872280d3,31,0.8703235983848572
589dd558bce642e2deeabbe7d713ca26,10,0.9714528322219849
7cdcef27611b64838712903c1d85f8dc,20,0.9608367085456848
43cccb99034253c018fb48c8fef7e314,20,0.9605346918106079
8d1c7611c02b769fde411f3258d015c7,31,0.3632223308086395
e35c8c8513e324ce82b41161a6de10be,0,0.9804154634475708
1472796fd4dee84ca82fc6fa2fd6a122,21,0.9310488700866699
90703881c7107be33a1cb21f6da5d6ab,13,0.9623185992240906
1e56b6d68570a5bb7133b8c9a55ad376,13,0.9618487358093262
4dc2541b51c42732a6b4ee4bba28032d,11,0.9608758687973022
6af85c0588d311c0f8aed7c19cd5569f,11,0.9612997174263
ff71bde80ad2118395201daaf7eb6fd1,2,0.975688636302948
223475b21617e776bb1e7af832365b0e,8,0.9598665833473206
bef972edc38df53e6175aa2bea99b3f1,28,0.301007479429245
64061d98cf642f422141b711f107ade9,2,0.9824173450469971
bfc5df46b147d816dc6d43918e7e7554,2,0.9023099541664124
f1325df81cc4fa97ddeb55115b661d8f,0,0.9802958369255066
fec2cd3b9c7cc2d7a449ff8a7f59fe12,9,0.9404110908508301
3bc629d9460637f880ba771389367421,9,0.9399099349975586
3efe5ed8b1ec8315a9fef591d9f6b479,20,0.9592707753181458
c1273b7e353e6606d5e18bf44dc62b02,2,0.9826730489730835
d5512a87f6fa6d3087827ffc0618bd59,19,0.9075316190719604
e307f73943595d50561a402158721482,0,0.9801616072654724
af232033217f0f6855b989d7a25a7118,10,0.9712204933166504
9af6741368a1e7b9e421a9ed8d3b9d79,21,0.9282053112983704
2b47640f0f695e34fcb57b8d597119bd,8,0.9606893658638
15c65bfeca0b21fa15e96dd4d3359540,11,0.9604161381721497
9269706e723be07980d5b6608a0363f4,20,0.9606351256370544
03b8330ead6815d450a9f4b23fbde568,0,0.9806098341941833
82b6551eb870827f06166eaa14ef6453,0,0.9790186882019043
d9c4e650dd6948495c327be885a1bd12,7,0.9717337489128113
0876fab40fe36681048ee5c3e47885f3,7,0.9716663956642151
ddd98a6b615cdf8897a83d3860fc8e10,2,0.9826563596725464
f75ff252b6f12465811ba64a5324ccba,7,0.9717792272567749
862b5cb680a2e8ba335f2b25c6922b38,0,0.9804627895355225
e1f413d4cc07250b956b731b7781bbca,9,0.9369536638259888
d6fa2c4a88cc9979baba8763b8ee6b18,0,0.9805147647857666
cee55fb9bc96839bb4d25109b8372ae3,0,0.980410635471344
0cecba0d6e218ea797cebb4b35fc632a,2,0.9826701283454895
5128b514cbb8437c890013f59cab45e1,10,0.9713689088821411
dd974d7bd8942468c9362ce4e77a4f85,25,0.915427029132843
a7e1a201a876999a7ccb95745cc13555,20,0.9606101512908936
40ebae801a0f474b4370f9fd30fba15e,2,0.9826135039329529
7b881475c9824326964befc38782c0d9,31,0.8780949711799622
de3701ece55049934f8d727b95f65679,0,0.9792393445968628
4cd9593fba8f4c6ef2bf948cf5e555f4,11,0.9609136581420898
0ef99cfc5e8a43969c0c4b707bd158fb,10,0.9712003469467163
31e19900c35f33a771fc16338ff5679f,35,0.9273054003715515
c8be20d35c4903c1738f6b6c4a40e0ed,2,0.9788542985916138
54454dd51f823a782e9cdc48edc2019a,2,0.9826508164405823
8c19e43cfef040b6262106e473bfa19c,22,0.8799885511398315
17aeac54474866e2174d8e7f5c3e63c3,10,0.9714383482933044
33522a6893234874594510f92345384f,0,0.9463708996772766
a74c16ee92fb67731bb1153f61a4d419,1,0.9656100869178772
5a2a444e1235f3b16290870af3c32728,1,0.9647067189216614
31792beb8469105cb04a4fdb7adf2a03,2,0.9823892712593079
67b34a1b148a5290318942dd86f3e68b,5,0.9691482186317444
c7a0538008b5ead69b0bf487ef37c8e2,20,0.9603485465049744
0d2db5e1427f941af9aa778944825fe5,0,0.9806947708129883
a0278683736dd230f49df930f95da788,2,0.9820044636726379
ec5d78a572bdb7c9ed6ec3089fab8077,2,0.9587488174438477
aad370be36c1e0a46a82989ec9234034,8,0.9606319665908813
25d4e141ea65f0ec3ee6625511f496d1,0,0.9806877374649048
b092f2571f87786490f8937bc280c368,8,0.9612477421760559
2603af94d8fa3c6af47062029b9591d7,16,0.9447161555290222
2c44ef19c0053b41d952d248355dd394,4,0.9401431679725647
da302fa76cdc0681098585cb797b35f8,11,0.960514485836029
fe807ef7b6fec811a37f44aa830fe7cd,1,0.965436577796936
4e28149c0cb19d5c6896f6d91b00c75d,2,0.29656633734703064
a9a6aff58e730d1b7444d42fd5c11324,25,0.914326548576355
9730c2dc50b9e6db32ada813ca4d9d96,4,0.9505036473274231
0a01ab310595cbe50fc64fd7b4433d14,0,0.9792585968971252
e1e02ee8f281f0b8891924ea1db741a6,2,0.9116159677505493
566559fd460f752b978b8ab814840af0,0,0.980694055557251
8e650c4eaeb73c0093a6c8a02d11d1b7,0,0.9806366562843323
5e6d8dbb077f070c7830814cb4cf0987,0,0.9806410074234009
ee8c14e98e15913e7c01c6011f90cad9,8,0.961281955242157
9abad4e5cb9472457d532c6270e378dc,27,0.8834533095359802
2a126ec9298e48430c6bfd2e75c80725,0,0.9806251525878906
acc005e44b07b6dd3b942e9ed94758ac,5,0.9701213240623474
0d995d7febf9f904a3c72513339e56c2,27,0.3774268627166748
fc53f0b556d7552be232d8c2de541d33,5,0.9703744649887085
55e145e7dadfc872ce967d1b59a09af3,10,0.9714068174362183
24c97ffad7cb435494ee90a4af7eb7f1,21,0.9277194142341614
c19d5703a76f97b40318412acfdc0733,11,0.9614916443824768
0b004b21414ff8a8393c603ce559e64a,23,0.9520779848098755
345771fad3c800f9bdc190a3e7a5f688,0,0.9806113243103027
22be0a8c96639d90abda6f9f6c7f6fb0,5,0.9703481197357178
fd6d2440624b1cce2e9c1ab64d9fa38c,28,0.889841616153717
54636743a20241e040d521309f2b0b01,2,0.981717050075531
9cf18a2e803a04c1c0d2632096c858c7,2,0.982333242893219
a96cb9ac3dc976f7a5f59ba8b6f50efb,4,0.9520056247711182
49c73df7433283a3e713bb65e53e98c8,2,0.9821465611457825
4c115eaa822c56a25feda7028f294ff5,26,0.9217878580093384
4f5aa8bd4f6aca71a451ae183340efbd,20,0.9205852746963501
5d25e2586a01105e8e89bd4d603df077,29,0.8883829712867737
db895989452e0849abb7b2de95d2000c,8,0.961606502532959
22367691627dd7f25c9711ff375ed07c,2,0.9827970266342163
0d5eb9a48e7efb292d0906c90d6f4fa7,0,0.46023476123809814
dedc92f5e5073b0e462ae93179f3873f,8,0.9615527391433716
babd6a7eceb7a65c248c3db0cfef8a98,11,0.9611777663230896
40642efeff07209b275849fba115f235,7,0.97153240442276
234546fc32362e5c6b0dafa8ff3e0398,11,0.9610986113548279
f23bb83efa9a67a3c5bbbeaa232f7346,13,0.9503670930862427
fd1442dcc671033036ab5524459957f6,18,0.9327904582023621
94935f90b2f031f2efe0ef30d03fa365,0,0.9807351231575012
e2127aa76e4b1f9c96ece3d1145ea0b5,0,0.9806017875671387
419cb44909955fc765ce3fd1d9b0dc0e,21,0.46032315492630005
383d56086ed35046226cf338e475a558,2,0.9816505908966064
b6ba6885c72e9be9a4b4bd01147cc32b,11,0.9585198163986206
fe6c9a01d2f2fe86f07e73902b2783c3,11,0.9606171250343323
a9fac3393fe9b743e43e8233a9530b22,5,0.9702104926109314
9f3556111647ba3222d2156943768458,6,0.9593687653541565
21fa99219a5b736858537a8669f8be31,4,0.9520382285118103
a3ad558e7deac88b569e4ac48db64a8d,0,0.9801660180091858
fa885dc16e917ce11c8f8286658a6a7c,29,0.8937146663665771
9e8749ff7afa3c61f6850d57616a5265,4,0.9521909356117249
1d11545350214d1dcbef00f1e8029d21,2,0.9810420274734497
fae58dc85fb534719775aa3e88729e92,8,0.9613111615180969
d6724ddefde1cb13243c6a967d192254,1,0.9649893641471863
75caa9dd22bc751bc4c42874c9f7fa20,15,0.9488868713378906
11196e623cd1a23fb70f1d7a2cafffea,2,0.9819998741149902
a17d89bcbf098038f5e1aa8ca6bb7f15,26,0.4932236075401306
a86e9d68c7d5f60402a93d9ca22f5afb,2,0.9817388653755188
c87d294981a9336a8e4b942666b29b10,10,0.9714834690093994
ef654f1e84fd5453391a0ef637a44716,5,0.9704024195671082
55d42c51ab18cd7edd738e2b97ef0fb0,10,0.9714903235435486
92acea08cb6ad260468d8d438ba4864d,5,0.9704270362854004
a1a0f641e55eaccb75009d0f85752adf,10,0.9714276194572449
a7d6c419313e3b6eea6b10f508062653,2,0.9822648763656616
2ad50ab7442b29baa44d675cdf20fbb5,10,0.9714967012405396
11469bec75e4c02bb9209fd31f931f12,3,0.9298564791679382
d4362b61162132d22457581bce66b8f3,5,0.9687437415122986
cd13d6624b1fdd5aa3e8e6121b0af139,10,0.9708980917930603
7ff20fee676860d43fb1955eb1139653,2,0.9818140864372253
48cd5a94dec7030133099228b29a9a06,7,0.9589197635650635
c7f2bae93b9ff26c010afabe77808d2a,28,0.895363450050354
86bcdd9675a03d5d4f345c70ba46f5fd,14,0.8946828246116638
2585d1bf5fae0320f316f8c466f2e05a,10,0.9711775183677673
3501e81e6dacb3b1478db95dd8cdd504,8,0.9614924192428589
acc2c7b5ab38d949149baa10539d4d55,25,0.6538243293762207
ffdf65c6347de10f7d28215b05e7071d,10,0.9711592793464661
4c0effd8aa64820c169670da3127f94f,8,0.9275047183036804
c27b22af3fc0da81d1c20e016d68c571,10,0.9713907241821289
0926d85cb93b489edc520be735bb20cf,11,0.9607455134391785
e2e55ea0d35e78d793aa07ded9c8dfb4,2,0.9825989007949829
401e9b29522ccd5ad247a8401adf3b09,7,0.969005286693573
546db2c30bbd9641573215b6775516fd,20,0.9603897929191589
ab54fe84b590258ae6051c7b00e12c6f,11,0.9609562754631042
f53abab158afdc71ec6f79b353c08e11,6,0.9600223302841187
7275b8a43e8502d9c72390588fb01850,0,0.27028173208236694
33eef2eaf0066214ffd0f2f14e2c8a39,2,0.98274165391922
569f6eec0067a163b1fb95cf23eeb063,23,0.9524781107902527
bdc59f54d88483d7902c93cb6d64f2ae,20,0.9603848457336426
89a89a6f383dce673da48ce1bab20237,7,0.9717329144477844
13f7ba8b9e346284b395e48bae4be13a,4,0.9520283341407776
634536eb3fdf164e3a08b7d661fe2b03,5,0.9703632593154907
15db1400a8ec7c1d87aecafef3008e06,0,0.8943212628364563
b190631f44ed10676c72d9e69a22d4ad,15,0.9536800384521484
7cae66f22f076d933e1710f4eae9ff00,8,0.9615685939788818
ef70737840f499ab61674ac62a11ebfc,2,0.982636570930481
4b55b738471e040f236898e63862a339,10,0.9714295864105225
1c72ed7a1199494f289ab993a9e9a07a,4,0.951947808265686
6659f20115823de63a26d2cb4f8826fe,5,0.9704828262329102
ed25a0c5f98aa9e83678780315ebf163,2,0.9827965497970581
28bdff746e44926bca2814f12ff74722,2,0.9819496273994446
6d95781cb7fa7b4906d8cc697ffdf60f,21,0.9356087446212769
c687410a15b62f1aebe85eaa0730dce5,2,0.9825448989868164
2e979b8eb9bb1332d49ab7674004b8bc,2,0.9824661016464233
bca3ef85a427f397126a9d08a40dce5a,10,0.9707767367362976
a1a50ecb2f9e53459bc8aff6ef2535e2,10,0.9714235663414001
6afe73ed6d238c8890673e53939961d0,5,0.9703795313835144
9c73bb3e0675a3c0d8fecabd11f85f02,11,0.9546135067939758
d2872ee35dcb1c1b1786299c0249e0e6,7,0.5843057632446289
c0bf3ced11579d8fc1794863813a142c,0,0.9804772138595581
a4885f076d016fdbecaaf0dce9429969,2,0.9826334118843079
b661bce795e16ca593ea7cb024bec00d,2,0.981589138507843
c0087a9082e86f9675a4cc703e38421f,5,0.9706582427024841
10e8e5829601eb769ee85e66fe2a35f0,10,0.9714781641960144
57a2827b75d7fb6a578e86b956fa8445,10,0.9715207815170288
f9652019d22fe227c91209f3d56985e8,10,0.9492599368095398
d4761667921de94bf41b25ad3625e209,9,0.9026521444320679
acf40b7ca7366611ddfd0d1034af1beb,13,0.9627137184143066
a4292c19b78420efbd4b010ea77b072c,9,0.9115272164344788
90f0091af807eba321310a39bd4b5406,27,0.8882144093513489
90311a2b4f1c868884c039cf12804bbe,5,0.9694199562072754
073b0b613b15aeb39576e1150a24b1eb,9,0.9395787715911865
08a7acd60e5c9a572b4eb63f9fe3e543,0,0.9798598885536194
d13d8cbea2cc58b1714383e278d46439,0,0.9801207184791565
d90e6b6b823f8d6f16e4cf7e7f46e752,8,0.9591072201728821
c366de306cffff19b7e566eab569b42b,0,0.9803210496902466
4c1020dda44bf0db81fef7d03721f0cc,6,0.37672263383865356
1e22c6e7a9fe3ede897c3e289623f4a6,14,0.8879813551902771
dfc74481c867bafcdf9c2ffa7f332d03,1,0.9652093052864075
91d9c94dcc5130e9dc368c074394e5a2,3,0.9202622175216675
83ecc06d42978f124b48f3dcf4258338,10,0.9710931181907654
027f9f391c73d202baf9619d5d3ddc30,5,0.9705421328544617
3d755bd83db59d0ce87fce85598a66eb,6,0.9606643915176392
9e68910cb6d066e9128e07992144932a,11,0.9605283141136169
a9a8005a84b411402b8cf3ee1bcaea42,6,0.9605778455734253
9db5b89b1a264797e61801050532e955,20,0.9607279896736145
73a34afd4122519022b302d7384b8396,6,0.9604918360710144
039c51c70f79d156ce86370244d2c2e4,25,0.8711839914321899
77d1456dbd9f597f07e99ea52bef2c9b,2,0.9807706475257874
1281bdb478a7f366b9eb1af32a5a2829,10,0.9700465202331543
8b57e9cceb212b3e7fac8f19f09d2f7b,24,0.953484833240509
349343c783957185efd6a63de515578c,8,0.9616827964782715
bc572530de8261ec317c18c4478d51a1,33,0.8554012775421143
3b5262af9d1afab9fa40892c22f3a3e7,2,0.9797548651695251
d0fcd30795174e46d7f52f389e3a9022,10,0.971302330493927
650799aa1dc9227f4cf0f9461bbdfb6d,5,0.970491349697113
b50bbf0688cead908972ddc0446ce465,0,0.9806295037269592
15309cff5c643a9b315c4bfda37605f2,24,0.9534962177276611
8ad65db1517cde8b59aae560ee243e96,4,0.9355422854423523
7304103bc417c881f872028ea6e13b25,10,0.9711635708808899
548c2feec147f3804d126de3b2d60d83,0,0.9795716404914856
c6582f5459cfd7bd80afd3ab378200cb,21,0.9345205426216125
18e79ad9d3b390800eb9cc6506180e8a,13,0.9626194834709167
976ed6645fc5c61a9cb179d4f7834bf9,10,0.9712793827056885
ca8b48ebcb7358bc0f3c1231011606d6,10,0.9713550806045532
da55fc02fefda19b938fba129b158b47,2,0.9297817349433899
bbfbe1951dfefc354f4729106c508a91,21,0.9351089596748352
0eb3b1587cfe4977e679e7d01639cd6c,2,0.9810133576393127
a583e652b87f4c1e26ac027c104b42ca,20,0.9604737758636475
984ed75a7a48c6e4302ad5f24ccd2b1c,8,0.9408930540084839
a7219238d08711599e6253e7186ebbbd,24,0.9534139633178711
309fb3d3cf9c35653c4f912df26843f7,2,0.9826876521110535
aef5200de62866ef6e741392bca7e31f,0,0.9271522164344788
8fa38a08b00eaa16596775da9a8f6fb9,10,0.9712404012680054
767137cd8b43aaaee79fec64d525978a,20,0.9604677557945251
3ca4ef635df7c05bd10fc3d8e2a512ce,0,0.9803844690322876
3cbec00a3352f053ce262e6186273298,19,0.8997862935066223
26ca317eaa0b2ef4c11ebfa406929660,11,0.9606332778930664
42ea2dc98cf56721771fc9573c82d96a,30,0.42441266775131226
bcaf8515d5d7c759659749d1a0163432,20,0.9566646814346313
6c4534d9f688ad34d053042648214196,0,0.9794691801071167
6fe0131410987c13a0776373580fbe06,27,0.8806039690971375
f89e6e4177c249884dc1d1cc6b774750,2,0.9827969074249268
d5c307b1fa484c21fc13b9b179c7e2d8,2,0.9826579689979553
7e0bcc2e9995d0f530167fe09b876376,16,0.9467653632164001
d316b609765405efd048ffc159c52a52,10,0.9710224866867065
66ad6a73221568bec43d48a7c47f6e90,24,0.9533992409706116
b67c62e6916a921e1d57810d4e323d06,11,0.7925386428833008
77188d3bdfd9fcb4052eb10a0159b51d,8,0.9609006643295288
eeff9fcd969417f6a17317f3c2bf9581,4,0.8005524277687073
03649db82afc93f71f473068fd9b0369,6,0.959062933921814
41e6fcdd3a3d806aa81e680622f3f2a1,3,0.9310762882232666
124aa92f90d6b32a11fcbf46536221cf,8,0.9612345099449158
7929016ec26c70c1bb4d2b8390f5908b,9,0.938771665096283
3cf9acc3f4872d478c5612eb58b0acac,10,0.9713738560676575
a3e87a0a7e050d1367ac85b8ce247bf0,2,0.9825332760810852
7d3a7f59bc778c08ba964e18c9ab8973,2,0.9823006391525269
6cdc52cb2422fdafb190c373451dccab,8,0.9601945281028748
e48ceccf6b76fea65ef4ead2362263d5,13,0.884339451789856
5352123fc3ca2bb6e47ecec4e0905f38,5,0.9703303575515747
996a59844cd4941ea7193d2b888ca600,7,0.8924907445907593
031c94df5ee57b8cbc31b16c16b98d22,0,0.9806146025657654
c3a0cb62400e80179fbd3f3a831ce0f5,1,0.9654842615127563
a8de40f0c7c529db4f55328f2c874bb7,9,0.9397799968719482
6b7924d76ce113294e2265b7869d8a2b,10,0.9712475538253784
cfd3cb039b3c301c5f848f63f69a4433,10,0.9598264694213867
96b22c8dfbb4aff6295176517a81ff55,10,0.9711975455284119
54a533489eedd98ed10e27316b075726,1,0.965285062789917
569b676f593e5dc4123dfd6066610ce3,7,0.9717556834220886
ddfe1ae4a4c9202eb5ac596563ded49f,5,0.5747875571250916
820d9c1c731bb7ada317d8dda8be9c5f,0,0.980351984500885
0da3b60766a3db5f7f1440c52ec081e4,20,0.9607741832733154
ae3eef52f0087db077d6d1172fb3cf45,1,0.9652782678604126
7d6c45aeca0642afdc54c4384353517e,13,0.3347586393356323
866f9c14aed8c49d8f7871cffb27dbcd,2,0.8775168061256409
0d4c29ff377a96c6f0faddb26fb4394f,2,0.3315489888191223
3b497d50cd58c8c3dbea078a3fca6acc,15,0.9533204436302185
a3aded6e0f2a9ded64e69ad3ef86209f,6,0.9534354209899902
b8b4cc8c59c32a3aba14aa541ee944d4,33,0.8563967943191528
8928e9192307007690af4ee31ab34ca1,15,0.9344238638877869
90a9eeedce56e946e156c7c85bc57c3d,19,0.9057339429855347
a7207799f59d2bcd403b3c01a11e4bea,0,0.9806274771690369
515dc4c186b8fd5e0969dd8361cbecd5,7,0.9711950421333313
40dc4d9efd9e95be42a07967831564c8,25,0.9143654704093933
42bfa85e6d98ede2b36f6cda06ff4f22,5,0.9683247804641724
dae7f3215e3912cafbbf64f8a75fc259,14,0.890529990196228
89673d97addcfeac5c104132a6b7caeb,13,0.9626824855804443
72cce3b73d0aaebd702eae0630e24b51,5,0.9704369902610779
519bbce35b279c97dad037af03603ab6,3,0.9307644963264465
ee30b01615d93b61bc0a3abe8715358e,2,0.9826533198356628
62676a18723b00dc8877a92129e46ed1,8,0.9614651203155518
027e68e1a0c46c8e060c296a93c79069,0,0.9795259237289429
5407a1318781c6a929d8491403437ceb,1,0.9654614925384521
de6dd9ded8492ea11c3bd06a3fcd5435,14,0.8736717104911804
b855ad18c618900edbd5bd3e3a498e3e,11,0.9615342020988464
08a919809113b36b236181b9c4a9d655,28,0.8874328136444092
2e67791b01866990f9cbc262c70e25e6,2,0.9802032709121704
bac7959220cbd3a7126625cba7a2614b,2,0.9826858043670654
d65bcde3c6aed0c0f2672ab3cc1d9ab0,10,0.6211651563644409
8c3e9ceaf7128b77b555f00b48533209,5,0.9704926013946533
1fcc179d885877ebb6a02748063fd1b2,0,0.980548620223999
27c61944481fd9d51aa3c8950b80c974,13,0.9625336527824402
55eade0af8dc9aafa685542f06f3b4d9,3,0.9321808815002441
51b689aef1ffcf9e63f49c2813c924c9,5,0.9699671864509583
0a921343ab6fe01fcb2bb5ecd498cb2a,26,0.924763560295105
c13c85e205d46aefc327dcdb094ee74a,0,0.9806617498397827
5f71ad5d89ec4cdcf02adbd84c0aa6ac,24,0.9518108367919922
029f2b9cde1682ab9783bbf8b5d5ea41,2,0.9827461242675781
8adde54010addd602e3e47ea8b7cec42,19,0.9168649911880493
c08a04bb430210f7e7a308423d8f681f,0,0.980459451675415
6e1d8f025a353c4b8eec6cbe237a1a2d,32,0.7580811977386475
2d0b9811b36f89fef67bc4258988fbaf,2,0.9827378392219543
dce9156b19dfb4a53b1e2e1849b8e20e,29,0.8851147890090942
8338cf6888f933ccef5b84b82d831f19,15,0.9482806324958801
43088175acd49c0064cacd671d49ae0e,11,0.9611481428146362
6d55bf2f8d7c0cc3aa48eb4b3d75c82e,26,0.9265252947807312
b516d7cf795747aefad752be95ae7114,10,0.9713112115859985
b0f39d5e6555d15c5aa11838c5fb2f6e,0,0.9796726703643799
18ef41875b8a949cb97045308f7a4e61,0,0.9804081916809082
8ed47fc7797f35f079973ab8037f8df5,16,0.9460979700088501
e1835542c08a3a84dfc30750fc285618,11,0.9606193900108337
b2dd2271df94c3db138cfd4f73dba88a,24,0.9535806775093079
367c972d2c7256db1ffc9711dce69624,23,0.9525880217552185
28cdb26285afcc8db7241f01a75500ed,6,0.956682562828064
6c0b77dfe90770fcbbcfc6d8feed5de1,28,0.8452928066253662
247de54a36c178fd2ba16d086e7390aa,21,0.9326037168502808
67f5231e833f1a89177d13dc8d79bbce,6,0.9602545499801636
7bd84ec7ec3f368eae0469f203b34d6f,23,0.9500775337219238
8b23dd86c5a2a1aed8feadca2ca19c9a,2,0.9823420643806458
fc15bf16ff1bbe1a72a3b205366f20db,10,0.9712405800819397
c24e67aba096cee6008da46f776d57f0,10,0.823661744594574
683a2fb1e7f1412b12417bad776a9a43,28,0.8842077255249023
cdd67474e22d8835bb355aad18b654bd,10,0.9715614318847656
53c20653d11b618fc1a97ba72d277f80,2,0.9805051684379578
bce177cb2d7e7196f0ce399bbdad82f3,34,0.9242057204246521
8700acd6fa6f55592615cf45c71e0996,1,0.9607398509979248
56944fad760d7c0eda88b0f642ef19ee,1,0.9645459651947021
de4c5e9f162c0a85261146283a4f83d1,13,0.9624413251876831
245c78b3977b237f29302e37d3d55d1a,8,0.9616979956626892
4ceba518ba88b9352af2167c7fae3fd0,20,0.9607369899749756
ac21ebb22525e402e07dc4d9e02a0ea8,8,0.9614111185073853
27ce06ba829cd8d1c443c30557e92621,2,0.9827539920806885
74d4c08c6b73e3af90ab1b84e6bf29d4,7,0.9715908765792847
7cba05ecbb22e3ff21e575410241fb8d,8,0.9615897536277771
10da1e4700052f24362b94049f8e2e78,13,0.9624595642089844
52741d3ae97c7211107cf170e98f1173,2,0.9827725291252136
ce5e7ea8579416db33c2b1522bc7561d,10,0.971284031867981
fe5ee7df1103289c16b781314d6a1fe6,6,0.948139488697052
541d31d244c051e7f2eb085ba1125db3,5,0.9697594046592712
d9bee0a3144a7813bfec8e7981da2a03,20,0.9594448804855347
7aa3cf29f6d162f9358656fb44c3db93,5,0.9695774912834167
7b5eef95f106030c051360a78cf4c477,5,0.9704928398132324
5c83409e2e37c65256cc6aa44b88e3e2,29,0.8942124843597412
8837f9a883486ce4d0f48a84db647ddf,2,0.9827480912208557
dfe837dab1d833c993f3beb71178fa9f,1,0.9655624032020569
757bea8c464a88f8e82f3168fd5d4b09,15,0.9504855275154114
f3fc6277b236a732e33410873ddf6279,1,0.9655671715736389
3e3c89f4b48ccbb5b9c9a82941b4b194,2,0.9807661771774292
a82a4a5a217421e3bd54295d2269b45e,11,0.9610327482223511
70fb8639ba5e2f94316e4da6d4a2b45e,18,0.9331015348434448
555ef7793e00ffd8bd75d1ea8ce619d6,1,0.9592257142066956
d4f61d51acb50db74326cb17e704f34f,6,0.8277904391288757
fb4b38487d5e85e5edb07e53c12629a0,17,0.9393677711486816
f0b646029c83f0bd066ff3e0fa3f77eb,16,0.9469548463821411
8f531217c850917cac61cc3fcca8a2c9,2,0.9824854135513306
0ca9c24879119f0919734a8f0266cb63,2,0.9825164079666138
7e4cfc7541df9e2c7c98ff65014c2ecb,19,0.9167273640632629
23e36e8f025e662ef66a35a69c0d05a0,8,0.9616923928260803
82c9e3740c9b6bf28479f5d274b57a62,20,0.960363507270813
7eadea334478828b05dfc064abb42100,6,0.9605798125267029
e5323f9e3c011668f95b5ed416fa3382,18,0.9337664842605591
5c01e437ea406160b6ae6b42de20d26c,1,0.3070927560329437
e9b7d673b50aa04f4d7bd3b498a114d0,6,0.960349977016449
ecdb840956510b90ead1b99ca260ca13,2,0.9825030565261841
fe7a4f4a79205b1b03f9ff5fd602f7b8,11,0.9610767960548401
4e830ee6ed4d285cecbc6c744f844101,24,0.9056073427200317
b35ba7fc314c2fb55beacd72af0455ce,0,0.9804938435554504
74044c2ffdc7a86c1f691981dc3208be,6,0.9605774879455566
77d000ad83da868fd5118c94433b3488,2,0.9826648831367493
841e0bbfc1c99cf810c238d5b05d484f,2,0.9819725155830383
2bd57efeb2ed5665deef8b498c91a7f8,10,0.22329376637935638
6c26c91bca5f3a594328e64ab3fb43cd,10,0.9707509875297546
23881260b1af8fefa2db9ac5ec8cd209,7,0.9715909957885742
4cd2753d85b49045004cfd3647767ca0,25,0.9106922745704651
c824b075fe2ccdbfddd8ee3bea4c9af3,5,0.9706414937973022
8ff2c0fe9e265600e959ab668658770b,15,0.9507811665534973
5677c500bece141c9cbfff90e23ef76b,13,0.9571576118469238
565cc9ec7404e1ad499dfe40eefbf452,15,0.9468392133712769
02e574ede65380f999f22e7d4132ea8c,31,0.8736724257469177
cd80652904d8f4ea5207031bc8ede99c,2,0.9823509454727173
d19c9b4f20b95d8094128bdd5866c500,0,0.9802040457725525
24a3de3ef5d78426c93ca4b4670bb4d3,16,0.9470957517623901
1064b3ae63663abfe3c34d4ab0dc9ef3,11,0.9602798223495483
ae2403dd3d79e3e19cfc69a90484de7e,2,0.9784350395202637
f3224c6d040fb8b62f73b525ca7fcdb5,2,0.6641288995742798
c9ec802bcb67de54109c27f0222e92e1,6,0.958609402179718
e918b6102c8fedc995cc17eab6051b12,5,0.9703736901283264
687fe6cddae833cbc44500aebc38834b,8,0.9616473913192749
88b5ddc6e259b47baf8bd77f6586b3c9,4,0.4621352553367615
23c2a1e8a8ab07b30c8289d41be1a373,23,0.9524751901626587
2e7206986fc89ffc43b4ebef46055ff9,0,0.9805068969726562
942190dc582e91065e9a6e94f740d612,8,0.9616397023200989
da18b89f2d3eec33e3af607360e229c8,5,0.9705881476402283
0d199316d64b549c0daf6d079c31b2e4,7,0.9715299010276794
e309beb1fd27c7af00e6d7bf418b23c1,5,0.9702579975128174
e25badeeb468ab8d2fcef1b6dc2d83bb,2,0.9827024936676025
2091a0e3baae195c215da8f989e8f7fd,13,0.9612703919410706
0c5fc8122f6187d35fdc2588ec574ffd,24,0.9515854120254517
0dbaed8e228c8b385260473ee48ee821,0,0.9804906249046326
644119ac6be0319e52e25c5d761c90a0,0,0.9806911945343018
111a5e114f2a18eac9ccdd8b7dfccd1a,20,0.9607245922088623
8c3da90ad78a9e834d22861235e39812,6,0.9585210084915161
358730e997e3a800447287e3ac63e714,2,0.9808143377304077
fa5cdf525c71bac9fa70d8494bbb4e53,10,0.9714959263801575
20c097cd7ecbb7dc89837bbfbc4837aa,6,0.9604392647743225
70b9ad68c21b973bad10ae28729c1a6e,1,0.21505281329154968
491859105d93253ac60fb6254c7e960f,4,0.9483245611190796
4dcb504ae1ed2fe0894c628686fd9348,2,0.9826089143753052
8b3537ffc35ab1f4e339080fa6f41a3f,11,0.9607019424438477
7ba20c35f7bca2de48ebb7eca7e8e325,17,0.9378125667572021
b9633c9cb644e54cbc8d30c150682432,6,0.9600797891616821
9ae49a1deaa8635c029f9025539fb8e7,10,0.9714019894599915
d98ae20d1602392a7aa1eef875ffb591,8,0.9617243409156799
2d0279e6ede50d19efe84da49f78ae4d,3,0.8862317204475403
1d5e95742dab6ce3730896f8a64ca0c6,3,0.9272849559783936
9cab20246ed0e59e96596124d1b47ac9,15,0.9515908360481262
1eb6bb55ea5509195bf00520f5d21f54,2,0.98272705078125
7a89a968289363b51a68666ccaa8715a,20,0.9608088731765747
2b83bc5870c08b642b04bc4c632a934b,8,0.9617127776145935
5fc4c9475517992e9c4326a27e3be696,7,0.9719264507293701
07aa01d689083fcc1b3215f123ec2adc,10,0.9713034629821777
d9f5c2d35a2fd187932912dc4f20806e,21,0.9271042346954346
34e400f40e1a18eb5d78b14c9fd8ae02,20,0.9606369137763977
2c90d120cf71ed66a2b1a0dcdc2dce3d,8,0.9614605903625488
de1bd84e6bd2775c5d840a82f37da615,24,0.9534801840782166
3766301bab20ae9b182e84fd408590ea,13,0.9625789523124695
21ee7a0cbb7795d353b5834818313252,2,0.8928881287574768
ff3609b3bbcf471bc456c127086415d6,11,0.9606909155845642
721026c230d4559903a30929f367973f,2,0.6977392435073853
005a820a3225c6e68a746352344bf7e0,5,0.9704774618148804
cbec2f069fb8b574a6bf6143ceb1e2f8,2,0.9827176928520203
65417e2801572c25629215aac8a68310,10,0.9714019894599915
9a874602a9b22bab046e33531af9d1fb,2,0.9823694825172424
4e93c3593cef9d1b2011c7e6d71bfebf,18,0.9337129592895508
4746ce2424f74a7db4e123e34adcd2ab,11,0.9611773490905762
27360b0efd7bfecb54858dd28136eb97,13,0.962573766708374
249e4447195ee9dbaffe22d7a108be5d,5,0.9614545106887817
d5424bc94e01f48df5f7afa6fd2fd10b,0,0.9799857139587402
c66d282c965e3eb2a5ffe5de5b405cd8,2,0.982315182685852
f18e09a594f1d87cde5e5e1c687abd0c,7,0.9718112945556641
3d9c7f80e15ee36a0928187f50c61199,19,0.9146987199783325
aabe76a31e8a260243c565f1dd078037,7,0.971513032913208
2cb021c728e648f89f5006d13ca7d2bc,5,0.9705377221107483
362562512111de4910dd06ff9915ff88,15,0.9520154595375061
d3a0391222a2a4b0d95045719c6eb028,2,0.8252956867218018
8ef5ff50291c61610fe6a98dcf0e0244,11,0.9612334966659546
6bc87ab90744455d302362b1f050a1e9,11,0.9610076546669006
3cba87935e0c799a80bfd42b372c2ebc,5,0.970352292060852
39a4cc5b1aa00f1fdfb41604b0e9b733,5,0.9699056148529053
8a0d3ecc8f5c29c296e15b0e598b12fb,0,0.980510413646698
91e5df448af1197c86c0bbc9639fe5e5,0,0.980502188205719
abdd7253417c6fbbbd389ff2d43fe072,2,0.9823287129402161
f325dfbb96d432e74a41cb6b7451b7a4,16,0.9472209811210632
6426f75d02ffca7036e1bdb94506d78f,0,0.9805708527565002
4324ca2bbb802b3765633cdb5671838d,19,0.9086146950721741
11900a12a7f6b1168be2f2493c901336,20,0.9605301022529602
a7c6007e4541277d48cf75d9d4de6e18,1,0.9654797911643982
277ea008c3a42b348d77d51e8652c6d7,13,0.961894154548645
a0e7b050598180b8b7f378f9091911a3,15,0.9534240365028381
05ea4f7c6064d1aef557a29563a9afbf,11,0.9612029790878296
5b4e7bafabdc9271a86f0a6eab64308b,25,0.914017915725708
554ef9586cd303e8739ff1347f9ad35e,2,0.9796550869941711
198ed9541ea16b702978b3f5130f2e6a,4,0.8804305195808411
2de571bb868426d3b215216a5500f18f,13,0.9616538882255554
25225f41da08f3367d68dda8d065d332,9,0.9402642846107483
7df950314a640a8e2b4448dc334bc565,8,0.9615866541862488
5cf24cdd0ffd2add89f907263cd7c395,10,0.9714428186416626
c173677c6f00e22afbe2ae1559bacf40,10,0.27287331223487854
c1a62667f2742d4b12b9a89d45878280,4,0.9519860744476318
5cea0efa8faa68bd6b53c0358c819ba6,7,0.9600160717964172
6ecad5288778b5b466f41ff74dcdd655,15,0.9479050636291504
c1c328925a3140341248f0f5f2fc1e52,2,0.7953445315361023
129ca4e3fdee32636e371d5f91e538d6,1,0.9654223322868347
7ef90647a8d22e5fdc0348e9c4fda952,11,0.9606785774230957
985ba3fc7a259ddb6d868e4e73f51acc,10,0.30796366930007935
398a378bcc146f0cf4782ae1a43b3f44,2,0.9822468161582947
9e7a4b22ed4a8529c7ef79415a4c3a00,16,0.9466164112091064
c38298fa6e352b4494912a0a0094cc1b,11,0.960561990737915
a3e209dda5218883b04373319f0400be,31,0.8775988817214966
e422f437f668815797e6d1a87bbd399f,6,0.9604864120483398
6b2175bea2748b515ca88de55a15b819,20,0.9604274034500122
d16cb26d42c3d3e2df7ada6b5b42490a,3,0.9304136037826538
e37aefcfed7cdb6b679981eb393aabfe,30,0.9052686095237732
5a8d55fc261432996eb49f9788dd15c0,2,0.9825721979141235
7b39ef2f020d817651aab8fa07034107,33,0.8511878848075867
6b94a7d83d9ff595e615a4549a113d2d,2,0.9769508242607117
7f4888b1c791517bb4ff503dfe85398b,0,0.9795939922332764
91ece3de3255338a44309da31fb452af,16,0.9450942277908325
b422ea41835d60a37defb0288f34e602,20,0.9606253504753113
6b87ea8db80d297d13ff86fc241f778a,2,0.9764155745506287
22f129b83bc8b4aa255a955b21b74149,2,0.9824578166007996
ae57d210d98f97efb411c7690f5be95c,1,0.9600775241851807
03bce38f52eabef91cea43a633ad154f,10,0.9706465601921082
6d8d44aa596d18a3af397dd4a92a8944,2,0.9826512932777405
b8e3eaa44062ba665e3fed2ab33b0013,4,0.946009635925293
1d3e8fea2e544ed35758e8f6b2425a50,2,0.982759952545166
c110e581e3d8a9e07c4823695c507869,19,0.9145762920379639
1612a87478bc06a36346bd43c8e2d051,7,0.9717990159988403
6ef8eb7af49476226f2b1da271b19126,28,0.891759991645813
454e0ba3a6c91a413ba97375c2033868,2,0.977321207523346
08a168b6992d4c0eb78d2bf73df86674,2,0.9800726175308228
70a46ade0591e19cc50c00052ac4470a,34,0.8848644495010376
e503b609057da5dd3b68250fcff6085e,1,0.963712751865387
c59249ec0cc093abf73a983bb0346a51,13,0.9569132924079895
1ee9859bdb2ec3241e8d1c2a93660f32,1,0.9655805826187134
f53a405a36411622fd6a6a6b8951605f,27,0.7067973613739014
70fa78dafb79cd126f3a982883cf9300,1,0.9655409455299377
19fa6c92f95842fbd04d6d971cbf46ee,11,0.9606896042823792
e86bc6610c265469a3dceca298fab65c,13,0.9506938457489014
53500a83bffb097d7dc4f1e626190516,13,0.9625206589698792
249f03747d165c6ff3a347ad07aa8b1f,10,0.9715749025344849
9a2f079626b9213307d28b65838b749a,10,0.971566915512085
b2bad1d2164a2957168d9b38a1fcca11,33,0.8525220155715942
a9b522b25c6d9a7c9fa3b5eddd305ee4,6,0.9604573845863342
ddacfd46206528ddd32190ac0acea58f,14,0.8889103531837463
d960dc0595dce5a74cf9d0c87b340e44,15,0.9375500082969666
e8d7450a3f037e89473aae003da0f500,18,0.920729398727417
9a11a094b42c3fecedeaf433d7db28fa,15,0.9532789587974548
bf4a5227fa70343d37138bca31b01473,0,0.9802151918411255
35024af38b5ba637a256761a065a024c,34,0.9253261685371399
55047f1a46b7aedafd98c644acec2e3a,10,0.971439778804779
3bbaff70c9132cfc4bdf644830929cd6,26,0.9270959496498108
67ec0af6acaac820fdc74cdec25e4fdf,2,0.9826599359512329
7bdeb45180009b2bec20bf5df5d789de,11,0.7107048034667969
4e83a6fe988afc8d5590b77d0661c623,2,0.9822978973388672
e578161aa80fd127aaaba7bf94daa50a,8,0.9598509669303894
062809b8bebf95ad406d8200c9ece6c8,0,0.980525553226471
4b979206437b6c09730f0f675ea6e530,10,0.9709650874137878
c04e6ac71b99031904d4775af669a6dd,0,0.31505101919174194
18c9cce4ab6ceaa6c0108deb741fcbe8,0,0.9806138277053833
a6fa7a5c789b79c197709feed28ae9a9,5,0.97025066614151
319201a38a0739e70423b11cf4410872,4,0.9194313287734985
18d5271c8e2909b9817beffc6eea9b36,2,0.5615316033363342
24933f6ec1b5444e4c5973dfcb86cd15,2,0.9826037287712097
1e2fdaafd13360de2de7deb05e2c2ce6,5,0.9705872535705566
c21348caf8aaa8f7cf57be6233a61daa,23,0.9517094492912292
bbb0b743c3219c271ce2be509ac4068a,1,0.9626079797744751
dc97eaa0351df0bf8ea282516afed0a1,5,0.9703798890113831
5c0649454af3b9ad1037d59883e4eea2,17,0.9356120824813843
8132ac395fb8a4b6f782951d951c2791,0,0.9780004620552063
b13d1093fa2ed0b3642ce5522cd0a0a7,3,0.9327213764190674
4049af914f39fbad46cd9b3610ce4184,8,0.9616232514381409
a3b0b07bc7e4dc0123ce1e962d6fb3b5,2,0.9824017882347107
58dc08eaa9a52d4afb2ccd5db26d51d3,2,0.9530048370361328
dc471404dd1bf3eaa4b8bdbd3a16c8e0,23,0.9506771564483643
cbe8470f83f9b7a80a402906cbd973dc,9,0.9382063150405884
d0e4efaabb9685850c94d2c749341656,6,0.9589617252349854
a44985aa47b558f32381bdb456dad52c,2,0.9776665568351746
5f0f3a90848e3372a1ecd5a81ba2d06c,5,0.9705406427383423
c273b82bebc19e3378288866e039cdc4,11,0.9579171538352966
e35b0a40769414a58b2400a338133527,2,0.9799935817718506
f5349f6f33b34cb82e717cec42bea239,1,0.9656678438186646
c8fc4ec225eebba9eb20fbf2b16399b0,10,0.9714817404747009
72346ada8278773a606114487bb031c9,10,0.5026742815971375
c1d546f70bc0575108e445d1358a6d71,8,0.9616718888282776
dcee0ace83b0dcc92718bcfa19f68229,7,0.9717985391616821
3f3173d2b2b739fd3e756d9dd547484c,10,0.9714845418930054
21fffe51c605fccad7fea0476a382234,26,0.925974428653717
4fdf4fcdd348825c7d9c7b38299120d0,9,0.9390928149223328
97d55a21939f56fb8a986e4d1575dbad,21,0.7554858922958374
ec95cd180e7a3142d8c10c48287d2c36,10,0.9712755680084229
ca3ddb7ea6e905e22090b9ae3a6aa891,8,0.9316245317459106
82f762c84a2d0679a70332f51a2de7ec,11,0.9607841372489929
419be90a98526090f3d58303429df25c,10,0.9714075326919556
2d8cca5cc2e3d004b4d8bdcd6a55944c,0,0.9801718592643738
daa03b7156927560782beb16ba188154,20,0.9605544805526733
34f0ea8d46d8ab7245f0bc8cd1dfea86,13,0.962480902671814
80e443cf053325ca88dbb3ba9859f1d4,2,0.9826465845108032
dbe6b8c87f4080388c863be7ae9c658a,1,0.9633476734161377
12f23463ab687fab04698a3aaa2d4135,21,0.9334356784820557
8f0663629a8ae0f4806583610b7de285,5,0.9705309867858887
6ce5854f4465f1a5ad2201b77768d0b8,11,0.9610434174537659
d8b8b94b72194656e63d3ef7e0ed3421,8,0.9615777134895325
6acda240427447f1a5879b8b43b3d009,25,0.20339828729629517
915168afd35625c359c66aa1a9ee776f,16,0.9469251036643982
43cca67d24237d38b35fe5b643ff88f8,4,0.9474782943725586
17ce969a94c18669c9b5f3759fb2bff9,0,0.9806877374649048
468a8479d552282b4e56ee4dda5cca4c,7,0.9714491367340088
f037f444dffddb23f07da571709e8ac6,0,0.9793901443481445
dd394ba578533c312dcf1910ef60e514,2,0.9822239279747009
69ef62fb7a8d5e212dfc3a9df82318ee,11,0.9612159132957458
1fd7d6a590194dbf7945d94bb2ffa503,6,0.9601675868034363
bda3e88745c297af479e50637074a20a,2,0.9825006127357483
c93bf6e758a1303f1a5c2910d4dce3c5,10,0.9715267419815063
6f54d223927943eafd12ec7f76f8e2f7,9,0.9360828399658203
53c8240c4ce456987351fc464511591a,0,0.9803633093833923
f99ee8e2d66db4b0b854dab4ebad0f98,0,0.9805094003677368
b46ccf523445436f6c0d169d99af1be4,2,0.9828086495399475
132dd0f1cdee3ed851d2c1ab9a520238,10,0.970907986164093
1ca8f415356462e99e602552a579f059,14,0.8861899971961975
eacf286a54f49bd297c0026833fd28be,25,0.9151455760002136
de1cd818a25048e7c2653b338587029b,0,0.9800676703453064
bd84f050e6fdc6409c9f20a6928e4f09,20,0.9607919454574585
406452c631f6d37529dc0328f504ff77,15,0.9509438872337341
9fc9db95971afd72e3523e3d59e9064b,11,0.9609009623527527
57a78ceddae8ca305ff6fa143ca7396b,5,0.9701270461082458
184797686909426df0ea08078516dc47,26,0.9256591200828552
cf187e3101fe7ffe1506315315d3d143,21,0.9359392523765564
81c2c914512d9498c7fc796fbafa3baf,19,0.9159325957298279
b8b8526fbdba0250c0ef503f3217fa43,5,0.9699618220329285
4887f6e4ec31103312dea7f2357c14c6,24,0.9533662796020508
e30316bc781ad9af6c39bd1e18ec50a7,12,0.7448052167892456
98c82049a3ad89b3c620d7e70a75aa0d,26,0.9252197742462158
634538dec08591f8c0e721b71c746e7e,4,0.9470127820968628
f0fc998a551b13aa19359f49f4e24c94,4,0.9526185989379883
d31041cd80c795bcb614edc57f1955a1,11,0.961107611656189
1571883ab1bf7dc039094504f851c940,11,0.9608554244041443
7605bd0cd4e51e91f14a13b9a6ab33d8,7,0.971847653388977
84d424ab6fa143b9a1236be595375238,5,0.9700831770896912
a42f111335eafb15432b04954a6459c0,10,0.971424400806427
e2d2a681526cd4a8d855f0a85deb9634,18,0.9340057969093323
f6666ae217dfb82466058fbb0006a80d,28,0.8890057802200317
a5b9c212ab649ed9029b8d139e8d9d1f,30,0.9027754068374634
b7c1ac63ec1295e5d4bafa62c7a08f53,11,0.9608251452445984
b5a7b881cde5ab50c09bdb2bacaddf79,5,0.9701023697853088
bb139fa2d760ee1b4a89d186876986c2,7,0.9706619381904602
53419c38eb051804ccaaff44acf74b90,0,0.9807477593421936
4126d8c818711c94b05b86c0672f8b08,28,0.896724283695221
6c0cf815473f87ccf25c3b4b10d20c3b,8,0.9616252183914185
fdfe9c45f21145e2a14e4dbee7f82b43,13,0.9626184105873108
70fc9537765d56d3f3dd71cd1f2013e9,14,0.8915302753448486
669fceb4733512dd7c4e7f5ba9ca265f,12,0.8275976777076721
93759606c7ff95abd74f8e19af1040ce,7,0.9716607928276062
712abc5bb55d097536da85a1391ca97f,23,0.9483110904693604
abd83f49d42fe288ef5e2a33b9c5352d,20,0.9471038579940796
004e77bf95c0e60411cad3a3b90ce768,7,0.9718554019927979
52bf025b0279aaf9cf589c56ab88d6a5,12,0.9115362167358398
60976d58979c525936a3ce1c72d435b9,10,0.7812861204147339
1f3d27e4331bbdfe8e84719804740592,5,0.9705175161361694
bc56f4b6ad2dfffae4669b1137145d5b,5,0.9699071645736694
be3a8e85f88f000063c3cba20eaa29da,8,0.9606959819793701
8a27ed26055a76ceb4bd9e913002df13,5,0.9705083966255188
64bb8280040882feb4a67cffcd60b211,25,0.913648784160614
41b01b8fcbb06f088d0c59d858418393,27,0.4382757246494293
78b9e944bf10993eb2d04f97f1e9bd78,15,0.9531546235084534
1255af05bb024c5589f9290c857cfd52,4,0.9515743255615234
af6141c8152f68b22baeb3aa9044381e,11,0.9552586674690247
6cbd37bf03c54c83b2a5be5227347636,4,0.9517027735710144
6cd8e85be72a5c52fd85a69b7cb36ff7,0,0.9807555079460144
d5b4c91aaa3cadc3f67fa8e06d3d5cfe,5,0.9700570106506348
e5770cff8dbfac6b5e8091c7c2aebc19,16,0.9464754462242126
1f6bb110dba08cac788f0f29142df016,6,0.9594986438751221
dcef7554691e958301c76a133cc37e28,12,0.9236077070236206
10d2206d5a8ef8efbe27b78da2af47a3,1,0.9630299210548401
ac3e85d0ac2b1e9d86bc8c83146db3d2,20,0.9607443809509277
58452211adbc418122289b275a3a353f,0,0.9771496653556824
ee25c38cf3bc12aab1cd5eeb58028237,4,0.9518908858299255
1b31558945b4a3b27658c3473df410f8,6,0.9592987298965454
43193d3ae84dd2c7092af8b2348f481f,3,0.9312569499015808
19c2d1aac9939447cbbcb0c502185e8f,0,0.9805716276168823
a08499e3c12cf7360616cb781e6a4734,10,0.9068233966827393
913ca6efe4d671ea93b05602c3888dd6,2,0.982446551322937
f61a2d4a4a33204a6bb588e05679a3c5,2,0.9817731976509094
bb399d15637f2df7905f8140fd870847,4,0.9518563151359558
0c9d390aa25a663be82ccb602fe3acde,29,0.8933494091033936
134df2aa97b5d62a1f0b69c43469c03f,2,0.9779161810874939
3ec3ab7f31debd86ca60186b89893ac5,30,0.9056189656257629
8622e11abf76097a141750e64893509c,4,0.9501718282699585
b3cf89cace1d0846b4c7e79d1a03023f,2,0.982732892036438
fe39d82920c6d825817de0399debf00e,0,0.9786578416824341
d81ea0e1cf4c5e444f28d514789afb13,2,0.9814599752426147
0ed9a88096a4d533ec9f43e80570639e,8,0.9613243937492371
4f77b24654913223895ff73b1fe7f102,11,0.9548993110656738
c25912ac777be1084f6673bea22959cd,11,0.9597787261009216
d06c5373517bcb87561fb7a7c3d9f4cc,6,0.9601808786392212
772525236bce474c780330b96152ea7d,11,0.9611738324165344
f548973aaee1e16d20415d9026a88a6a,8,0.9607328176498413
c2bdb087e4fe6511445ad5628f1500a9,1,0.9654368162155151
1eebec75fbdc69209d32eea27b2cc7f8,3,0.9320850372314453
a142b64e45c6d6551f5b7da42ec37e89,0,0.7193416953086853
7d855ac325f7208e5cda08c840aed19c,14,0.8918989896774292
d358b0d69d0f0e516f827f40e1b254df,2,0.9827545285224915
4ef8b3b4a547c11affc587f080caa5ec,11,0.9613312482833862
6dac498f7d8ccc3fa107c0a77e45f185,20,0.9606950879096985
70e6163239f271e35087ebcb7ca3314e,7,0.9709818363189697
f11fa4ba45114684b5a12abe53cd6cc9,28,0.895983874797821
6dec2df9a03d396824bf2df726b66bc5,20,0.7923230528831482
b9bc95c8b032e68c9544d3baabfb0675,14,0.8934594988822937
72f2161d1e6e6fb7c7db3886790fccc5,16,0.9469476938247681
566b252f77b9e3cc56ec5ed68629f247,4,0.9510340094566345
f157282c7c4e94601ff74a828551e529,7,0.9717844724655151
f25a0c487d1a9d4fc79233f79658ae84,4,0.9519436359405518
0c6e51b9fac191058d893849b4609f19,13,0.9621363282203674
e4235f1c0c08520c6fcab1ee5d62edf9,10,0.9708886742591858
3ff02abfee8f73fa086b133ae9ff8b63,1,0.9655609130859375
1f04631c34faa034db260ec0dbe27111,17,0.9347494840621948
b713f77b27a72e348b846b426d8dc496,11,0.9317367672920227
d8e86eb3bb94844b7b7782e3a68f5c5a,10,0.9712370038032532
4b8fb1c75a74e93dfde398dc0ebd5099,1,0.9641651511192322
88235987b915b59e1b07b30651abb451,13,0.96236252784729
e64ad5859f7add789015e81d403acd47,1,0.9654834866523743
527a7e4b0d3d663a7bbd9157cba4e739,1,0.9654145836830139
1cbfe7f9c818e4c6fd48434eee7d5a90,10,0.9714967012405396
11d5ff1196098b2a7a782585c6a4a64b,5,0.9703538417816162
bc79201ef01104fecfba610fa425e0f0,24,0.9420093297958374
0bf05384e3acf79a475ea9b6891158c9,7,0.9716411232948303
07221f7cb447bd5389e57558f94f4711,20,0.9608799815177917
458c2724de6b36b065fb283677215b5f,32,0.7500668168067932
709063e123753155587e258309d51c3d,11,0.9613550305366516
bdea2021f0cbbaf52a7c4104622fe944,2,0.9827297925949097
e15166b04c7350db36506eac7d5cee74,34,0.9246516227722168
6735451110f629a3759e6018b1d6ff33,23,0.9267751574516296
90f1e8552319fd3a68e7ffbaa9ebf9f4,1,0.9644337296485901
5a9782c8d9a33ad4c8ae125cc17eeee2,2,0.9809897541999817
e501b729c5073182b0c3d8d57c168b38,1,0.9655984044075012
0f2801bb71421c296017809c7f82b0de,10,0.9713506102561951
f979825e3ab9d5124f819101979a7f4d,0,0.9803093671798706
f0442251b622d3c7fc60a2e38e307bd1,5,0.9675565361976624
9d88a3cc42d82c41e2df1032888a4a67,13,0.7577506899833679
5ccfee4b0b49cdd4e8488d9632b9605e,10,0.9714861512184143
810956583f4c0994df55b3f773242aa4,13,0.9624984264373779
969c549c18ef68d705530d47cec1cd39,0,0.9803586006164551
c1402bbd976f06fbc18f891b948d96a4,28,0.8758934736251831
262d95a00c3b934b80f023f9efdd3e27,4,0.9358131885528564
2a32af7e5e004b4cd246c1728450914e,6,0.9602534770965576
3c258ebabc5a74aaa17884b3183e4b8c,10,0.9711683988571167
978d29e62703d897606cc7378d2e31df,0,0.980478823184967
034e90fa135039dfaf110e6f88680c26,19,0.9155781865119934
35d06cc62a6786bf41885a7254a4180e,16,0.946444571018219
eff25ac8159008cfbb0d1b3c0d836af1,15,0.9534138441085815
84f9870000066136da810a26a35e32ce,2,0.9822404980659485
b89d101603beff2e4fce036121f050ac,0,0.9745012521743774
c8e6dbff93a5ae9f3444fafc66d474a1,19,0.9154175519943237
1ef3450612e1e149851d10dc944062e3,11,0.9587002396583557
31ae5343511aa9e0e6579388bc7b76dc,5,0.9703740477561951
d3fc5e312d4bb769419f57dc63d8dac9,8,0.913731575012207
a45a25222182a2a2dc132b88b0a67173,2,0.9826258420944214
64b6b6f9d65cc6b71d7050af78410b7c,7,0.9715641140937805
332df0e64337f1878e2a38b003db238f,8,0.9613616466522217
c7bbe8dc74939bb99e474c11e8f6c432,11,0.9607477784156799
aae1b0c67dfefa30b563927e3408bc10,10,0.9714699387550354
728b5cdc9122a12750c61d25d67d5598,4,0.9524215459823608
7e7a51051370109886c2acf58e588e28,10,0.9710431694984436
e8fcd104816fd815646c3ac1c03b7798,10,0.9714550971984863
6fa3cb90068813dfabdb7d00a999c07b,0,0.9801316857337952
91da48b5fc62a59499790d68790c70f9,2,0.9784952998161316
9b7eb0bc303bbfd3ff257c2d1e32e4d5,17,0.939480185508728
c554747bd090b14215acf76b200068ee,29,0.8941622972488403
fa549a1a3f9d8313429cf754bfbf5944,11,0.9220640659332275
362f7c87c49cbf2815bcfe714e5dfcc8,18,0.9337667226791382
4cc59533447c1de77555f51daafe0745,11,0.9613807201385498
4bc9f35813e79eecd28012d865619261,2,0.9826582074165344
5474fc0e9d257e1bbefc9301052fa26e,10,0.971515417098999
3dc45fc7de824dc0ab89e4bafa5a26db,20,0.9605146646499634
12f3dcc31aa44f3854085e0c335050fc,9,0.9396935701370239
9ae83c1c9547e62ff77a8d32b937c503,19,0.8869972825050354
ac8124fdc294019a3d7751bd0c3caf93,23,0.952370285987854
280e7ddf73ec8be8fd494951785a1a24,10,0.9713972806930542
1d98f9d2aa5390d1b6f4abaaf608215d,3,0.9293417930603027
de5331f94ad3d2c65c223b3a083a21da,20,0.9603945016860962
d5ada27d06352b31ca91b2d37b9ef140,9,0.9394351243972778
2a571ef0d768eb38667a7c172a08ba48,2,0.9826760292053223
5a5affacabcbe98393eb091816a45fd6,10,0.9714704155921936
e09031a759f7231f58b778156c112335,2,0.98206627368927
5628ab68ee1800115f0c19cf7145cd79,11,0.8229818344116211
dcc128e0634d9b54adc6700bdcc0eee0,4,0.9440389275550842
be9d821990a6a60d07c4e09633affcae,10,0.6796750426292419
b0074b6189042f039337d75b5f839007,8,0.9603133797645569
3f6d5aab3ca093b2b04edf338b65147e,11,0.9598508477210999
2d1973f5a4bd13c77d3865bc9b76e89a,15,0.9533987045288086
f9046d80618a551990a4c6d903944169,20,0.9605175256729126
69ee1ae22ef00b6dec9ff6392ccd1e19,2,0.9824329614639282
abbea92e8a9b159934615fdd6e23e063,16,0.9472577571868896
9ac7f6f6478496d5cb763d11746684ba,15,0.930281400680542
520f51d790dc47f168a2078a82f883a2,2,0.9822988510131836
e68b46cca5b368bb9811215b67740aeb,11,0.9609962105751038
2cf07e733878bee8ea2182395d132afb,20,0.9607244729995728
d0208aa638f82e460870b5eae15de5df,11,0.8780879974365234
24cd1a09afdeac5eb486a7357eef6b5b,34,0.9246829152107239
48b7fe366090fd0798203411187b0ed7,25,0.9132465720176697
1609f6e34cc46e772534e43b2df01e8c,19,0.9158366918563843
6fe70fa056543dc6f892b0ec84b93a50,5,0.9704422950744629
6bd4134284302d04f2cb753f54c617f5,21,0.9358466267585754
cb678cf5ae8807df30fddc8f70c69894,10,0.9709072113037109
9a6c449b2cc49f8e2c89bfea8d08b60f,25,0.9123278260231018
ef3f99247eea797ce02f6798720232bb,2,0.9824661016464233
80648aec988a9b6bc1d791eff3297eeb,10,0.9714105725288391
8604b9e2810891158e1a331ce0bba5a7,10,0.9711724519729614
7263d4e7696b8574fefee595c96cc123,2,0.9825604557991028
a427b91cfe589f05ffd93e433efacd15,11,0.9602251052856445
9f65a2dda6a655630ac30ee0d6687bc0,24,0.953029453754425
5a4a24b76d501c18f35ce20d9124e541,0,0.9802916049957275
5c01ef756b6788414079e8dbc36490c3,0,0.980297863483429
485307d341d08e885593dbcd458c59f0,14,0.8950206637382507
a86d40584a5eace9967a3999d2b2c762,0,0.9798523187637329
4e6188dc2f75102d9da53f9901811aa9,5,0.9705802798271179
f9b8bfce9c181b62876282a0a7853615,2,0.9824331998825073
fc6b56c06aaefec86a487bcca83da9fe,0,0.9790875911712646
75fc025ff45ea7d30e7f436c40e7f404,4,0.8950945138931274
c7d66675b0d18ae108ea6b6c42a07ff1,0,0.9803675413131714
5e81a75764b8ef6eb5ce437af7079b6e,2,0.981661319732666
8a6e8b423606827c107cf8df1593fa14,20,0.9607416391372681
5882e3ab52c439ff0f270efa3aaf2fd2,1,0.965543270111084
725db4a096204534a00970b7ff3b3a7c,8,0.9608710408210754
caabc22ec3991bf361cb0c4a690b9e2c,10,0.9444988369941711
3d922ce0a444765260cacc3de0983f28,11,0.9606776237487793
9523c9c7028f8766cf1a04a16dcd4fdc,16,0.9465398192405701
4d28c63f3c6eb4e242a698a0a49f9628,5,0.9703128933906555
c6cdd00dac56b578a2ca483bee751590,20,0.9608848094940186
f8093520c0d7bd96cbfbbca78fc0e9ac,5,0.9705439209938049
7e02c555a349f261c9f3d2ffd4a73dc6,25,0.914847195148468
ffad16b5b8ff53b2c4779c30a98f8e5d,0,0.9805272817611694
1f5b45310614e68c741280a149b59a51,2,0.9816935658454895
398b9f04e3eb95fd39fd0d0284a0fa12,9,0.9399189352989197
864602cdc3b15b663aea748ae682e91a,9,0.9391096234321594
23319ef907ac9247eaa802cd9ea30b77,7,0.9715099930763245
8a4098b31618a69c019cf869b9716892,2,0.9822990298271179
0d292662df7f9e30b55a81f610c654a2,0,0.980510413646698
16c3788f19627a48d92292db80e253dc,6,0.960233211517334
57964954b6e908aec3547fa4dd501fbc,7,0.9714582562446594
0717ee488f0c93b6ea520f5cc182a3d7,20,0.9432433247566223
23f371fda4dd336b594e9aa97967a10c,1,0.965415894985199
f73700bf5e98ae4520b29feede148a99,2,0.9825763702392578
223af53b085a9009a12b7507b727bb53,6,0.9598181247711182
a6876c532846e9cdc711a3022e68ee40,0,0.9804140329360962
ced6043834e22d0ada0b25cbd51ec3b1,0,0.9806397557258606
ff8d4969df97c41ddbd08612cbedb8e8,2,0.9827393293380737
6f0023dedb948483802c39a24ec50250,6,0.9562367796897888
65d0e9343beddf686a94c4a5b1b946ef,4,0.9507073163986206
61e8d2ca05386cfcae4922f762a563d4,2,0.9815954566001892
a9bc6d657886196a24ec1500acc11fbb,20,0.9603010416030884
20beb37ef8dc415d406f372be7cb2704,24,0.9349455237388611
7f7e2b639c3bf52e4e3cd8badaa90d7c,3,0.930164635181427
b10029a869a2e2e2f223b20e1e09f4a1,0,0.9801018238067627
14fac07073209d8c48dba8e3871722d4,11,0.9606907963752747
4589002c9cbc1bcbed019ee3bdb25d9b,10,0.9714801907539368
9fb0ce5097e91d484e05fcbca3aeeb9a,2,0.9817723035812378
5f5ea6a5489b0ed20ae3b65902a47501,9,0.9390875697135925
d207dc1822e7b5bc1bb917e473c9cf1f,14,0.8937802910804749
a47159094947705cd44762ad4bcd4379,2,0.9826981425285339
01feb3589b560676a94c26b9a410de2c,33,0.8530996441841125
a250df49c29fe8e53d6eb2909f9ee935,23,0.7576895356178284
6edadfe7e1ac0197ebb37eef80828f5f,1,0.9641473293304443
63e460e1a8ae9d34a344bada5b4d76da,2,0.9827622771263123
d81fbc5bab8f7089e2c51e3997d3a762,0,0.9796507358551025
eaf8c2449f08c70ef51e9594f71d6ff9,5,0.9698899388313293
0d127877e559c641ea2fb5399a671a16,11,0.9541012644767761
609c4d0e88126d12a8982a294641c14f,0,0.9803480505943298
ccbdcc413c4b1c4bdd931bd222600932,21,0.9299910068511963
0c10b989e51c56b5d3a31e5ec89924b4,23,0.9523447751998901
e18528b40a4fb3facdc46649553f8f7a,26,0.9267920255661011
821a6788c718278dcd659cf862710d37,5,0.9704420566558838
e017af19ca27e90fde7a20df5d6f5eb2,1,0.9653549194335938
5d28bf1135a99d52718035eec36a4a74,16,0.9459649324417114
50e1f314d7bf37306ace05252292e48e,4,0.9518738389015198
0f9265a723e1b27675b9101cf755c0d2,2,0.982513964176178
fd8618daf471ee05e1652f3ee386708b,2,0.9798184633255005
1a3479709ac05ba95f5a6c58aa370d6a,5,0.9704965353012085
1b595f31f0a4d7660b1d9ef4e84ba7b0,13,0.9623477458953857
b30211f11614f10dd6d041f33378104c,6,0.9607075452804565
c5c579eaadd9c9e3de054fe3e6941deb,2,0.9825396537780762
c2b09b258e27dc6e9430783f3697e363,0,0.9806652069091797
b6e4ef1063c1a545c7ac771707c4f670,19,0.9171428680419922
1cc105a5091bfddc708f3af77392c269,2,0.9818660616874695
6320756b0283eaf7f0fcadf6c30c48b5,2,0.978935956954956
f9df545341e1a761979c7d1ae9c4cd76,3,0.9240449070930481
a8c46ab1eef0dca59f059b6193512e6d,28,0.8916078805923462
b083686c972850ef1a3c2060e7ded13a,2,0.9819180965423584
fe24ff6cfe5e867cf90a04487edf981d,2,0.9826616644859314
84229bd91a39df59dc9d304edf184524,26,0.7212876081466675
8f374993d2cc32b9a0df125cd8464485,16,0.9466145038604736
d51560d79a0f75631ab3647f26a6c2fa,29,0.7861583232879639
f1c5ebd89b9feafca944f63c69a9c3b6,8,0.9614185094833374
8b752146ac063ce3ed81dc79d287bc0e,2,0.9738808870315552
c62e70c8a176c3dd7b3eaccc3300043e,0,0.9649207592010498
26a719202214ee09ace7b43983c006f2,10,0.9714492559432983
e5c5468ccd61df398232276d33e2de39,26,0.9261595606803894
9a53fd57e4e6c613d482cf9157973a03,2,0.9824997186660767
fa5bb23894692537891c9a5562c88960,30,0.9057589769363403
79d4fec90bac34790b76db7f0cb6e85a,1,0.9644920825958252
b024590626fd728f6022eb75f6a125d8,20,0.9605323076248169
7e31e0c298baa4f5e289340125411593,15,0.9535552859306335
a939ed2d43733baceb8f8f341d08181f,0,0.9804844260215759
19f907e6eae75bc0b0899dbb1b593d7e,10,0.9495330452919006
5d69a8fcd4134d0d0c8c4f1ced37c5b5,10,0.9712581634521484
26faf65cb046ced6f0404c4a302dd85b,3,0.9301580190658569
49a2f601cd3c781a07a53ee9ae578ff9,13,0.9097230434417725
999b65f6539269d13bb6175074ee0bfc,11,0.9608213305473328
c77fe763cdcc025f7c007f0bf62e6c2e,2,0.9776221513748169
35639e0d875b8c347fc1c8b430cce0e2,11,0.9612203240394592
cd69916c9aed802a0afd2e40249a7400,0,0.9806813597679138
130ee4d65180b49d7fb9ede5d8d90368,15,0.9504048824310303
b4544d9d7665c945eb7eb94214d40b44,10,0.971199095249176
ad17d0c26a8cb0049889c3b757d722b1,11,0.9610044956207275
0d842297e6b46c6b5de3213d3629ece7,0,0.9803619384765625
fa4aa9fe5234bb7ab94bce40e4ba38c5,7,0.9712636470794678
ae104dd57b912eaa816656e467e7ee11,3,0.9303780794143677
b6bf3e8ffd898d3705e51f32f254a388,10,0.971490740776062
7064661610f55a023ea63b1487861391,0,0.9805682897567749
1ba8ec86dcb6fa591d83d29cc14bcc88,2,0.9827349781990051
3074da919bd7835e0680d2aae467dcda,8,0.9616454243659973
ccdaa251df14b81723cab8624b0252b9,2,0.9827577471733093
482c6fbac47269e26f5c0a15a20ebf90,7,0.9716955423355103
8f951624cec61b0c9b250baceda590b4,0,0.9807047247886658
5adec763233876ce366e1c119593f39a,11,0.9610189199447632
a2d4a10f45e26254da28fd9058ed6ecb,19,0.9169096946716309
0cf77a96137f5f9583f00ed038592435,13,0.9624990820884705
1cc9f86e6d994428311ba3d89cbfbaf2,2,0.9823702573776245
f84535d7968642e5781456b1135a1f77,0,0.9801567792892456
015a304e6ac3c36ca242c21c0c610e7d,20,0.9605389833450317
1e240fe4c3ff998eb188e21c75b05b76,1,0.9654861688613892
3fb3c87980458028fc32535f0577b473,2,0.9819902181625366
ed0258bdfda2aa3475fd65aa131bb0f2,3,0.5755475759506226
9b81f444cc96e0532aac40d22cac85b6,10,0.9695038795471191
b8702cf2012a36dbfa933d096a79ecf1,0,0.9794521331787109
ecf95bd3d82d4250be59c0917d6a73aa,31,0.8760375380516052
5f8acea24af8edc43390fccbbb30b502,13,0.9616254568099976
cd2394c8c4bb210e677588858a848914,10,0.9663017988204956
336da7bea4f02e16c9ac0c16faaff850,5,0.9670594334602356
8f7d7d4d9ab15570e90a5e4612439ee3,2,0.9827814698219299
30827f2e549bde059d09f886a37e82cf,20,0.9607589244842529
f61caf2dc5b01541cfb9b4b0589b69ff,15,0.9520196914672852
fa34c5fb43ab9cf83ca654f86a6e650e,13,0.9593803882598877
74091dfd9b369b0cc1a3084581de2dfa,13,0.9625336527824402
f6da33b9a96dce7e5475d09e7df1ddb9,0,0.9456987380981445
a51b0d2da437177af097e715e63a1c8f,0,0.9796643257141113
367cae8fd2c44d8868f85600a37fdbbf,2,0.970430850982666
46dcb2d3f5d93d50e0cf320e18f36309,2,0.9826878905296326
438c0d6eb883ce0694522b7ad5dcb175,11,0.9603003859519958
abaf9fa56d9161a46c3f94bb43091fff,11,0.9607881903648376
7eb550bfca6da6af2eb9058abe50aecb,2,0.9820945858955383
e32bad8d8858cde3b861ab3abdccebbc,13,0.9624990820884705
4d9f7f3dfa2d7b10e739c11ddc3d48d9,0,0.980315625667572
ab2645eba6d84aea33d03ef65563ffe7,31,0.8763219714164734
e448f1a7c04729b307cab6d35256ae9a,8,0.9616031050682068
36888f54002749df07c7dd9d68a7adba,7,0.9698337316513062
49ac0d5d78b153909abe3b2ef687e8b4,5,0.9704501628875732
6dd5c4572b93277244de20420b63df72,7,0.9713751077651978
bcada91c6823f57e1209c75761ac6f32,16,0.9471505880355835
4676c7da5438495a02225cc3a8a24d45,2,0.9819799661636353
4e8d25a8a49173fff6028d6e9e47f442,0,0.9800577163696289
368e5ffc2dcb0d11557bedae5bafcf76,15,0.9530059695243835
62d28be0f16a68156e016481230035e9,9,0.9399064779281616
f1bc5f29430c7fc8b37cdfd95f532a92,30,0.9033708572387695
22e2f430853c621550cf6cf334f82a80,3,0.9158557057380676
157a25e4a95acf7af740b4dac81a5f1a,0,0.9805142283439636
9fa26eccb5e66a77dde31905deeee13f,10,0.9713028073310852
2acfd4a4b0a918060a078ca36c757b03,10,0.9713348746299744
22962c07fcb1d44b0dc545ebe93393b0,2,0.9780749082565308
8ca2a50da635631468914a132477cf7d,10,0.9714602828025818
764844d88612aab3219a80f7188e2c0c,0,0.9807456731796265
927703896d9c3358a90fd388bda555bf,9,0.9387529492378235
67985015f564c04a2e4f6219fab2c072,27,0.8835671544075012
a5455dc43c4aaf5d8624e3cbdb9cc364,11,0.9511622190475464
6a661f1a3bac645f6d9dbcfad231ec4b,25,0.9151715636253357
34035a3d9334264c361f606834db2fdb,6,0.940600574016571
e0eb78f5f27d9f1c64bb82f7c38fa0ad,24,0.9533466696739197
91fb93c53f0725b9a3cb628d38449037,10,0.9712202548980713
f2bf0c623694001de6ac67bf97199327,26,0.9245167374610901
1087293af7235410b1c97e2ae3fd5d52,7,0.9467029571533203
67fd024db65e0361398e9b7c0ccd1ae9,11,0.9608950614929199
347cd4fda0e0c6bc9961e428ec21c3d3,20,0.9600447416305542
300838b09e27e4dbc8f7587f1438d98e,2,0.9827836751937866
3588be1b6e910c0d302dda53d4a4185c,9,0.6551698446273804
4510fe164d23a647fcefafd190c34bd9,1,0.965427815914154
781f1fc37541d0ab65e8ab9e97837ca2,11,0.9614197015762329
cd7aa7a42ed273cca151846d6ef13c8c,5,0.9700628519058228
d9c2b9fd0b5ba53bc8ef37c2d7b1d5a9,34,0.9266034960746765
331f7888a751119abef5a643ea2618c1,2,0.9807780981063843
ecd7e3c9efa55eaae1103010f4c45890,11,0.9601272940635681
dd60035e1b8f2baef4c5a5dad6467910,17,0.9384316802024841
16adbc6ed2cda430c919195fc9a26c73,7,0.9713956117630005
757ba60d495dbb62f9c43af724a37668,0,0.98042231798172
bc867c5f963cedffcdae3e97ecdb7a7f,29,0.8932823538780212
ddce177ccb95c10204b27cd84d3ca078,10,0.40796586871147156
c848f584c1061b1d4ff8421b9a76075f,8,0.9616725444793701
22dfd808048f2af81fc439b47ba5b24e,7,0.9716579914093018
c88e1f52d37c30a91d63f5b08b116e3c,2,0.9826005101203918
0cf4bd43c33c5c1b3ed10917ff1ba320,8,0.9616653919219971
e07eb309846be04b3d6baa7a16b83ff6,5,0.9701507091522217
c710452b9a0963cd0d25937a679f4549,0,0.9801728129386902
dd7e5a7e81a27d20cbd59a6898637a45,10,0.9712107181549072
1c1a5cf5f44f913d35716a0cebb4067a,6,0.9601679444313049
04a56fca85a022a699f7e3d5074ec19e,33,0.8542062044143677
20c3ae12ca1cd5a77180c19c22340665,1,0.9655418992042542
36e832434ee979cc868a4a21035083c9,20,0.9606711268424988
d107c609760decee29ddbc21c4887177,11,0.9608761072158813
b407653eba3ad1bba2ca244c55c5f567,2,0.9482121467590332
bdc4763ce014c8c871186c82f86e4b99,14,0.8959395885467529
2908801277fe1b697f25a9ec8db74d27,0,0.9790130853652954
0d4ec7c1712dfa068b288d7cbb4cc7fe,11,0.9607551693916321
6d736339ca452ae3b892922d45feaef4,10,0.9712702631950378
f2e50864686f7e05b45d52c1e439f43a,34,0.9248585104942322
c88bbd0483ee956fd4cd64c57a6a2a9d,23,0.9442319869995117
3e127794a8cae2bd0b9ae777c15ee69c,11,0.9611296653747559
aaa9820e8c6078515e3586a05c75b56a,1,0.9654591679573059
3490da5f0876df991aff482d77182e4a,24,0.8966412544250488
e2b1428ab1cdf403abea81f20ca6cdf0,5,0.9700265526771545
704d58c4374908f3bc657ebc22186e09,10,0.9714972972869873
d1e01c37889b17d8006ceae16f1824dd,13,0.962774395942688
b42f127f6ab4cc435d1c0deef4b4e489,2,0.967214047908783
b684c9f9d0bef2920d779bfa961d25c5,26,0.9017420411109924
6d586dfd86773986b4cbc6ddc46f3af2,10,0.9713249206542969
a64fe8f172d2baab4ad26e52c82def60,1,0.9654158353805542
3a3c1ee3825998b7597e1f9a3077788b,0,0.9797313809394836
e1cef2593dfd4f7db5e207b4958ab590,7,0.9714369773864746
4fbe90ac216072363a823f0f434490b8,11,0.9609844088554382
5e563fe29f85cddfa87fbe8cbf8ba2dc,7,0.97067791223526
ceb5992a0e512deec29cf84ecf8cc5bb,2,0.9827563762664795
ebfc01c422ede59eb3d285d62f3af339,27,0.8884216547012329
e86e35aa24f1800bf30d4ffd081576b3,2,0.9651581048965454
d6b96fcf32649b466134bd20909e9937,13,0.960709273815155
378a22868b79ec8e385ee8459f40e45d,2,0.9820845723152161
0c3b7bf97db4d6a92d5ae81219b27465,4,0.9513232707977295
6ba55227c4e900153961fc24540f4bc7,6,0.9606058597564697
69e8262cb95371cacc24c3f70baaa920,10,0.9713560938835144
6d4ed690344e1761f282d74f37dec3d3,12,0.923679530620575
3fc145e08e159977b7848c19256f1be2,8,0.9614099860191345
8d4b67dbdde4fabdedc5b6c71fa068a5,8,0.9614576101303101
2c7504f4d727183bab8bc5518c4590c6,6,0.9595389366149902
58425d231e933ef2a0971c0e76a92ab4,1,0.965584397315979
75be8843e38181f0e232e21ba4441b2c,21,0.9324102401733398
0fd7446e3da37b6e6f4daedcdc1fb583,5,0.9686219692230225
17a144306ff177e634b181c9d93ee567,2,0.9776566624641418
3dea7119a947f9b54c0d903352a386dd,3,0.8923978209495544
f91909bd14b3cae3c5272d3711f21cd4,2,0.9824163913726807
223935965eb419ee205067414b692e9f,2,0.9827331304550171
ec0e4e6dcdb62608cf72af13fe7af4d8,0,0.9805952310562134
249a70cf8187a6d234bb7cc85986aa3e,3,0.8689736723899841
c283e2622455689ed03c4ed99c6a7fc8,8,0.9603813290596008
bfe75b80f2eddb01db92f51391b7879e,17,0.9391016364097595
d768f6d63f6f071540638dc913321fef,2,0.9786535501480103
69685d2716f57702c1c48935f183938d,7,0.9716759920120239
9948b75c8ab90a5ab15c38064b2fa6ea,3,0.9317179322242737
4a99df8c9a1e905187fd94872985e13b,8,0.9615783095359802
ea475a32865e91642224246ea0f8bc91,4,0.8729811906814575
8267a3f2742172115f73685c405b827c,2,0.9822452068328857
25e4156191a74255198dbff99ee3f9e9,23,0.952272891998291
77eeac07a289f6778343817bc57917dd,3,0.9274855852127075
350e4f368b3332a97b9eb427e919dc61,11,0.9586394429206848
b2ced88c032b97e211b9557f6e2a30c3,20,0.9594218730926514
5e7f4c67ef6035848175519e3291d05e,11,0.9508049488067627
0dfc5eb2dccd827c8a8016981eb1f2b6,11,0.9565485119819641
61f678de8f43044be8ab98bcd445b105,4,0.9515185952186584
8b521c88e928e78e89b0ef1bca6c3ce9,2,0.9820263981819153
190183344c62044c37c40390c12cc022,2,0.9801135659217834
735eb6db7924838e09522be964880d45,5,0.9700863361358643
9e73fbef4cae8cd73ee80a598585dddf,2,0.9718868136405945
1d5eb3a2bb27fe80fd6be8089dfaa855,5,0.9704748392105103
fcf00a2dc06dc26b6918178f6f3bddec,7,0.9717658162117004
47c592bf0e2c492f02b4e723ad334a42,0,0.9806022644042969
b9ea04c8192c558b390077a22a3bfff9,1,0.9572138786315918
5587005ac7539dbc5015aeba0eb2c48d,28,0.46032458543777466
2f35f3e6f2a373efd2f20318c20c377d,1,0.9654353857040405
8db63179bfe840fa7f9c65fa806406dc,0,0.980231761932373
143b482f78e4fa71e6d502b1f652fc62,11,0.9610557556152344
89a43a54f683a9461cbcc28025d4b9fd,5,0.9689472913742065
58cf8f30631fcea236c2c77ca823586b,8,0.9615175724029541
d5a7566a025dbc0a54225341fca37845,11,0.9602281451225281
7e2885447506a511c3baa1dc5ad8b33f,17,0.9330334663391113
eaa03fb1a8895dc0f469864bbe1f7bd1,2,0.9812834858894348
a1c5ad8da5d6ecdb6c2034cdbe119c35,4,0.944905161857605
98c3128b7ac4236698fc5b8db49e74b8,26,0.9269284605979919
79c384f6f377160e720f5f7951407e2d,5,0.969943106174469
4174d2632b02aad67c54a98591a99e7b,20,0.9591198563575745
eefd46f3e25f0d70ad9261557f958594,24,0.953383207321167
3f3662fbf3e34bc40ecf0a7e4805eaf1,7,0.9718242287635803
cbf018c88ac540d7658506b1463bd866,10,0.9713507890701294
b38354f86e247a2f0a0a1660898c6989,2,0.980192244052887
c2b2617878baddbbcbfe80085f5be425,2,0.9818800687789917
5ced482ab8b18bfa3b5a5477bb54b264,8,0.9616010785102844
2cc2433027d3b23afae74ed4cf59b475,2,0.9827654957771301
e59e792a45da97efd4fd1f4758f95643,2,0.9825863838195801
da4354d76f851b60f932d983d5b54ba0,13,0.9624876379966736
da4045cb3c790a95c88bd7629e16fa4a,0,0.9807612895965576
68a1a7971c98a6a560869bad0eddefff,1,0.9640803933143616
d59de67eae4050ce1e3386e9cc103a65,20,0.9604669809341431
436f035bc7f9ae512fb6d6d662eb2860,30,0.898442804813385
9832eb71bbb2c5ba88560db0ca1cf23f,0,0.7388134002685547
36ae6385c118a8da64eb73d5450056ca,24,0.9501849412918091
987343833d38518d1efb8b3b8e0599b6,8,0.9615482091903687
e0679f7183fa2f1777cd43922ed29482,10,0.9715392589569092
094303444e86cef48198c997c4306cc0,20,0.9608227610588074
a6d2a3167f551e418fda65dddb52ec7d,23,0.9515613317489624
fcaa91b216d918d8daa43ee4976199f8,13,0.9618149995803833
45ea977e916fcbfb869ab2699e3faff2,30,0.90604168176651
ccfcdddc901f57f93c197f29d5d19baf,0,0.9806117415428162
3c82c1f14bc4b4cd7fe18305ef42578e,7,0.9716318845748901
7b6009761313b9b5e156fd22196c4702,20,0.9553961157798767
9c9ee15bd89535156bf0c38503d15cee,2,0.9741384387016296
0d037936a06cb54670b6907c5b97461f,2,0.9827240109443665
68207b893693ef972d6250f527444e0b,5,0.9706183671951294
bd55f6ec3f65ab5592bb60125dc220b4,26,0.9271419644355774
e62c3a0f7f38126c7c0a779b2322aad8,16,0.9462741017341614
fb073fd69eb40a3c4ee8d57e855fdf79,0,0.9794981479644775
7f7a880a374be0868ac82361a26b5567,10,0.970998227596283
32a971c1a19e9f43361e731208fffc29,8,0.6511971950531006
c0a5faf57488a7b695745cb7ca25a275,18,0.934069037437439
61ee7358e2e07e15a7c778101656ba8e,21,0.9324952363967896
d5f129f20fd41b1e15e1a434329238ab,11,0.6743298768997192
c408d1a48bd38da0076a280db5737de0,6,0.9606862664222717
064895d95885fa115f58ff2e2059b7eb,10,0.31676197052001953
c81935cefa2226eef848c0d4778ac371,34,0.9256476759910583
45fc822925c8ab6d8e803e5327ee0bc9,10,0.9715244174003601
95947403619816bf385d3e9c06d802d8,5,0.9704340100288391
196e63d4ffc4c84f803b14e596763e8c,10,0.971388041973114
878716287e49779bd10d218bffd0f008,30,0.9054331183433533
66d22d233e8f78196b3fec228df41931,5,0.38332152366638184
79bbd4a1cdf7bbbd7e8604e480e9adc9,6,0.9462567567825317
65e3c9bc5bb9ae83747d610185bba260,1,0.9653774499893188
ae372096c8ea55886e9fad47f65c2c83,0,0.980556070804596
c2742db9652fec60c413febb1902eb80,4,0.9521664977073669
767b43ac0858b7fc8a0424d1e23364fe,10,0.9703227281570435
b2cd8c58d9b6444865c55f89ca6c7346,17,0.9377162456512451
3c666553e853e67d1969a833228b95de,8,0.961701512336731
b3910a9ce4cfc72d15ac8ede79bf95f1,15,0.9533184170722961
97240f1ad5a9a3cdd1f64897b37096c5,10,0.9712983965873718
f30d85be355383a6a0406539a037b99c,3,0.933006763458252
1adde0ec1e624b279d8d7e1426677d15,27,0.7075589299201965
8c703b69ca47fff6be609d7f9caa5ec0,2,0.9820649027824402
0463777f2adf9998f2fd6f44b62c8671,23,0.9454621076583862
40b92e6204866ba878d5355d893e10e7,4,0.890328586101532
e18abde0b53bb53bb3ce3ee1f4dd2a59,11,0.9612212777137756
c96e22599e0fdb2c7a1a2382d08c76f7,3,0.9308086633682251
b6b5b7bc77a87f8aa64a5f73fe029cd4,1,0.965506374835968
aed501769394d50b9414690a6794d439,14,0.8886871933937073
60a59e30066168f75e57df4104f8f1f7,2,0.9809447526931763
cb383ec7b7c36027243e75473127fbf9,29,0.8914729356765747
3cc1f018ccf716a3fb4293ea873683bf,2,0.9821780323982239
25e857dbbaa28b1ae63850667edc7a54,1,0.9634806513786316
aaf65dd566540d48ebc7c1f91aa55f1b,2,0.982317328453064
a09dbdff31c8bc43803c0f48a30d7954,2,0.9821434617042542
9a009e86854616a69b13933450eae0ad,8,0.9540634751319885
62926f6a6e60e602afcf50572466e3c5,11,0.9607245922088623
fd57aaffe62e9a787f54d38fb2083eb6,5,0.970421314239502
abe22954775db7a30e3b10e5155877c4,0,0.9807208776473999
c577349caf118be5617b61ac33e4dad5,28,0.893473207950592
c0205cc7285837214636e3b68674f68b,6,0.9585869908332825
1b39cc67cb7acfb13c7017b772b2897e,18,0.9334989190101624
3c7cb6ec413fb4ac6fba0edf4c600d55,2,0.9826161861419678
ea26f7a0676961ace9265b9c81044850,13,0.9622281789779663
3c447e54da0f38df7d7473e66497cd53,1,0.9650977253913879
e07297af0af11417d7d618bfd72c7efd,0,0.9794245958328247
58cef0592b5db4d700b35925b8331ad8,2,0.9813232421875
147a70bbe84ebae25adf86e11ecf5fc2,11,0.8487643599510193
08fc85d4a8c5f86095a7ddf583827d14,10,0.9711876511573792
efade8fc41e84fe4e644cb639131add5,2,0.9827376008033752
6eea34685d629bed3623cbc97e73f315,18,0.9328782558441162
2aa5b0d28b5958f2d9fbea2a3587cb4e,0,0.9805682897567749
864480c7f563d2dfe00544fa6b245fc5,0,0.8234367370605469
9cde217da66268a493fa37dc1af9eac8,8,0.961552619934082
d984640379fa4487517bd9e05bbb5c9f,0,0.9803494215011597
7f1ef1496ae986b4d44562cb02643945,0,0.9799578785896301
175ea28823873cf41ceccfbcd6a068a3,2,0.9826655387878418
990b9f805d3c8f7040fdac86c8c14afb,23,0.9522456526756287
cc3bcb3d687622ed2d9635fdf6fa4609,0,0.980680525302887
b6d926ef910dd3928e0bd15dc38d8fdd,14,0.6456063389778137
c0d87919c977e9daf5e5852e731f4c38,11,0.9612189531326294
ed5510032e2a2af3cb5c4dd4e08a031e,11,0.9600296020507812
6593f6687bd8cf39a01799c9fac75dd4,2,0.9819980263710022
31e87a22bdcac35fcd4e6e57ee457adc,18,0.9331428408622742
b4cf737e13ad72cdd6fbd8cc4f58e510,2,0.754291296005249
bbd1d53931ba2844914961845e3424ae,2,0.9827590584754944
16a9a2c118ca55ffc7b60e9e6fc96be3,33,0.8561860918998718
323737ca7a307d63190805e2a0b0f890,0,0.9805780649185181
75d5e48573b31ae423ae1a4e19eda9b8,15,0.9528506994247437
823f6ce2cbbb6ba2f73482ab8fccbbde,3,0.8889005780220032
2491cabae5e3b8618873cba261ccc45b,2,0.982707679271698
175f8515c24ea85e598553203ce09e87,6,0.9602146744728088
d8030a7c00e7c30dca8c2d455aae5b83,11,0.9604775309562683
424794702760bd32ded995de28d890a5,0,0.9807015061378479
b83f8bb60747d88812b2e3e1b1f080e0,16,0.946742057800293
bcaf7fc635ae20b302b8a269bae87365,11,0.9603902101516724
f244019803f4df91087cf3069aff8691,2,0.9826565980911255
cf52980c8fe847e5bd694a96a42428ea,1,0.9481647610664368
b767b45ea32ece03a839ae9e536ebcc3,4,0.9514687657356262
d06a0b99974ec4fd6c21e9f8f9be4a73,20,0.6551713347434998
1240d7d43cdb12933ed4c7c69ae4e3ce,2,0.9624480605125427
faf7739bf84768bd36bebd13d3cd23e6,2,0.9805646538734436
e6c8642c59c75f874ff5a68e21021dd6,4,0.9507563710212708
5ffd0b566556db1fc6cc25b3449b5b26,7,0.8095318078994751
ec02a6c69ea555562168d8a1d01cfedf,5,0.9702707529067993
03d7eb1df0e3c431b185eff1c8669ccb,34,0.9253116250038147
d06ad304d44c5337c4c0db8d03d985ad,20,0.9607121348381042
c3b6b778f1aba3b4c2bdb8e0117a57a0,0,0.9805183410644531
0e42e59b4099a080375d05d8016b4d5c,10,0.9714573621749878
25fa0ffb542c736cae9091e716a4b197,2,0.9825965166091919
2eeacbb02cb3347e32402b55c32e97bf,2,0.9826974272727966
5cb6d308e0543604e7720335532588d6,2,0.9765241146087646
9917d0646abb256cd619ec3484fa81c5,2,0.9823775291442871
346934daea9db2d472eac8bcc6c6be49,8,0.961599588394165
965d683db2a3572fe6a65e5cd47a673b,2,0.9813805222511292
e56894089343916a2b47eb31fee2dad5,2,0.980719268321991
43f57aaad2400d55b7f16b2bd2384292,2,0.9823579788208008
5a7c1a59e82fa4563c4218961bd31b7a,5,0.9585061073303223
3e6083bc06a9d559a0514dbdd30bdef1,18,0.9333938956260681
cb8fb0110cb662562f61ca3f3319b5dc,19,0.9154661893844604
e2bee7a0da5f68a3c82f71a1ccc54c38,2,0.9827189445495605
1a30fb5c3849726b60d5d057e1cc39f4,33,0.8484541773796082
fe3a3e01aa3e75e727041aca57360e95,0,0.9807635545730591
a00b47c7da58aafc94ceddb59a9cf9f1,13,0.8621383905410767
e31097e1b1298bf4887a309b1e58595c,5,0.9669145941734314
4b44b544d50066d90fe6d9b9963a98cf,2,0.9824888706207275
3688c390217e8d375b4451caaa4a6229,11,0.9607824683189392
2808ec723e6afb3fda3197e713ea5342,23,0.9525367021560669
75e973bcb86cb0a61298591092e95e49,5,0.9703782796859741
c0bb8577a71f4315ed8186f66ab59197,2,0.9828723073005676
58f76c922d7bb52bcc5b4f77ee27f780,3,0.9316830635070801
05c29e6a70bd56f194266cbc1e1d2ccb,10,0.9605649709701538
204603c95702f03802980cc7dbd1cf6e,26,0.9215712547302246
7c1e9f9270e3f55fad93505229d4ae39,10,0.9714656472206116
8f4f2ef8262279a9b1f4778b48e597e4,2,0.9825744032859802
16332c19d5c1cb2a3b45ce05b987604a,10,0.9713963866233826
86d6ab5f90188b8a40a951a130cf62ee,2,0.9825155735015869
4e2d4d039f6ca3466a0041ffd226f89f,13,0.9557057619094849
c56ec57866a9cba4085c7616dfa82e4a,10,0.9711573719978333
9e94cdf3cae72fc4a2cb0d8042cfafdf,2,0.9347082376480103
c6ae2bfcd87c7d4c1cc764fdc18100e9,8,0.9615402817726135
035d7d8d6cc17c44e17d6e612a004d46,26,0.9116372466087341
d1a07e9460a6532c080c82bc72153280,2,0.9826260805130005
533287d3e05bfe1b9a21ec596c4b19fc,20,0.9604974389076233
bbed633939ac925b90b7a59c2ee8101e,7,0.9717352986335754
81060178ada443dd157ba5949a02a267,13,0.9626356363296509
a034043e8ec6abaf60f7534c37ffe63d,9,0.936797559261322
4b3a98cb4fe6a2985c550b07bc123fad,10,0.9712296724319458
9fed9677711819c9f4ffb24543c28fce,13,0.9619152545928955
276bd05f4b97c5158bfd9e758d343db7,2,0.9825558662414551
d8d56f721f47c1887cc44c699d31acea,17,0.9396427273750305
4498d5112e8e5a21a9039705af3dc03b,7,0.9712920784950256
b4ee0809360607050a4658945263aaef,24,0.9511131644248962
6b4ccd9c0978b16c3e1b21e65086872a,2,0.9824549555778503
14a59f662dce53392f14a4a0a2d8a0b4,20,0.9607503414154053
ddac2066b7f46cb395ac373ed14bf0ac,10,0.9714348316192627
393ae6a3fd5149b59dd7f8ff44e881d3,24,0.9536735415458679
114d88b3fdd26c9741692ff92eb389e1,26,0.925818920135498
2c3ec1beedaef970f2b1e6c117f696f2,23,0.7364025115966797
9fc2b0ca373e796bf27d525e960df9b8,28,0.8432140350341797
53b8f17c569fb91e50d9091525a87e89,0,0.9802713990211487
a5704a6daab13ac53c0468384aba5445,4,0.9360302090644836
b03196789ddc33d5d4427d17a007854c,19,0.9156090617179871
ce0fd23f139c09388f5833af0648b0c3,6,0.959135890007019
1433de3fe119af4a5b42f77cef450921,11,0.9613771438598633
9e3cf06d2812c395de279e6f8a979e1e,8,0.9461156725883484
7b8712edf6e368c74dbb97950c65d1ba,10,0.9712509512901306
f235da9a9e8d75b4444f4ff522cbd72d,2,0.9824547171592712
79d0b75eaca4e3dca0700ee3c4d09cae,2,0.36815720796585083
0e622b851854d74a8616a7fcbc1d5223,6,0.960421085357666
facca456437519948c42ec2b5fc0a0f7,2,0.961395800113678
df515a3ca98cc6275aaa123665336cd7,5,0.9704950451850891
ca9c2febb1536c1a17158043183b7ec2,1,0.9643372893333435
44260fa852e0b48091e84a89b4f89b48,5,0.9696151614189148
0330c2d4d2b422ff8b8b69e0c50c67a1,6,0.9601013660430908
9dabfe1524c552bfa52683a99154c7db,9,0.9385759830474854
447b12f17ed1926a5a3dbd1175c77219,0,0.9803940057754517
e74de21df73340c6d5b9a54abdac1d66,8,0.9615212082862854
8305b7bf6f117175d61b1fd2d1a757ea,6,0.9602496027946472
44ac314d5a73fbcb2a307100b33f1568,2,0.9826975464820862
2133a841482c270277031abbab517968,9,0.3188135027885437
9376bdeb24e3de3edb3ccdd7a86b156a,9,0.9394052624702454
02e60f743ab93476e4cd42142882ddb5,18,0.9299649000167847
b2b102e244a8b0a586e58e1efb8c23aa,2,0.9826834797859192
9ac724613e33e8b4f23c91f442721855,11,0.961220383644104
b884abc6d3b6e3e5681a62a342acd8ad,2,0.9825150966644287
7e103315f29adbdcad0214fa74bd9c34,13,0.9625147581100464
3862421de4ad1bfbc338c58a90e85398,11,0.9613980054855347
b56ca35a9c26be8e88875cc1db6f7e1a,10,0.9700819253921509
35acace0985c77d4d74296246b82cd21,2,0.9822653532028198
11a54fd0217531d532cf35bc7111f235,9,0.9394060969352722
9b2e41f43692ff2c93d8bd0d4323f02e,28,0.8952893614768982
2eb2e288e82bfb1f16194b641b8ae582,20,0.9606922268867493
78b2d16328c833de619d67bcbb04d148,20,0.9603464603424072
7ed0e6b9d37d7aaeec1632980f55dc26,17,0.936506986618042
7a4ceb33c674e3cb7394665f7255e818,0,0.9804661870002747
b4e2fbebcee2493cf56e99710a9aec8e,4,0.9514114260673523
ecac8ca1c59ea7de322ea116e36c4399,8,0.9612681269645691
3d805f613fac739a0f7cf4d665168452,2,0.5122674107551575
a501493e7fbdd064b968d945bf2cd7e5,13,0.6214640140533447
e13c43d33eb6a9672a8fd5de9522169e,8,0.9616433382034302
ff0ea2f1e2eac5c906f0c5862a9b9299,15,0.9536997079849243
9cc931f73211ff33d3e77e4b6cd0edf5,2,0.9822383522987366
7a3c1379b3646a9983bde8b5d0e25105,23,0.9517146348953247
0b2af1be9051c603ec99cc497afea922,7,0.9719001054763794
7859711d183bc18657baddbcc5f86122,24,0.9499642252922058
53bff831d0ffde2b7c95a58329d38878,1,0.9654043912887573
a09ba8a614b9ceecade8e3e3b0a8af54,5,0.9702380299568176
603d2a6a76510d92ca429a059bf98b0f,1,0.9649417400360107
fd6677d8cea39bf0d60bb194b1419832,2,0.9573449492454529
71abe2d1461b5f9cba70cf68e8c9729d,3,0.9325175285339355
16afae988d3d416a052188d7c469fd18,0,0.9804322719573975
0652c452534dc53623f19dec56da9b2f,3,0.9320504665374756
34e5217d2b02c6f170df35c9296c76d9,21,0.9288120865821838
7764e379b08181151ceb8b13a4f6b249,23,0.9482933878898621
7aa28e1789cd9a326c60414282dd0200,10,0.9014496207237244
49f8b81af9b6d86e9598ee414284beae,24,0.953376054763794
4a37978240c2ea72e510b504a8ab5751,2,0.8723691701889038
90b26603606dd34d7d18ae7250504971,10,0.9714383482933044
f8200609a31a153636eb2089fdada19e,1,0.9623495936393738
5a5af36dd51f15a4108716338d689acb,2,0.9827077984809875
04d7f03506acf90848c8fce95a32f17f,2,0.9632825255393982
db78a7377c57335e3eabb10dbf151101,2,0.9826746582984924
bb10099ff77c805cef8427d9d980aa9b,5,0.9701117873191833
c8cbe85a5aedb4db91da78875d50fee7,8,0.9616713523864746
2af29de53715e1a530013a75996ebcff,2,0.9777805209159851
e546e4c1b48c65866a087be2d445a751,5,0.9704595804214478
6fe9e741efc94234a46b401c165aa473,9,0.9391291737556458
830f2614d20bfe81d4352719a4671f77,2,0.9827986359596252
be5926b0950239fc1c380266af9e1290,9,0.9366269707679749
a96f55655b425d7c876b554b1c7b9f8b,0,0.8623872399330139
4d072019bbdd8e5bba30bb668785569e,10,0.9714834690093994
1b70eca0a23c8943c4d998791e9944c5,0,0.9805763363838196
d2f975d4365d6597dc7d693d06620175,2,0.982776403427124
a952ca04627e89fd7b6e25ef256da40c,18,0.7991963028907776
8c5144bd3b3a32c444c71493403c4e3f,6,0.9596890211105347
de17b999dbda74572df2e3e60bcb7bf3,33,0.8527655005455017
c54d4a7429c0ee722cece36af491d5ee,21,0.866277813911438
d1e65a680da15aa9d01c31960097e38f,2,0.9826640486717224
cdbe9607f6dfa587bd2b5a548c359c16,2,0.982607901096344
0d347a0bf5deab448d703301a8e71909,7,0.9717475771903992
e52b5ce43e932524d80afdfee90cf438,0,0.9342875480651855
7debeae78cacf26d1b44d62c9eeae3be,25,0.9084530472755432
5a7fa60e3fab499925bb4c75a72afcc5,2,0.9824302196502686
f6ca44afb279058b33d816edeebfea51,5,0.9690850973129272
9853bd0ea7cc6fa67da4f1a653d725d6,5,0.9705439209938049
7145b8f1893a65c1cf566074036fc657,2,0.9792191386222839
cf63648b10e7d60d561114ece50922c2,26,0.926297128200531
1490ffc54c16d204cb749abe49b69585,11,0.9612412452697754
0e7089a33bf09e9124542b44c88b7b40,16,0.9462574124336243
24e3129c09ddfb9f5ab08ca54207a5db,2,0.9824559688568115
390b00bce0ec7d3c8e58cd5d1f9ed2ae,31,0.44678565859794617
163ca492f085e65228247ae055c0349c,8,0.9616551399230957
ed588acb61c5197666d01b7804fb5689,2,0.9818500876426697
f43915ffdc3de9ac995139d8253df6ff,5,0.9703740477561951
c47c7e430872bcab9c2c32c5a5c9ddce,10,0.9714363217353821
5b64ff65cce8ef29a981c2226e1686cd,10,0.9670493006706238
1d20c2a7a62f326706db38ecd0dda846,23,0.9523338675498962
d8cb4801792ff3a896f97bc40fd77b54,0,0.9800119400024414
eb954a56ad99ed37bba58ed2da9d0c33,7,0.9712363481521606
5dd507e8ee69f2c2d96ac09d6e700bc1,6,0.9599742293357849
c98b163dcfe8a6d3dcac83a3ec8d2116,18,0.9340257048606873
e44a23c4161d19cb42b255d182728f2b,2,0.9827920794487
0f467eda4784cc2af93c6282fdb5c842,2,0.9813506603240967
32ca12f652199ac6c89379605870cd5f,1,0.9651121497154236
5abd254a493b40b437aa9a5b0a7c5188,2,0.9806046485900879
068a1afdcd985abd120d950e22183496,0,0.9802467823028564
0e6d13f97115c6f9bc9a93fe0aa3376c,30,0.9002534747123718
9fcfde2512d423766f8d2f20cef36a78,30,0.9056038856506348
d4e4b4aa8b6d84eed85fac01a439a46c,2,0.9824665784835815
969bee933a6c762047f9f2a8f1f04eee,2,0.9824351668357849
f8e47da4da0ee117116e5678b86180a7,7,0.9632975459098816
66d2334946947d541149942f221a5979,3,0.932831346988678
14306412ccb1dd24c554dd23cf698eb9,5,0.9702743887901306
c6ab3d68565851bce9891ceee7de0aa0,8,0.9605847597122192
e999c73f0139b4faa2d0cb4b57269a77,20,0.8635768890380859
eb18cffd2f310bf217b349dab690ee6f,3,0.9310316443443298
80756cc043d479f30b2e9ccabb93c8b6,20,0.9604636430740356
b3087253e24d111f145b782c80533e0a,10,0.9710376858711243
8c26f1ebd870054b1c020fd6ee2d0216,0,0.980499804019928
01bc2239bacc1a7b79b79dce963c9af3,25,0.9125115275382996
2ee6f07ef75463cbe1bb123c3701b432,10,0.9713237285614014
09f16e8098d32dad7cbf702083bffca3,7,0.9698035717010498
1158117ade3be3ed45b705a6fa383987,20,0.711046040058136
f4ceb544b6461838ecdba8992e90ca6e,0,0.9804418087005615
1c330f3ec2e0ffa1122eb957541fe12c,17,0.9310927987098694
72718fe95a7df69e1d5165388ab31613,9,0.9404290914535522
fad16a5c9cf4b515629377f79ffc160a,10,0.9710370898246765
b45ea0539e1dd0edc488345bc25258d1,4,0.952251672744751
05eeed232c845ee4a04e26731c59dc72,2,0.9826115369796753
828f9dab399d8e795c494c9d0454a0cc,14,0.8896953463554382
390a17732e9db0b89cdc4a391da26841,6,0.9603652358055115
dfc7c279f7c4fd1a8839848344027d1f,2,0.9824427366256714
d7210c0e4f1caac1de1b52b6f041a8f8,10,0.9713618159294128
b3e810aca0cce6750c8a73d56bd11697,10,0.9715688228607178
024faef0d750ad5f09c686db0d42a10b,0,0.8341041803359985
c26f4d57aa8ba68e26fb704f82c18652,5,0.9705525636672974
c61978cdeb47f26248388c6252c0c060,16,0.9470705986022949
06c606cf081bfcb3368c89ad74ddc88d,6,0.9602292776107788
c781e9a87dec4f76f88a3c43a829be9d,33,0.854730486869812
0cfb6ebffbc0abdc28acc31b358a2ff3,21,0.9344562292098999
5c9dd7b422aa5096a9e2faeb352ce717,0,0.980515718460083
adbf2d07e943afed42b04796b64ab4c2,2,0.9828028082847595
eeb610569e031ffef7eae300ca347adc,7,0.9716079235076904
90a46cae58dda39d032f5593e659bf27,0,0.9462978839874268
d8a7b353c58cf9586a791eb6f734226e,8,0.9616559147834778
a7a138630b62bd66add878d4a877f888,15,0.9512619972229004
3f6acf7a26c97c413deae4aa7c577046,16,0.9471240639686584
416f24fa4dd5b9c71ef2e1a6d9c7bb5c,33,0.8550419807434082
b4f92135c174df70f0af2104032f6737,0,0.9806508421897888
1a8e177e2e6d1a733e0823cf37f8973d,20,0.9604864120483398
20226fae6f8980d1454ad13a30c0b853,5,0.9705528616905212
341ccef080c2fc25a1bb2b75d7c485f9,33,0.8523079752922058
f4fd793e8b6bb7a4ec3c1c671282e0a5,8,0.9615880846977234
0b2a1c4c31854e49ed3fc1422f492de9,10,0.971097469329834
b8a8a2cac441abccbe732f42c32ea33c,27,0.887883722782135
a09331f420b782827375a07bbe475086,20,0.9605275392532349
bb928e01347808a7e67e4b986c0130e2,4,0.9498405456542969
fd9dd914bdc2a8459132b068c95c0e49,15,0.95253986120224
e2bce96d9125763d0a2597f0bb9f4826,0,0.6585900783538818
9f12829e9a44c8d12beafe765ad2ca0d,23,0.9524143934249878
ba76da8078820de4fb4ead78faab7a86,2,0.9827673435211182
cca7034edc9c8673114ca1afb4d5ecb4,1,0.9601969718933105
f735a9deee74327b783cf8fea915aa13,19,0.916098952293396
b7dc2ef896947d2d4d8c165977a42a7b,11,0.9604778289794922
9e503ecb4aeaf2619aa5cc8d59c79caf,11,0.960838794708252
3a9fb756c2eafe33549244e5463a15e9,9,0.5363890528678894
bba83d8d866ecbcfaf374075ea59c915,2,0.9823220372200012
201ca848dcf0edaa374f08cae68421c8,2,0.9828063249588013
ed7daee75dcc555ed3594fe714197998,5,0.9701830148696899
841dbca4fab7aa510fc3e51c8fd7771f,0,0.9805673956871033
699195f74cfa3ca72d2ebf2c520711a6,3,0.9325465559959412
ac6fc8a58139c97a403b66f4ba265fc4,0,0.9805014729499817
8babdc31044c71636543251d57f23d45,0,0.9781253933906555
155353362565daa650ddcea9030048bf,10,0.9713805317878723
0ef505e4f3924caf1f748991d2fd810a,9,0.9390788078308105
09ae90145b2acc9eba2b6b4b5ca63d94,11,0.9495208859443665
39defd9f8798138bae7b07aa88dc45c3,2,0.971633791923523
c264788a8f63378c9d5b3ad44b53ab83,10,0.9710670113563538
504066808024da40d55607c780a66e65,10,0.9714377522468567
7ef3c3d7e7721cd0f7c6055df9a3c107,2,0.9795371294021606
b919ecd59f6340014beb2544e2e82ee7,5,0.9703090786933899
a5ffba8e4920ed4e88bc34492722d43f,15,0.9529034495353699
855bb7f2d6e018dca7b7e22d298bca5e,2,0.9826908707618713
7f879199dc613c9df5bc4399298ad4bb,15,0.6213034391403198
1ddcd39a7342b8eb99330b57f1091c59,7,0.9715108871459961
21333db3bc96d12a95ad08dbfb164798,28,0.8952502608299255
0a77d01d37800298839e353cde90ebf6,10,0.971379280090332
0ae578c5bd38cf460751e13655f29c2a,8,0.9616107940673828
f98c1dcc45f77ac7476e4806846efe73,6,0.9604687094688416
7f4215043fd59378f8b87938259938e1,11,0.961219310760498
a540fd3884bd8ef607f3ef7fd334b27f,26,0.9197523593902588
4d9d97cd281137a3cc50451f390b890f,11,0.9609225392341614
560304bbecd27e86df7c135398bbcae7,2,0.9758638739585876
a62d0810bac67bbefe4006d8519b3029,15,0.9529165029525757
3ac37fbc222d52b32ccaf78ea1a4582a,6,0.9582331776618958
bc2273d56c30ebf248386a789285f87d,0,0.9803053140640259
c25516a839ee1288aad3a23050a33eab,15,0.9528934955596924
eba98e9a9ce8f48cf45306e6da446161,6,0.9594576358795166
d84da2ad44d1774b0905086bdacbc5b9,13,0.9623916745185852
1118c4753526a4f9e56fb96bcab8ea28,1,0.9654673337936401
f1b33da53616523ad1c3781ace1fb02e,14,0.894214391708374
9557c76226103362c721b50088d55e84,17,0.9390926957130432
f88213d62a935ec15a53f79c9c2d4c96,5,0.9703576564788818
ab9f9d7998fc71c8af24c63259898b39,13,0.9551892876625061
e3859c12ebd690fde082a750e7bdd8b6,2,0.9822756052017212
324d36a6826dda79afbfeb082fc7ea68,19,0.9157767295837402
8bca40fab6a0f1440e04fcaea4f9e9d0,8,0.9611581563949585
e5c4c586378e0b2d741b9e2f1464e4f5,29,0.8917495012283325
6ed6810be313009587b6ec74190f4bfe,26,0.9266777038574219
0822f63a478bfe58237d8ec9dabb33dc,0,0.9800508618354797
081c7e49c268f3bfd2b5cc45b90165f9,1,0.9651503562927246
cbe96ced0a22d4f36523f32473cd6b5d,11,0.9611346125602722
44a581713f8c2983884591e87a1ff52d,13,0.9625073671340942
7bbf861d0b76c274447b3a9ea7aac280,11,0.9523753523826599
87f6166f694490184f45dfc7c937bca8,2,0.982364296913147
99f7b37216e1c5c2fd9a46e447ae0de2,10,0.970490574836731
6aefd7e2a6732a356048aedf5cad4691,2,0.9148805141448975
ff81923fe80665951149055369ab63cf,17,0.9398052096366882
0daa6969e319e43062d45d774da33bca,1,0.9636192321777344
f7c6806f91b75c6709dad292016da8c9,8,0.9591689705848694
a7cffdf04a3cb037f264b375f20a7262,10,0.9713035821914673
ae79f3a06350698f0405947226afc0c5,19,0.9163898825645447
42c049b0268fa10d39884f78e411666a,22,0.6797369122505188
deea2ede92102f661f7edb16794f999a,5,0.970115065574646
9fdc85438534cdaa41263e56f1f59ab0,0,0.8338521718978882
483c6bec72d424380026194b556ea5ef,20,0.8577914834022522
d1a80dcd23607dfeb36a7b40c82c7b02,23,0.9525535702705383
db6af866eac544fd0864f68cafcdac60,20,0.9252758026123047
bf9da3bed213c17ee473d731e47d144d,29,0.8928167223930359
5a29ebfa2bec31c33d55f38a35983e3c,15,0.9529110193252563
3160420a8ca17ff0aa2293e67fb956b2,7,0.9717682003974915
ded15ff5f997cea5a6e33c346dac769f,13,0.9626004099845886
1cb32112ef559e2aec23f7cef870e15a,8,0.9569212198257446
02535f90976c14d4d98d4531a0deb860,11,0.9609569907188416
269ae04fc5ba5fb979a90a588be83be8,10,0.9714720845222473
4d815db306349ddfa2d5e574fb06222d,2,0.9823452830314636
d5a3c2e9528c5d38d009121a3579b2ab,13,0.9616386890411377
eb1738d7cc4facf4c5de9c5c05eaa780,13,0.9620883464813232
c204858ca2262a43056a2d9780b2acbf,11,0.9607253670692444
588531fa477dd519055f8c85f27f7016,2,0.9825258255004883
9cfaf3cde86fac4a920b3fac40ed294d,10,0.9712492823600769
b4545333f81ee6b424ee4ef4b0b076f2,11,0.9596797823905945
4979493858971db2ec8ae48c40247a57,5,0.9705040454864502
d280be864d6d62779af58283b2827b26,30,0.9050803780555725
711659f0f982f43e25e356e11c5752d2,9,0.9300040006637573
03241885c4ce7f609bb6d3f1982decb1,8,0.9613111615180969
bc911de858925ea09584316c6a3f7e63,1,0.9636949300765991
3e94a950a10d2e67309d33f953d04fc9,26,0.9266569018363953
d81dbaaaeaa37da3429b8d93a0fafd4f,15,0.9518528580665588
68189156900078a8b15c1d35e0a67529,4,0.9526784420013428
abe05778bcb448902a9897cee5f15265,9,0.9408944249153137
ab106708327e37ea9f2e18e725a34d47,18,0.9326324462890625
6edaa67983f4cfac19c3fcd02749b383,10,0.9712825417518616
d48b33753646540432687ce337dcdd8a,6,0.5405970811843872
4bd150847f69b91725664d3d86a7d8fc,4,0.831055760383606
47da8419a44fa13b4e5bb7e3e894088a,0,0.980678141117096
00a93539d317e5881ebd4fdeae0513d4,26,0.9272490739822388
ae15203a241113b2d39997610a5722a6,9,0.9240553975105286
7f7262cdb47b84a6d90f3f39f1fc1a8e,5,0.9696847796440125
deeaf6b6108a59f92c1fe79f5a7ab6f5,5,0.9703060388565063
af809b39487da056eb069e46a1e2bbac,1,0.9651269316673279
7db25bd607e10ddffb6302b4ae2c4012,28,0.8773376941680908
b3e0cdb1aedba18dcfbbf21200624e48,5,0.9705228209495544
b7f999384e48fca1df1e8d74eb8bdc11,2,0.4419941008090973
7186d4ee346f5269d1a8e69cb34ecc05,0,0.9695994853973389
a2a91e30c3f416072efc5662989786da,2,0.9803593158721924
d3dc2c1926261331a983f5b8efbc8981,15,0.9534469246864319
c3e66381608b78e12224cd3cc9b1aca2,13,0.9591271877288818
b0b0d0a3d452a2284f93a7414c152689,20,0.9591805934906006
15e6b77459bfbc13863397693272e385,2,0.9827750325202942
6d7de1a2ff7d895e8fe023229e985476,10,0.9709957242012024
f35c93bac996c610f6b3bd81b343c138,13,0.961522102355957
8215cfc9d00e5653d046b4a1c75a97a4,13,0.9624433517456055
100fbf1f61395933ccbadd184d0f25d3,1,0.9651989936828613
d30f798b6b1645510578eac00441fdf1,20,0.9594902992248535
2d2f29780fc7333e89ed904bfab95b2c,2,0.9826672673225403
fa945e25ea6d7e3a62329d301c7e2ea5,7,0.971778392791748
42c2f37fe6c4846b3f1c14764bbdc198,7,0.9717381000518799
5dc59f29d851ea6d2e35b2c18ffa9692,10,0.9711514115333557
649a70636509be014de611993eb06902,10,0.9714292287826538
3e6b41e162ea35888bcc996210f7f7a2,7,0.7995613217353821
4843121fb88f5f1385d63ea3fd3c0865,0,0.9806457161903381
da2cd0945f3deec1364978e5a78351cb,15,0.9516114592552185
94fea6d7c042f6ce2711e53cf7ea2d3a,0,0.9797756671905518
d44192b61fc7df3fb357b6c878480442,5,0.9691073894500732
46c7fb8281b095141eed38c71d659c97,11,0.9595085382461548
115766289f082e3d66e1f8f08f51cd09,22,0.8230123519897461
19678f91539f1597833b65123df34e12,2,0.9826419353485107
de5887be43fd95d87cb84b415d12f607,2,0.9795025587081909
489e1270a4979ca13d65a4a4d4e1d01d,0,0.9782015085220337
fc1e3f6bd3c12b38b95ce4ed03b1968e,10,0.9713388085365295
55078518c3cd766f68fa8d91f13d9b86,25,0.9149918556213379
e50512712f2e895b9586b66d0111784e,5,0.9467840790748596
a9949afdf33bb0f3715fa5bcd55947c0,10,0.9714698195457458
396c5bb95b8135b4b29436d9f6cf0e9d,11,0.9613410234451294
1a2a2039e01a5cc190ed3be7d31e65bf,10,0.9706810116767883
707f5a005c9e779afdf124b7e8957d70,2,0.7519693374633789
819cac67df108c82dd7c0eb771068d5c,2,0.9826387166976929
7f1733752795247832b99bbe386fddcd,23,0.9449964761734009
92681cedece5fb833293a69b41a77184,15,0.9523395895957947
e8c712a56524647c889982d26efae434,6,0.9321508407592773
3d4e40c5cfebf69176d0d82963a80543,11,0.9612097144126892
3789dfe885fa83cd66ed2556ac8fcc4b,0,0.9807338714599609
6d16f0208656cb36d6502106123a0694,10,0.9713206887245178
f35b77062249fa0b5b180129da1ab173,5,0.9705693125724792
ddc8da4f344ce840a576a804e05c0eaf,19,0.9137576818466187
c780f4e0e9c4c4107c82e2e736272829,15,0.9501005411148071
8603f27b4583cb48a1d86ed287d499f3,25,0.914663553237915
1a25ba93e2070979336a4c651f1c052c,1,0.9655807018280029
5ca6935f851b7557465d8db5262b7f02,5,0.9703733921051025
e6c8147190e849d5ea950465fed005ec,11,0.9602231979370117
d7998ffd92b0bd1d5d52787084ce60a3,6,0.9515169858932495
07e563a0e12ac1446ff952916ba17c9a,14,0.8946648836135864
ae2eaacda8ee924ef390f4b838eec6d6,1,0.8779287338256836
be4efe366099e0d14743cbf4f41caf87,11,0.9562026262283325
f4499bbc546d410c35e9e70660e3ce2f,29,0.8936337828636169
9dc3955a99f79a9b5e861318f95246bc,28,0.8955652117729187
a38066d7d317fd9f8d215a0a6eeb1d25,10,0.9711400866508484
c7e3a802ea89dd6925b7df5a3b51a610,0,0.9805899858474731
81631cda65d84f44faaac8d952bd12d0,2,0.9800888895988464
f59aa3da26a507d01eb530353d222a92,6,0.9606723189353943
9dab4ca86340550c5b683e1efeab4539,6,0.9599705934524536
53f6840de42a49d944a538c984e48c10,0,0.9807217121124268
ae0a78a47e3d89255b1450fbb7a439ec,1,0.96416836977005
19d128c7964fd5952262c867a9da68bf,2,0.9814006090164185
813032a5997190f9acf84f22e0c9afd7,5,0.970598042011261
7a478fea7b0be77ce0f9478319e468f7,5,0.9698947668075562
95fe1d6970539c3094730f34e115db83,23,0.9524544477462769
af6728b63e691d9b9f4e94f01b5fb381,2,0.9824066162109375
4d56ddc33c823b1a4790d5d9994e7368,2,0.979636549949646
bcbe4ce8ba9d75b7848a08c41395c2d3,15,0.8889309167861938
3efb94bcd9077bdfc59fcb8ecb8529c8,13,0.9617706537246704
a1e12228d431279644b5336b9581cdba,8,0.9613656997680664
3d44d191dfeafd14f8a8d3fee027cde8,13,0.962148129940033
a7d95172e5e6285c969377b14ec489fc,2,0.9826714396476746
f4df976322d40778b576751251e25928,6,0.9599207043647766
42bec9cebe5a9fc3204133a06811822b,11,0.9511760473251343
2a30eb6dd7a295e0e33e09f35e3179d0,23,0.9523085355758667
271de79ec395642b6d924169ae5fe965,2,0.9826755523681641
5cb085445c59a9b0cb83682cfe87b9a0,2,0.9821143746376038
a70f2b2302016f5bcd1edbf0fe4234eb,2,0.9816046953201294
040891b5d6e13edfb46682ed6b8770f6,10,0.9713866114616394
d1a4743fe2034e874facd7e86c2c9983,18,0.9332516193389893
1111c8a2d7bcbc712c9a03b074e55a54,6,0.9606779217720032
e7cca8e6489b1b486e3901ec2511db08,1,0.9654799103736877
8ec0cfc65170e62662d60479e0939ad1,5,0.9703907370567322
029eee24a5081a08e547874ebb29a090,13,0.9624586701393127
53c51b631e37272610772d3a83fa39ee,8,0.961575984954834
2431e30fe28ebe6c0628fa5ad197af00,24,0.953795313835144
4683693309b854564648061b1fdd0d24,35,0.9328922033309937
c0d98722329dc64fda2bb51c5c16b64e,2,0.9827143549919128
b8afacfd4c1d69e4993cc40142aaa544,2,0.9636037349700928
853ca9b7e1e45abb485250cc982ebf53,18,0.9318889379501343
55ea1c557093d3cfcd3ef2b692e744bd,5,0.9702953696250916
789f99f52c2fed814b149d87ab02a346,2,0.9825039505958557
3d9849072dd85846f8e029d59a576bd6,0,0.9806243777275085
99b81c10be7d8e02ad74d993689a9e6a,1,0.9655025005340576
ca7b7a8d653e590937dd4a39b3743f60,6,0.9605072140693665
edb9a1dee230db6f96e2e556360bc45c,29,0.8708510994911194
f091ef5ed7483235be1d2378cd9f21aa,15,0.9529542922973633
b0c054964e9217ff64c85debf9fa389b,2,0.9826655387878418
9688084dccb7753340b8065d1951c770,11,0.9614364504814148
1bab30a581dd0528cbcd8a9ef5e79f63,10,0.9690283536911011
925028d60e9f61f1465ac056bb1d8045,10,0.971290647983551
1832de385b6a011add1e2e131770faea,11,0.9608845710754395
3bc212eda46d86f7e077f3b4c5cd7573,10,0.9714258313179016
a5f550e7f76c73657080dd6a19dd6893,25,0.9131337404251099
260bbe9a6f023db6e98b9bf7dae78003,27,0.8620247840881348
23446c98b1d4347c97344e4ce9ef72de,13,0.9622714519500732
a07592f7e07b42dd2ba210800cafb88f,15,0.9503064751625061
df1847897062b55276b3b295deb7041c,1,0.9655895233154297
c4d85e7a1a0738175a01ad6535e44b84,11,0.9610958695411682
50db5e482cec9656e8e404f6098ee7a6,5,0.9694394469261169
d288bd7e547556f0783c75291c072018,2,0.98102205991745
17770582d28922c041b07e83d929ede5,3,0.9258919358253479
b1651bf5dbd1fcbb44eb4abe43ae500c,7,0.9716356992721558
8c563821477c897637f7a4d737dd93e4,21,0.9317030310630798
1a4032b3e9e01d293135deb9c54c7091,6,0.9604706764221191
297e9ebbd033603ab3b659a4bdbdd781,34,0.9238651990890503
76a04cf1d387348609a3ea54c02f12d0,11,0.9608792066574097
5d60f859e39b554d8b871c0e0316204b,1,0.9655132293701172
f2a9414cb892a6d3e872b74b0d4a753f,11,0.9607153534889221
272de811615bb85ab57163a45c46135b,10,0.9713213443756104
17f3c5bf25914786141b459a20f8e9b9,17,0.7583480477333069
f8fc720e50a1ddb8a3e962890496f042,10,0.9682667255401611
73523245e012eebe4d991cb8b95fb0c0,5,0.9706053137779236
4ab664a2c78c797e01b2fd69a2663396,1,0.9653869271278381
3cb381b98e58c7b8cd11b328de267b9d,2,0.9824854135513306
d36f3a13168d676971eaf49eb935bb06,1,0.9654833674430847
d495e74f158f012ed01be3684275bd62,2,0.9825978875160217
5edf18d71832bf18de6c02dc68ccad55,18,0.9331820011138916
34fac8386cc1d3bd563dc866904912a5,18,0.9298598766326904
b7112f4a36c7e94c4eb287a81b755215,16,0.9465895295143127
43c9e71563d30cb30e7864256cb0303e,2,0.9809184074401855
a18cc460a126b63485e69f602b089af4,0,0.9804152250289917
5e88d01255b358665fd0f4be0b6c3c2c,23,0.9524881839752197
40663f7f49e12c985d9826da3709b8de,19,0.915611982345581
ee4d315be0b996eead14c31229301871,0,0.9802055358886719
2a31418e630ed303273189e844efca5a,6,0.9603580832481384
48669e26ff4b1c0a933c63627639e313,5,0.9666833281517029
3acec897ce216adf78d8bf5a1f73a9f9,6,0.9603511691093445
ab243d4cc357525450cbf97c13269516,7,0.9717089533805847
9260395fe10a6880ead3cdc6d22e79a5,2,0.6163688898086548
291099cf87a2cd4d16b2cf494e5e5d18,29,0.8811315894126892
751a30fbce055fe03d341c656b398bdc,3,0.930454671382904
a54a71388d943356778ae098f54b5b4f,3,0.931481122970581
087250f15442a7429d2830c1425613e3,10,0.9698561429977417
f280740706aa4eb6ba036e7cabafd820,4,0.9521352052688599
28bf02131dea7a6bfff319bf803647ed,24,0.9536475539207458
f17488bc51c01490de84613619c2aa7f,15,0.9532630443572998
1cfce3eac3d17b9a549c87b483a7ac33,1,0.9653013944625854
e84e455d8fa3e1582b2a0eb51ec541f3,0,0.9793739318847656
7928b8d4bde7b4b9d4e52280222c029e,16,0.9301890134811401
4067d39fd061983a635f38830253de24,6,0.9598867893218994
6f9fc7758affea79758a7180dc85cbce,7,0.9718316793441772
78e956a07b2c127de6d3fae992d3675a,24,0.9539949297904968
bd8fe7d66f5f6c05988ad1800555e9d4,2,0.8499351143836975
3ebf4edcd76b4f992a704856a2d60a27,2,0.9785738587379456
e9500fa443573dd78a161a8430d70c4c,0,0.9805840253829956
b2d74287383148b36c4e523b281cea17,0,0.9803659319877625
270440b08f8601a251bb9703eba604e4,8,0.9616658091545105
fc6b9a938189c31cdf6ddfe918b453fa,5,0.9704763293266296
08eeccfff5319c5e6da4ab0b142da8ab,10,0.9517835378646851
a2ac904f30e376547692c2c364e66e8c,28,0.7757720947265625
911c348cf962ec96c4a00adfb9519b6d,9,0.9388337135314941
511143a68af49145a4045f1ba5b1d266,2,0.9820724129676819
be4250691bdb49df24b572b4a28b6c75,2,0.9827595949172974
65b490166994015dbd5d085481577c43,2,0.9822007417678833
93afe28c71876e61f0824e307b497111,0,0.9807027578353882
deee83edde3e81fa4a055099c2868e2f,28,0.3944559693336487
0fd877bc1c8d9f5e187f2894ff79e8ac,11,0.9608851671218872
ee531e5ba503ca7afc4902c231cb7de7,10,0.9713305830955505
b026a9153077e311dde2f98065bd8c94,11,0.9607052206993103
79151d2618fe824acb291feaa5c8628b,0,0.9772433638572693
5090ebb1476194458fb91671a939e808,6,0.9558873176574707
7288b16696a36358357cf229f03437da,1,0.9599050283432007
104f9263db9b0e7d73067ac20b1fb1e9,10,0.9715264439582825
406d909d022fb1e174b2d1eb3d0ba012,15,0.9531229138374329
f5f8eb651bebdbdeef46fb374760e0da,18,0.9337924718856812
e95854ff4f2be0b57628db24ab1cdec7,11,0.8301048278808594
ca68c79f6c095909f7f6d222af38604e,6,0.959925651550293
d8bd62e76bcf50a0f92064dbe66cf354,26,0.9265059232711792
b2463a1fe8f477181054ffe5b8a22ef8,28,0.8946967720985413
09f8145aa00c23c91dfbbef7ddb1cb8e,13,0.9623380899429321
2c3cd9dc5978702e1c6dcd8ca2d4a066,2,0.9821892380714417
6104ca8fd242b422ab672d25d4f7c56d,23,0.9509378671646118
c9f7b28edda4348d0fb4b3627ee4d13d,14,0.8106511235237122
82bd783ed7cd53f92b521efe0ac7ffdc,9,0.9364196062088013
bdb2470b36f8e11e83a1bf4224c3c98e,21,0.9317793250083923
ccc7b179a4e92a54ae4bdfddd91d9a06,0,0.9798245429992676
2f4daff35972559f7db754e5d5caf9f5,7,0.9718809723854065
cf5b619d53aac558c9670adf6da686ca,0,0.980471134185791
2ab6cba8d5f4055d3947e51ab96e6f9d,6,0.8762900233268738
bfa4930ace53cbf32aa063086ecf4f3f,10,0.9711640477180481
3e008f0bf07bc8141afbef589e694d81,10,0.9702491164207458
8cc02f0a6b864e5ca0292e3389592c31,10,0.9201738238334656
a924a2067f9d8200688f3d6270663604,1,0.9651739597320557
1790b8d61e5bc0b8fff23f0b5a9dbfe0,16,0.9475727677345276
ffa9cd10a89f697d3923e63473abfb14,5,0.970493733882904
80dfd2b3969e3d592ebf761bc64f33c6,2,0.982756495475769
ab04769ef52e3a86568192470bcbac48,7,0.9707494378089905
d14fc4441a3a64dc35c6022a60e72644,10,0.9710831046104431
bd353e53af17a455bbd0ddab1ba4044f,10,0.9698395729064941
dac9e4f8bd24cf58fe96c9bcc0e07f7d,2,0.9817150831222534
2a8e4c535041300bcf5b99d49ba2905b,0,0.9804370999336243
45be397520711cabd3746a779d2d98b9,1,0.9656309485435486
f25b3f1f565352a72cf50983f77954a3,23,0.9524875283241272
6319dc7a5aeacbe9738ae83c552376d1,10,0.9713444113731384
ee0e2b683a4ae026a11bdbc51d49d7cb,7,0.9716853499412537
29ebf6af1042cb7ad2e289f219a18056,8,0.9615169763565063
14b9fb6d95ec20dbcb8efa9e5fb0b512,5,0.9704734086990356
de9b52e03e1094c259d9f0e188577365,15,0.9535922408103943
a399ce340d872e6d21abfa38f46ccd42,8,0.9613178968429565
7bfa5ff7cf66e32314a2931d01e4b439,8,0.9612252712249756
dd38a7a18515d88e8c378f18e7f3e703,11,0.5942694544792175
b568d40054868492c18b68ef3cf49512,3,0.9328995943069458
fb8a7ab1b176a6b96fe21a07606130bf,11,0.9606123566627502
e1bc84bf67e984657ad25431cd18e0d4,0,0.9805026650428772
d4b79bb90f239a236a6654df4e844d5d,4,0.9525564312934875
12154193d83182602dc7aad7cadd88b9,0,0.9803358316421509
8e79505948414f740cad030ab626338b,21,0.932266354560852
08313546ce29115e9a3bec11e3f06f75,15,0.9527950882911682
0d5b07f9b4e2af50ba805239746f6e53,15,0.9471820592880249
ccef06aa9e60a7f3747c0108c862bb12,1,0.9640699625015259
c7ba2c631c444bdfebda85ed2a88bb88,2,0.9724422693252563
e12cc71444b6adf24e75fca0ce707707,2,0.9814825654029846
175e8a36434277e6dca25a0a1723d680,31,0.8767043352127075
5576105fe18d27aeca97317e26078048,10,0.9711794257164001
08d558eee190fbeba7411d13e481c1e5,2,0.982437789440155
76e5bbd49ad1a857b9afe84a40591f58,0,0.9800660610198975
21142d7016930cfb0a90d898a101af52,11,0.9612414240837097
7b69f372b187d79d4891e7d279d224ee,0,0.9804865717887878
c5fb91bee8b3cf2b554f22da7b975f84,0,0.9806787371635437
5a607a86a30cf1ab7210720cd95f62b5,1,0.9649475812911987
cb628a3dfa5289d1a8d81f76e86cab2a,7,0.9704970717430115
c999fd8076a91c80204a870c9db29747,11,0.9581146240234375
bb7f55cd5a7c243c6495d5cdfc10f2df,1,0.9649542570114136
6847f102060b1cb0881de9d44de13698,10,0.9711443781852722
c7fa0ca31037d04e77d5fc7fa2eb3636,17,0.9391379952430725
5b679f879305244f7d177ca264f7139f,30,0.9056516885757446
bdb58d7a33273ff35241cbe83ada294a,14,0.8854590654373169
0564caea9b1ceec9089798a1c7a6c93f,0,0.8894473314285278
d051ccec3324a08ab2efbd032e46c43e,10,0.9713956713676453
ac03890c669cd7e1e01f57c579a2933c,13,0.9296221137046814
f1ddbb38c18d951b5e55848d8e9fddae,8,0.961605429649353
e233cab9d0a9dfdb38cd261f540720ac,27,0.8850691318511963
0677e5746f38cfdc4316267ec638aba3,0,0.9763660430908203
7fe72f0e8b7ab2d5e60bd93dc926431c,16,0.9469779133796692
2229c371ccd64fd7565cd22ee5426220,31,0.25798261165618896
f56822264d0745dd88bbd2907819aa85,11,0.9578112959861755
62b0389e2f6f55560666a76f8d84022c,2,0.9820929765701294
ce23affab301a216622fa84184a3d545,0,0.9805498719215393
2937c45dbf807d4081b1383e738e1814,9,0.9400738477706909
90d16a7f6c636fb19936c0506ee1119c,15,0.9531416296958923
f38bc676e49ec4b3304d97ac6504b2a8,10,0.9714471101760864
3384d819cac16d769cd1eb089e8b61fd,9,0.9399716854095459
336c7dac611f76780b43ad4b428a5351,8,0.9616532325744629
859f222b2fe403072111d4e66640428c,1,0.9655147194862366
4f0738b65f6e92eef9b6b3a27d2a98b1,7,0.9717517495155334
3614dd68ef83ca8e8c5b47fb39d2ff6b,0,0.974819004535675
5b2c7efbc48afe0a3434fd858d8b93ad,7,0.9714258313179016
b20dcc60e230a484f2ede34d70e54eec,0,0.9795081615447998
0dc65a82b4ce375090eb5a4d5a143869,2,0.9826603531837463
f557b7f377fdb1c41716e013a5eaebc6,2,0.9825466275215149
958d92a8333233f6ab5b4fc2c0c8f154,21,0.9333275556564331
68eed08bf144d42e3cd25e20eebc9861,8,0.9616382718086243
a9238eff79c29aa3ef3addbef1e6f4d5,11,0.9606468081474304
07e9097109ac37be0b3754150802df39,15,0.7318620085716248
9895615c288b518ef321557f60cb3f25,17,0.9380049109458923
61f70e74fae176ee9ddbc891e62b4d9b,20,0.9603785276412964
be1771765de4737d34dbbf9383634566,14,0.8952083587646484
c4d35c749a497c9c5cccdc44f4d9e61c,10,0.9642077088356018
439dc525823c1a8dfc1b7782b655434a,11,0.9560917019844055
0afcaf356fecb6f38f4f492e1ff7cad8,7,0.9718104004859924
0c411de098e412a1ea0cd4921fd721bd,20,0.9591618776321411
2df5b675242994a9f81a46db82f4033b,13,0.9625663757324219
3b1e65423fd58e83ad228e87c877ba6e,13,0.9619706273078918
5393deb70a45eeae89925e9ece0bced0,13,0.9616488218307495
0872d1618d1e12e828d604d492e2133c,2,0.9826647639274597
df1aab6ac0c02705e3ca8c8685f7a7f1,6,0.9596982002258301
53c78f0ec111113d91ff88a00e3fda6a,10,0.9714685678482056
c009c807db75148568ae27df11b68494,2,0.9822580814361572
d4b187722d9fac957bd371ec8abb9031,0,0.9804225564002991
c175caa069909fc1244c317db45d8a2e,24,0.9530587792396545
3ef7bde44b167f157f343e455ab86c8a,26,0.9228706359863281
5b8eb5bacabbd2777d333a5e48fd8e38,0,0.9803460240364075
6ec4bf4c4ad972edd20b117ff26959fa,10,0.9715875387191772
aba30f9012b317ac0570cea5d12122b8,0,0.9790345430374146
25d14f18eb29f7f24b629edfa211e68b,5,0.9703128933906555
a149fd47a34ebaad204c3a4380a12908,6,0.9601374864578247
78eacd56fa5d7f1d13273c114411397f,6,0.9605175256729126
c79765f562b9d0e842aa51a701cd20ee,10,0.9711455702781677
f16a6b42c1d1f5ed57c67365f91f72ef,11,0.9608947038650513
44b86797d57866ebaa8c02a189fa6a44,5,0.9699622392654419
2e8d5150f9900c9c8ce1190af4725b92,28,0.8910007476806641
5db9886958461becd1d56ae298dcd345,3,0.9321355223655701
089192cf89371b5aa8e9b75210e18cf9,0,0.9768295884132385
97e1ec27e04a3cc2b6e9c7e5c6deeac4,1,0.96491539478302
bb10e3468c351fce89ab1b35d40ba007,4,0.9472806453704834
a408144a6805fcb527b1a6d6c50dd57b,24,0.9533982276916504
4a92b41487bd1f48bebeb62ee9acb1f3,2,0.9818061590194702
fcdf118ab7858fda65ccbac876c11901,10,0.9714041352272034
0eb153304d0901fb0145dbc373204c35,19,0.9153383374214172
b0e2d23775dcb72824faa6685d8aa828,1,0.9641849994659424
4dd4209f4b543a759296026c68b3d099,27,0.8744179606437683
fc6b7dd1c1e107b381973e04c894b8ea,21,0.9331876635551453
fa9caa97a5cceb7a43973caf72a4183e,7,0.9714664816856384
f9d410a8ed93da2f1b735aaa3e6a4a56,18,0.6404450535774231
10c696d2ae28d37a2ff24730af210fdf,26,0.9218122959136963
ac53b9d6da2616441a09b1d47d341871,9,0.9391511678695679
21419da294f3fb08c8ab5e03d382b25e,18,0.9340906143188477
92ec663e301cd5f7453703076926cc71,0,0.9806209206581116
8d773301077fe62ef7dbe97926a32b6c,0,0.9801107048988342
2f3b760356b68d2b2671a9d22336d3d3,11,0.960940957069397
193cd22ab08faa15746c9f075ba37a18,1,0.9653682708740234
eae2ede74521e4d9ba07a6784e908fb1,11,0.7069529891014099
10532effb2ca47428d948ffeaf9b1797,27,0.8559995293617249
b63d58a3d21af9f3e7bf8ea2053b21c2,2,0.9826183319091797
2e679f22f78c6c0cca2068419bb5aeca,10,0.971291184425354
901f571a0b98fa48ad0f56a3996b044e,2,0.9821946024894714
320dcbb1dd95daaf8308bcc3837c5c2c,30,0.9016622304916382
68e64b5f625a77bde10ef71fc1a560c9,10,0.9715040326118469
331e6766d90e98791e1de50addcae260,18,0.9331610202789307
3665b3eafb143c0d5a4c8a6f27d0ca3b,15,0.9535471796989441
a5ffa4c4540fcdd1d60276372d554f19,24,0.953391432762146
5fce035ba9e7ef4fabcd211a619c91ad,2,0.4722660779953003
3c4a071c70d1491ffbe1a885c7776174,29,0.8911011815071106
6a4c5cead36d1f0dd5bc908ff8cd4a80,24,0.9510235786437988
44c2ff9713f5a287f2c90bcabacf3aba,31,0.8761601448059082
6f013f3e95ab156e2a6ae2b08f34073a,10,0.9712482690811157
89731048f473f75f13d469cc5bd33259,2,0.9828081727027893
ff6351497f71e15cf7725be9e41b85af,2,0.9827402830123901
fffb3009cbb3cf23bade1ea72b672942,0,0.9805786609649658
73322888b396b4d4ce902c72e126fcc0,10,0.9714692831039429
4efea3a8ddaf5e9b752b460d4971baf1,24,0.9537057876586914
0822e7de66aa9075f816c9a316034f04,6,0.9572664499282837
7c59529c660f2d387c7b07e7383737f3,0,0.978710949420929
e9f260e6b600bd9de26efa881809b3c8,2,0.9828662276268005
830b41d8c1950b28a1ff2d5ba8e2a99a,26,0.9267562031745911
10d60d667c97a0339e3238f46278d9b4,13,0.7139423489570618
367177782a8f2c31ab9650d9e1c8d9b5,30,0.9051055908203125
a8aa58514e20048246337a741135b10b,0,0.9804114103317261
fb26bede0a02db92557c796b48d6d4dd,2,0.9820157289505005
d70a00cae25b41b09d2aa6c7793261eb,0,0.9805018305778503
13534215977eb2ba2771e0ec714fa98e,11,0.9606927633285522
cd9e68730d63057354a83ce0b00fb289,2,0.9795185923576355
605fcc7e2cba9aa7431187fe5ed075f1,0,0.980471134185791
2e50a8935fef935575ba26aa15aa8ce8,2,0.9754155874252319
35ed8f1ab615afb4fb63c31115ce19c4,13,0.9619587063789368
b46a9c990992d915ee8edc4d88399070,2,0.9827097654342651
a04295fec76ad3823fefbb54ba4d4165,0,0.9805472493171692
0de89eaaeaa6458487dae7157846aa00,2,0.9824742674827576
3140ef31fd700adee93950ba4440886a,11,0.9611071944236755
56c78874a0b2ea0a6740590d88faa300,5,0.970457136631012
81ce41e99a9d48da513787b230960289,2,0.9766266942024231
377170f1597f177faa0bd464e9222c44,7,0.9706830382347107
fd342955fe1f7a98f743bf1b70c24813,11,0.9605004191398621
ff1da72075ae234ed4eb5d13180c0d10,23,0.952538013458252
acaea7686183fcc9e24e9b4299c1583f,0,0.980726420879364
74e584ab1f56b1b0e43670b4654d6224,30,0.6980682611465454
0e1b7a924d6c074d0fd5a1ccdf27e616,20,0.9606968760490417
2897cf3025e8cb21b4c149240f57708b,4,0.9512825012207031
37a429a76fc96117eb48cab9d05274f4,23,0.9525366425514221
c0bfb8788ad60c2bfeb4899692fd761a,0,0.9806138277053833
cc1db5c1c64fa91f0039be749dd49a29,7,0.9711289405822754
f73fb5e1538dd6074eb1f7dfcdbaa1dc,10,0.9712537527084351
b0e6e6a3d8eadf9b80b3fbffc46f9f76,34,0.9252303242683411
e4986566df3b7b3f2770007f7a44b42b,11,0.9608772993087769
a28ee6553d78962fc205198355530a17,0,0.9721788167953491
d6ade214cf20a099f0b8086621dbec1e,9,0.9405370950698853
e454d7315e1430006fc5cb099adb299f,6,0.9579450488090515
3832e2efeac217ba9c86ebad23fe89dc,20,0.9605793952941895
1e8489479242b74a9290324622905ad2,2,0.981956422328949
9a7bca5ac93a46febe7f6d156733bcd4,20,0.960287868976593
dcfc5496ecbd1f0693063354764dc477,34,0.9261300563812256
9c7599a5881b5ec6245f7cd48eb6b239,2,0.9827569723129272
afdf9affcc38e449c78ebdf08526420e,16,0.9453399181365967
709e1d7cc1b4c9ac3a2098bbee6d9577,0,0.9804332256317139
aba8456018024f350942b353e4d7aa1f,9,0.9402576088905334
0ca9365e78fe0068660eeeee637efab8,11,0.9612421989440918
e4b2d7b9d3d56016c8bd4b70aeb2e221,10,0.9714701771736145
7a3311f16608841a3b43a0efaf3daf52,2,0.9801005125045776
fb39d1ec447313417c0b6628a273b26d,2,0.9711083769798279
ab0b30cc2801da2ff806f1ed9c872ec1,28,0.8931007981300354
c9ca4e16f7ccfe158e7cc0385383a052,2,0.9820844531059265
a2cca343358c091ec5b0321ff3ba0691,0,0.9805440306663513
5a882e521e46dc184e56416145da6c5f,20,0.9603682160377502
83b66a632bf23a05feb7b26bf67b3020,20,0.9605042338371277
a2eb8a2909b0a7cca005f5942bdec9bd,2,0.9824677109718323
782013eab474d199cf25c3b3f0b64f46,18,0.9328948259353638
922d6485f88d0ccb52ba274cd45a6475,2,0.9814357161521912
b0961dff442c75b5135e70234cd89e17,0,0.9806813597679138
46b746d4bd9b81483e4ae5b43287c082,18,0.9334454536437988
73191a0cb91da34b8821f2fbea1fa8aa,2,0.9826402068138123
01f35c315f2a7d611f1e23bac42f78cf,13,0.9601173996925354
518bd8b29ae7db0f19705b004911c0b6,2,0.9824977517127991
7e19f6323e570eafb99cdaf567e75e4c,2,0.9748563766479492
0e780a2675ef1d953acd135147fe26b7,11,0.9614188075065613
85c5debce7f9dc25a72906566b1912b0,7,0.9707158803939819
ceb436a0085c7e6914650224695a06b4,11,0.9612651467323303
32143559b538279dcf47bab536aee573,7,0.9716164469718933
db00d69da3e1a6cc46d894c3dc251832,2,0.982642650604248
2a5b7aee66798bf3f66f0b2dacd1b3e2,13,0.9623029828071594
cf94df9197d76df40b638af2373092e2,2,0.9827181696891785
ffa394c70f5543e2b09be540a3c26669,1,0.9646028876304626
1da01b3bfa2d726ff74feac47cd82455,26,0.925818920135498
6db5ae1f9bd23c7a1eae85e0de3b5cb7,2,0.9827568531036377
8f292c725c8d378c325b004e14627259,17,0.9387429356575012
da69b9a50073d25622b5f47c60954182,23,0.9493286609649658
ef2c400c18ebe8f5398976046732324e,10,0.33854901790618896
edffa98a928da0256415c465dd9730f5,5,0.9704190492630005
24fd7eb81fdef89b8ecd8bb04ec909f2,2,0.9821935892105103
bf99b53cf1d01c03cf4c97c05ba0f644,2,0.981560230255127
39a80ac559401a2e02d69b174d9c5f56,18,0.932103157043457
16061358335a4e63b058d761a0dcd904,10,0.9714885354042053
e60e99f8859d8f1b8edc29701714b784,0,0.9527751803398132
dab5f793815d7c757a16bbf07c905cc0,6,0.9603622555732727
fb5b399aa5307c49d7747702fb79a0d4,16,0.9457495808601379
8e76e42ab2cb5cf60097a8c2522d63e2,10,0.9713954925537109
11bc7df34db21d0bcd9384128e90ff39,0,0.9806386828422546
fab930e5f75a2ca84aea989a5ec05e51,25,0.2513798773288727
df8fc316ecf370eeab75af0585b7eacb,2,0.9828346967697144
fca452e0ea514119c426b31bc56b6d21,9,0.33420485258102417
ecf8c2a01c09e09b4db82c59701642de,21,0.9317100048065186
afb50107ec50e6f4f734e8a645be1346,2,0.7932673692703247
7d001ebf01ddb0786d1fc272c4b295ec,16,0.946791410446167
ce806f1bde1aa7277e0815cb53e10985,18,0.4653927683830261
1c617f7ccf261802fa9f651e431271f8,10,0.9714107513427734
70834b093b298f657c5f0d4604e2ef5e,11,0.959989607334137
6dd6140981fc1606e1635a242e5ff721,2,0.9824380278587341
4fc1f00a1ee7b9da0a1e3f757f75d895,21,0.9351868033409119
db02be16d4a2e636e8493425b853c6d0,5,0.9703171253204346
566777ccb532d9215665ec8114d465da,5,0.9703384637832642
7f9a4dadcd2aa9f3fd102dceadecd34c,19,0.8739957809448242
992122d4d594528dc6b00c2016ff5d8e,34,0.9235719442367554
872bc582ab6c62c12b1aa2ea40cb4682,2,0.9820368885993958
9a99d9c32d866e131a7a563a66c9ec14,0,0.9802231788635254
fa043c62f6433caff731b485561f4c58,2,0.982788622379303
140e0a3ae0287bd64bd98b0ab8e205ba,18,0.910001814365387
6a7fa4cb206cab26540e98d891e8d601,10,0.9711796641349792
64e8d0328f9898a814c8aa0e023933c9,10,0.9714317917823792
db16325018bc5dd2042c35a75c681336,24,0.953179657459259
814562c7253f551ecd1300850e2d5989,5,0.9697117805480957
e39b8f9ca9ef9944b5f94caceff7fe0e,21,0.9349484443664551
78f976af5a9eef51ef4ba934331a447a,0,0.9802001714706421
9e5d297a134fef025afcda4372b29c2d,15,0.9521520137786865
02e45f711eb0ce119813de9540cb61a6,8,0.9616686701774597
989d25361fa86f5652134b327dd58a57,24,0.9534952640533447
4b044d2044f20ffa3ac74e55c2dc549a,2,0.9821767807006836
e48b970ad2a2f2e3bcc1a888a4cb6040,5,0.9703916907310486
fbd0035a1e70edaff038c641117b57d8,5,0.9705582857131958
dc4dc416ef66cb4a75e4040ad562999b,21,0.9318334460258484
b826968905b0caa0b588b90ff23c6597,8,0.9495793581008911
d33beb3e378d0c0ab3e5d89326609f47,6,0.9605550765991211
dc7db00a47ab6d93d76d131c39fe941b,10,0.42736077308654785
d1fcbf080d087ebe6ae5ef9b5f5f145f,13,0.9624817371368408
a2b231e94c09ebbf880d3a7e16efea2b,8,0.9615556001663208
9ec6027fdce57a32f4b2d68b197cd6f9,10,0.971407949924469
00b9eb8c15ccaba5d1ca5027174d843e,0,0.9801415205001831
804017cfa216eb3ee3c2c3afdad5be31,2,0.9828501343727112
bf4be7de94aa23d8a3a25cd02b959061,8,0.9615975618362427
a47f9a1c64881563ef237a67b2555713,20,0.9604781866073608
b7802b9601ccc05340c6b57bb01088c9,3,0.6824133992195129
4b183f60cfb20430058e02092ce4b5f9,2,0.9826282262802124
114d667827ed81444eb6f446380e766b,19,0.9163885712623596
95faa9a07e042d304f85fc7ea59fe4cb,0,0.9806508421897888
02dd4038549ac979dbfd04a511540c36,33,0.8549081087112427
92cc38c5952c9b643d14bd3a94b32908,20,0.9603261947631836
c9f92f4a7b345059d284b97bf339f1ca,17,0.9399596452713013
10c32556c21ee598954c9a19f1a1c977,6,0.960148274898529
d445a72bee42a9b243a78bd43bfb5ca4,24,0.9532732367515564
a74761ed4b15e069f56af5b24572d1d9,10,0.971385657787323
5507b3541541b25347f5b829318a3663,15,0.9532566666603088
d15242d5fe83a44ecd328357b7febc57,20,0.9598811864852905
1326750bec185f7e01ce29c44e2021c7,0,0.980288028717041
d5fcd133f8ed365319f755383e13c0f8,5,0.970636785030365
5915208ba55ad4a2e134cdfdff524e8d,16,0.9469160437583923
4740e626033f0a045f27277e651797fc,0,0.9779536724090576
e17489ceacb607d1483265eeed10c9a7,24,0.9534375667572021
f5ee3116b2a953f0caa3b24c52dbd252,34,0.9261071085929871
d5094d862cdfc63ed56cdd4a71bc014c,3,0.9229679107666016
f5c11be7612a29502eec4db41a03831c,6,0.9186495542526245
dcdf5ac075908a4640b2d532acb53740,9,0.9389973282814026
1df638d903f181fa3e8084807a77612e,2,0.9827806949615479
e0547428f59603415e7042f68fcc01b1,11,0.9600581526756287
f558027ef685ae3e52af3d3797596e79,31,0.8754855394363403
193c000f9418e21926e0a6e6a559d026,2,0.9813024401664734
ebf54bd91d6d81e4818cf258acf4a81a,10,0.9714516997337341
72c931efe0e57aeca32efdb6849f3554,25,0.9133930206298828
06ec7eadf3c1bd5fc8539763a0fc4a9a,6,0.9562378525733948
2bb4cc85e9671ec76f88ce24d725349a,10,0.969894528388977
8a89aa85d9f123c26028d32f499d98fc,26,0.9254854917526245
3ca16632492a35f6857eba74869f4d0e,5,0.9703655242919922
dda5e521272c71c9b94be425e2606109,8,0.9616691470146179
5f8188711623a8cd64c9b32461914f97,0,0.9804549813270569
57b37fa913ae3a74b0a855c93f4724c9,6,0.9590355157852173
6cc1247f05019603bd40bbcad219d5ff,7,0.9717760682106018
098869a287784513281493a2905d89d8,10,0.9692175388336182
26be837169c61cd8c8a39f1f59e2e63a,2,0.9827196598052979
6d1d158be0c7a0b1dec9a20a0b22aa9d,10,0.9714460968971252
578e987bf2e976436e2593854845f3e0,2,0.9765483736991882
f70a5afb1c866f7d2d6b09a0878faff4,15,0.9523475766181946
a51ec4a55e6aedb06f702b42598d1836,11,0.9614205956459045
dc369a88d5dac47dfe7024f9ee58edde,5,0.8815223574638367
b61b1081b88e03bde3a6c0f8d0584f4e,11,0.9614207148551941
b694bac0ee7545ad7568b21238ef6e0d,6,0.9598660469055176
dc75f55a8f15728657cab72ed017c926,6,0.9602804780006409
9a8f5687204bbbc2a36bc9f3bf0730bc,5,0.9700812697410583
f64e450ff492b3f22f57357ae02003ff,2,0.9827149510383606
4b1358c4d67f7ec3c69914c47c175eb0,2,0.9828061461448669
e5880b832fb02655b4a49531e49792c1,10,0.9713209867477417
3fad94c84e02d9d4c0248db30018367e,0,0.978748083114624
565a2e3f0f494c9440eebfe6c1ef45d0,10,0.9713175296783447
06fe2366b005e6eaae895a24276d5c4e,7,0.9718603491783142
50c22182a5783cf8f33e33d46c2228a8,16,0.9456961154937744
feb3d8920052d041eed5082d01b47966,10,0.9711288213729858
ae46eeabf5891e09361061fea55ab0d4,25,0.9141201376914978
68967f3b246eb31d646d34f008415d62,5,0.9704402685165405
47fdbbe0d0b7bbfd7f9aaca5c07cb1cc,20,0.9607750773429871
f83da45eb9969df55ad5b80904dae47b,2,0.9821537733078003
dee8ab58a8cd7d9873c1c5c9256edeef,2,0.9826539158821106
a5f63745199869e96106efd5e95f3834,0,0.9803853034973145
cbb52f3f84a0d287c187f20d3697bd14,0,0.9806695580482483
bbc25360143e1200510ad9cbb9909d37,28,0.8795198798179626
8e5ec26f577dfda82098b9decbf49dfa,20,0.9607183933258057
281c173304cd9b7437c5ea382581310d,11,0.9612779021263123
8fa26ecef4ee56e91d051f7c6d4293de,11,0.9610773324966431
db1df6f1f562b7ca7b70f50f63139172,0,0.9669870734214783
f398e63a477c6855b1a6e84b3dbcea30,8,0.96161949634552
b55af9f9642179bf4a638dbe36319d34,10,0.9712437391281128
645604e00c40b414534d6cec5184f796,2,0.9827658534049988
b34e5406452f7cb80a5df2ac37476825,6,0.959945023059845
6ee1031dc54bffd01885f96702a00f02,14,0.6872396469116211
93b742b222ed860b6e8381e2ae2c5ad0,7,0.97165447473526
6c17450430241f6a37ed75e61fbd3b62,2,0.9824349284172058
a29d1a3a23751ce6d72dcdfa403d9a62,0,0.9801051020622253
b8e4e4fc7cf38a2f4201d6aa28eb0c99,1,0.9652950763702393
51f5847db1f17eb37decf3ab9b7b8e7e,15,0.9514635801315308
bde90d2bd42da026b0bbe0f124639e08,4,0.9524933695793152
3b5448cb968ec70784bf833d74b9ca61,20,0.960826575756073
49573ddab30683763296160092b64d45,11,0.9488577842712402
4145129d106c1c23524e7c30dca50a3d,11,0.9547422528266907
6bdd7dbbfee5c19d8ab51807c59de174,0,0.9805808067321777
9a8cdbc032d23df260d39a6cdfa2a390,0,0.980678379535675
803752eb7fd0d9bbb3ae0a37c93dbb43,2,0.9780600666999817
a65da5a9747708bb0121a7b780cdd6e3,6,0.9520180225372314
ae1421647b2e32b5886ed6762d1e3544,2,0.9806178212165833
85c0f8ed59431b7a891a87bca362541e,10,0.9715150594711304
a46f26f2858302ae4022f00e6500aac5,9,0.9339332580566406
e1c83f6bebae68e81111cad7bad4e000,12,0.9208662509918213
0d11c4f23f249dde151c4c4752f9056e,22,0.5978558659553528
593ba48c2ec3e1fc8ecf801bd55b6aa6,15,0.9518666863441467
f9ea8287e138b069f6fff21075645725,28,0.8946391344070435
510030281e4e40db0668dd51b62049af,23,0.9520191550254822
7b904def4260ca517101bf0d8dde6350,25,0.9145257472991943
debf794be0b7da94ec9e6c26069e5559,10,0.9710552096366882
a832a6360f0ba3e9140cda6f5da6c14f,0,0.9804559946060181
6fe41732000821c5c7ebc8170156b40c,13,0.9615820050239563
842da8cd70513e9cfb43bdf764808af3,10,0.9713662266731262
9ab8982c320fa19b932f0be8959f579d,26,0.9266560077667236
ace3f3b99b933b97ddd35f8c55bbad8f,0,0.9506109356880188
3d1c2bebf443811e4154a4ab27301263,0,0.9792851805686951
422200e7c3269ca4dbe27b96ca54916f,14,0.8567553162574768
2a471a10dc8cd9fded639d11c3ec4413,2,0.9813544750213623
1348f30c40135e31fd32dedb633244fe,18,0.9336991310119629
9acbc2c0b727443620ea4f4fb65245bf,13,0.9620392322540283
e9225dd844442041fbbf1c3468154d72,9,0.9384942650794983
06e74e6a60570b101959af992b21e367,20,0.9607162475585938
4f640ca627e150e8f599c656444bce1e,10,0.9712911248207092
9b53d2643a0a0e73c4fee1fb5af68c9b,4,0.9500793814659119
37bf3033e3af1439512fad8bbfdea8a7,11,0.907866358757019
7f56d414c4184e4246e3d0aed8d6e5b3,10,0.9709494709968567
729a2bb9bfe63e1c15790ab00b6fa3f3,15,0.9531590342521667
21fb671ceadaf0e3a82b5bbd7ef842d7,11,0.9612976312637329
9d3b226c9f36245f876d7b09cb45b985,2,0.9824382662773132
e6dc45a997722e81bd0baae359e47576,2,0.9824386239051819
6b1e6433b19116e599dd965c0e8d7dd4,17,0.9372521042823792
962dd94bcb49fbe281ba6ccb1d356615,10,0.9715008735656738
9e3e70f462d3fdfc5905cffd107f7161,5,0.5443235039710999
44bb4271026d6cae107882f33d8ebbff,30,0.8856271505355835
9fe687ef8dca86015e23f7bdb15d8a55,13,0.9522156715393066
77655dc1c67fd21ae1e0c3f1fec86874,2,0.9824724197387695
157604d3dbe2c2c41b6f1b465e3c338f,10,0.9714345335960388
852f9edcfd1596e76ade40fb862f490a,34,0.9230611324310303
4a2ed4af0b3c1045c3c75c4ec5566e8c,0,0.9806591272354126
b8601a3ced1b13779ce05d5a2f78a003,31,0.8773059248924255
533f518e9e7afa1b5415d66d35f7224d,2,0.9824038743972778
d6da12ba492b3195beccd5d00c7bc6c1,1,0.965217649936676
74407eb1f134b6e9d7cb59a5a9468dca,8,0.9616346955299377
4758ff819527d93d0f46f80bfd9324f9,2,0.9788697957992554
9f334cfda1d2181bcfd65ec27ca2e1ff,26,0.9249248504638672
cfa453bc0c7db40105ddf49458ce2089,10,0.971218466758728
ce40b8441141aaf7d5f2aa15feeedb20,2,0.9826005101203918
f56efa5bd93df05a190a956695bf3207,13,0.9623892307281494
077acb95636779d6d5a8e625bc732dff,11,0.9553923010826111
e2bc02c58e19f29763f69ab5eb47a008,0,0.9806010127067566
099ee0dc14aac80f9b3785a00893cc86,24,0.9524948596954346
36b68ffd5fd74d451c92a7253c6ed23c,2,0.9827446341514587
e1ce617666da6278c2f05ceec5b8e9b9,7,0.9716536998748779
12fe8345bfcf5d3c659ecb65fc28bc7a,0,0.9802867770195007
497317dba062352585155c8ef6677f13,28,0.612337052822113
c1f7c5897576742c3a74690406864b1d,2,0.9821606874465942
db1ff0fe1ad9fcf3d74aa362628be3d2,10,0.9707976579666138
c0fa0b173cc9392b27b39af5708e2c8a,10,0.9711068272590637
5a7e920adc39800781c94070e6b603a8,0,0.9804679155349731
a6785c75ee33229d1c38bc6a3d9a54dc,2,0.9822204113006592
a0cfb5b9eeff37986462c66c761facbf,0,0.9806366562843323
bc7e49b2794e4214c709cd86880d5d1a,2,0.9824271202087402
2867115c8a5b0034ea7774591a297b77,2,0.9826707243919373
04fd5dd896dc73675afb3a76128a0cfc,11,0.9605341553688049
b55a5c982acde69bf4e404f316ca40db,10,0.9714595079421997
a82d2ded96f58da3e48cb24c8720e6f3,10,0.9714004397392273
bf493c480507a7b4b632b9be724d467b,0,0.9803699254989624
06459594b76d1ce02482c29c7c29d81a,11,0.9606573581695557
f5742c4bbf04c9da5bbd05c880d5992e,5,0.9704755544662476
25f5cb070502b0e075b26ef8ed93b5ec,11,0.9611184000968933
d6ce470de90b1154033faf7bc3e68816,9,0.9406197667121887
b53d52b72381f5080c7afbcee0b7722a,3,0.8848572969436646
f44a394e06ee48a078aa83cfad3e7796,20,0.9594621062278748
a70787b934c26dc8bf068c6e469a5ec6,11,0.9577502608299255
47279369c8e4c7a0b6a48edff566bac5,34,0.9262818694114685
54c4deddb11162c46e131c42c6b816ef,7,0.9717686176300049
621846c01d8187468a428946bd1f9e7a,7,0.9718092679977417
6a37490a93393b8256a5dc0592e52c42,15,0.951802134513855
a8a952fa449daf821eaa3f15b578ab84,0,0.9736505746841431
dd5e135f679f0e27cac32a91ec6ae69e,17,0.9400092959403992
9da7c3449c897163db03aa0a1cb286a4,26,0.9263752698898315
0f03be65750463afd41312989b3cc89d,5,0.970517098903656
eefcead9aad2e126289550477488c679,8,0.9607254862785339
0e7fba0a61d6294436e85e4a001f0529,24,0.9510388970375061
606735111d7fb7d311ce8aaedf8dcefa,19,0.9113965630531311
3779752535903a8e5e66e701bc96c834,19,0.9165902137756348
3c249fdff003b918a3a36bb4f002b592,2,0.9825106263160706
b139dea62e17dcc4ec9aed22b64801ec,10,0.9714363217353821
0fb3bb384fe4ec6673d7e1ddc0f171cd,2,0.9825552701950073
5e0d62328439d37a573a473bc776d40b,6,0.9602956771850586
e0d6ba28177de4845eb392ee7cf113b9,5,0.9696474075317383
a8ce92022fc00e5ddd2b937c388bf6aa,2,0.2788473069667816
ec571fed984d4ecb4d377f31791c884c,0,0.979705274105072
56f71f91fc13b04c78eba160b84f31df,2,0.9814673066139221
3eb36809adc4f062eaa1e29eaa3e69ba,17,0.9303243160247803
5814e111599e7135e5f787dbc5d78737,7,0.9718284010887146
9f1db380309036cfa35ca7dcee404988,5,0.9688311219215393
b4dcc7a296f218b4057354bb0be03c8c,6,0.9606386423110962
bb2d222c6ce13875621da70a0ab05590,2,0.9817864298820496
ed74a3dfdbc7c11029b32e81880ba3bc,2,0.9827128648757935
dade1dc8a96bcfe4e10f7ad2da5ae9a7,18,0.6246230602264404
6981387b3743d28d61ca65edc469a331,7,0.9717446565628052
da9ceb30d95490b75db4cf719d328b46,8,0.9613654017448425
2d52b911f6aee2a5483a183bade1a220,0,0.9807986617088318
cf37ec4cc051d17f471db32f391bdbd4,14,0.3624308705329895
ca266025f5a5ff67ce3edbed3e7452bf,5,0.9703284502029419
eb326c0579603608c504fed8b90f6ad3,16,0.9469579458236694
c5ec5ae9361811b2d8758818302119e8,5,0.9704409241676331
9bf4d453cc92438821f9582b3ec27555,2,0.9817160964012146
7ed80812da81450d1e7ba3256d5c4b01,15,0.9526431560516357
bef2f3a61399ea35848c9f365305d02c,33,0.8558272123336792
247845fe1643cfe9b0c0e06281240fb4,10,0.9713940024375916
ba87a9aa3e368a87bd690643a0685de9,2,0.9826876521110535
3ee89ba73936ee701ecbb70ae910ec9b,20,0.9604806900024414
819186c8422699075971fd7c7609c907,26,0.9258375763893127
df28f8603a3e1aa97d7fc7344b93befc,13,0.9625505805015564
5b5a588536ebddea1f198d71858ed5d3,2,0.9823121428489685
d5320efc8bdcf442afb68a45e99b6ec3,20,0.9545003175735474
47a738e0d7686b7cd8c8366bb46dde93,0,0.9805158376693726
cbf326ed2d3e7e854dc0d22bfa72fdac,3,0.9294341802597046
12c7241afd6f861ad0852077fe82a0da,21,0.7243061065673828
8d780029233ba7dea04219a5eae605cb,31,0.8775997161865234
981d5ea6fc17944df95ef6fd0f0a9268,10,0.9711858630180359
0e361cc0659f3664aacff92172478a70,11,0.9615668058395386
a657582799569e8360bbf8dc1ae75a02,8,0.9613823294639587
1bb53053ec779e9415c0ef4724a976d2,4,0.7146439552307129
9657339fddbc391a28dd8644e8ce00f2,2,0.9826065897941589
1928def5bee790b0d8f639cc98c640dc,10,0.9712652564048767
aab86832390d7811755062ea1ea54a95,1,0.9653828144073486
8b4818939493e51e4d2a3a0f6934aeb8,11,0.959805965423584
56c10c96ad3316a804ac6fdd4c644020,5,0.9707255959510803
750f3c419fc1ee67eec0406ad41565fa,9,0.9398912191390991
fc87da98ecc8d0ab42a8d443fb0f1f31,21,0.933281421661377
4161c6345e7208677b1cc38d43c99370,2,0.9827268123626709
2ad56c10a5cfe8e85aa27d1b1e02b17a,2,0.982517421245575
66057c36c73b3d0cd553bc55300301f3,10,0.9713922142982483
55f7574398dcf231298ff4197e5eb7c3,4,0.9519850015640259
dbee4430b122b5e707d63192bc5973af,5,0.9704324007034302
ddc919b605849ae8c677846d153b7d16,2,0.9827848076820374
0c1ccfc5761961d7ccdac90e7dc12345,11,0.9608281254768372
b7f9e079a7939527ca44d659f7a5c8dd,31,0.8776319622993469
97ee5cd8bb62bf8e9abbb2975905032b,2,0.981714129447937
f041c1dde4d9c1d2d115601fa802a893,33,0.8516700863838196
654163c386cdb75e4b34b211d043a7b9,23,0.9507392048835754
32a6a0398c2e3c4cf413a3884b63cc2c,16,0.9468215703964233
acc62c9780b34055539dfe7634b66e35,23,0.9523385167121887
18748fc35fba528ccc68dbdb5a663193,2,0.9827804565429688
fe9af01f511484ab29c05c11259e4cb1,2,0.9810823202133179
a0b08fa0b76ef6fac210277453165d38,2,0.98275226354599
84ed04a4b5ce745d2a89a9f44d4fa9b3,2,0.9818430542945862
6a4d956c9cf4685211ee3722c977a1a9,33,0.5632700324058533
f47d6109436fa2404223b825fa4a1f03,1,0.965506374835968
224253b79985e2f8ca0a51892ef58e30,11,0.96144700050354
8f7b167a73cd75514bb6512d211af185,34,0.9264643788337708
be732548889484bc66c86c71eeb1a001,11,0.9607576131820679
432965ca90a8bbf5473845499db415f7,10,0.9516096115112305
a4cd062fc23e7fb6f000c100bdb94245,10,0.9694333076477051
f7567045b3c09e48f92d73b87a155146,2,0.980680525302887
ff2a692300a9e5cceca17c8f2f7816ab,7,0.9716054201126099
9887776a6308b5a4da4dbf3d7bfac446,2,0.9826629161834717
30138bf2be6fda67aba9ff75275b7564,13,0.9624505043029785
635b3b4f1ed2d8f5b57de878d5f17a9a,5,0.9703435301780701
a0da0b8d94927eab400d465aa4763e0a,7,0.9716220498085022
302d9068ee6078e34e89e2272d22baaa,15,0.9527946710586548
c0e24ae1c8e7caffe5cacebe9a9b177d,14,0.8976953029632568
27e7911f229b91e7a0117a0e8f24cbcc,11,0.9607234001159668
2de8400f1d03be6c37d2eae2c5be23e2,10,0.971235990524292
381389c3fff2e1a812d176505863d2f5,13,0.9622688889503479
fc3e67f04c89b80b8c01362587192710,16,0.9460717439651489
4bc8d1f7b55eeaad7afdd1d1ffeac783,21,0.9245949983596802
94dd879c1622dcf8cbb926397c4bfc60,9,0.8787431716918945
db59d991e482cce7e1790ce4791f5036,10,0.9687661528587341
41e6c3f8d809dd638fd0e7662b22717e,6,0.9604672789573669
430945eb3d25939ff11533cba8aeb2ad,11,0.9608282446861267
c1310ea524eb26b3bc6289d1751ae7a8,0,0.9805178642272949
5f9e1845770cf58fb2531ce5b98ed199,11,0.9607667326927185
963afc90c0e173d6abc6e50b28b8cff3,1,0.9623433947563171
0875865d89fb3189b0d8ccfbe2c3539b,2,0.9822758436203003
518bcf16800a673025e8f1d80a067c4c,16,0.9453638792037964
44f14791742b85e551005c30ed4db5a6,25,0.9059030413627625
171bbe858873104458a985fb0f022de8,2,0.9822138547897339
b9b1dce77c815c03aebe34995bf194cd,33,0.8550171852111816
971e1997bca5dc71922a1f070718a82a,0,0.9804481863975525
49fe8eeaf72e6c3006ed81f9845da065,4,0.9480037093162537
e65381fd29f06a91565e4050c10208f2,24,0.9532867670059204
acfc3187028ae6867c012a91f0010fcf,0,0.9001280069351196
8eefcea51ddee4adde51b0378d2fe111,13,0.9537965059280396
cc0b3c1bdffe7d43d6dc21734d79b6b8,0,0.9806617498397827
394b86d4c217f6b3e52a6c6c61f6ce44,9,0.9405773878097534
cd184c99cf98de37ea3da326611e2129,29,0.891952395439148
f395a610db30e40ada16d8ed1e494c6c,6,0.960599958896637
b13c8f0996c409450e6d453a85e7828b,7,0.97160404920578
b83c23a81b31d03899d07abd71508147,1,0.9655260443687439
aa17358c0c84379a89e72ef6493c2d58,10,0.971042275428772
4c9b1a6e06cac6736c3564b6aa973321,7,0.9709311127662659
60d6fc116326905c372b682e8475eb7f,25,0.6126151084899902
0b900e5bea972e363afac3fc7e2347ee,33,0.6974833607673645
f3712030fd4141c5256a87abf9f51315,10,0.9711776375770569
048b215c95be4d7d75e86aed08e8aad5,17,0.9385314583778381
2977fec582f02ea7445d87baf3a93833,28,0.6653048396110535
bb2e57f575682bdc8b2fc705b560e821,10,0.9712477922439575
2c0c905ff441fb7e2f28a4cfc0fa7de0,35,0.9314733743667603
b68a21487e556e0bc23394c695c78729,0,0.9804813265800476
9512767d4979b14aa044e71035c768fb,2,0.9681451916694641
712fa130aad806ea457261cff25fd5f4,2,0.9804344773292542
c130115ff4731a108f3b1f748b7bba4b,0,0.9668025970458984
e90bdcbc4cacda803604df9377ee4fa3,0,0.9806879758834839
1927277f5ed7e101c402b22da0728118,28,0.8889549970626831
20425aa71d2fa998e00b337a402cb707,9,0.9377092123031616
1ed1ceb261222b707a1fc921245c36f7,5,0.9706076979637146
8c1a63b2f20b78e15bfb8bf084e5c98d,10,0.9648268818855286
a1971b66e7e522a60c75937743c046a6,2,0.9824495315551758
2f35f0bce05db2c3d9e965cd55062299,1,0.965556263923645
3d5b93415a15cac4820a6f1a3db3444c,6,0.9582353830337524
174a2535270c770789853be9ae2f7260,10,0.9714080691337585
e8598448016e20edb6712a224cc71686,0,0.9805111289024353
9f26e29b6194ecbd13ba389416a55975,4,0.950507402420044
7fefffb1981f0bdfd37a3bed95b01919,13,0.9627785682678223
bc9ad152eb487dd362e8d1ebe5342495,0,0.9806278944015503
f2a32661168a54714a6ceabf03b2f038,2,0.9822580218315125
4381f32a12bc03eb6e0cb310326ebe7b,5,0.9704878926277161
b0d78e321d321afdff67fa6e71dff348,5,0.9703548550605774
44ff97691d6e13de16bc93acb940d160,2,0.982403039932251
5b4ebf0582934e28282a5838698d378d,2,0.9826614260673523
1e965a0399db0e8171398b455f50b0c3,5,0.9704381227493286
a0294f26679dc6c5e01cffa13b920e01,11,0.961150586605072
d2b13c9477344efa6dd2d940e49fd188,2,0.9826148152351379
33412cc73df40de5ea98aa67a2d6bf52,7,0.9711331129074097
5cdca71b2b22841a36f3a61da3a331e5,5,0.9705374836921692
432c2d43a43cccfd1f3ed5d796c7e335,2,0.9821787476539612
1d7dafc845dbdc4fae617b91e85ee4a2,9,0.9399874806404114
99bb76822fb3a792f363e38e92a32e73,8,0.9614505767822266
578def5bb5b7708afa177fb61fd77e8a,8,0.9615810513496399
9c41e9f01d0a576074ce56a3eb37cb6a,5,0.9705670475959778
696a40203040218399cdcc7213b63034,15,0.9393903017044067
a1439906584b117f42f75542c820fbc9,15,0.9468380212783813
513ac476e9222c0a9e37722a335a97c7,21,0.9324550628662109
329ad24d1dbd208eddd604903384fc82,7,0.9718677997589111
631a849a79532e2a1d3939ccc6df65b6,3,0.928493857383728
b3abb42ff89a58adc8b7663b7b5cf3d1,2,0.9827012419700623
c3ad52a337bf65b955e394fdd865f8f4,1,0.9655923843383789
17b169af86aaea0d9ae69a717c8ddc5a,13,0.961523175239563
77c8673ce7035bd45f88e6be28cb504e,21,0.9326032996177673
47bbfdbabc2085905ba2fd0da288376a,0,0.9804065227508545
93678c2404a375c353b34d5ecd2d7b17,20,0.9605512022972107
6d414e41e029ee319ce87d56170c4b61,2,0.9697820544242859
01844581ce661521bb07288f2f64454f,15,0.9508885741233826
22512562f07c684e07b25d94a353d9ff,15,0.9531980752944946
882179b1926c433b397911fa51364d37,2,0.9428211450576782
571df594993ebee0a758728eaa035424,5,0.9703225493431091
a68ed15da7ede9ff0576285a7d8e0652,10,0.9706700444221497
6f1668babae637b83f6739a4feb18e5e,2,0.9820185899734497
c527e626d195697e9313fdd653da555a,12,0.6545447707176208
09d582f8c7a25fedf0248f070e920ef1,24,0.9522573351860046
9889cab170d311650b08ecc80334e29a,2,0.982242226600647
0a5174b4d7f7600bd8e811dd310d8167,11,0.9576507806777954
572b086d523ba2415a2284a78be2789f,4,0.9519509673118591
0bb02974b20a51a86010d834efba403d,2,0.9827742576599121
70ebbf587966dbb09d297d9a1b7c95cd,6,0.9597156643867493
d0898ee43da9744b7dd12733ffdada83,2,0.9822362661361694
f7f52c24fe5c7133469f7b08bbdc817c,20,0.9603860378265381
5ab8ed4231bf31e54e4fa44c16802260,11,0.9609118700027466
8fe7c4a33e88730e3aeae713898447ab,2,0.9764524102210999
2a9819e653b0c447a6a225e998c1ca24,28,0.8882861137390137
ef42f4d5f7cfc9b9f807ae8722b2881d,30,0.9024967551231384
175037e3a65b4dba12b8a74e295a43a0,17,0.9398301243782043
db05f2978bb18d96b7446dcb72e4f314,1,0.96546870470047
f3f3ea20ccab0b6a5cd8d78ef5905cf2,7,0.9312276840209961
188f209e5c7dee5b8978f02543c63d1b,1,0.9655413627624512
20ba62a7dc761bdab567aa19932757bb,13,0.9625999331474304
bbad9f8bf0e7a86d8e70e5e8c1af4a86,0,0.9790199398994446
4c30169b13463b1b348cdd446d055435,26,0.9262361526489258
cf677617379d1724f5928afa6964fd98,0,0.9799839854240417
2dabb03494391558a2b4341d76ea7e83,5,0.9705408811569214
e8a059ace69817990742a43fcde93c9e,2,0.9826878905296326
558528303ec5718efccb4db0ee4cd5ea,2,0.8510187864303589
c1ab93cbaa33ce21d222b85bbdfd8e12,6,0.506450355052948
765eb63612c6fc0cdef15ffde6bf6ee1,6,0.959479808807373
64e6f3bf36e0fd253190f54b002eff68,2,0.9825881123542786
6e232b4baed431567c118c000858d98d,7,0.9715743660926819
539e0e823479c8b1ccec8809011d5927,20,0.9605444073677063
cb8611e7c5d3323c5e8d91ea4cfcc09e,13,0.9623578786849976
26ac8dba19ef6fd4c1a9ef0d980a544c,2,0.9809566736221313
97da6b901ca1d49438336926285f106e,0,0.9805748462677002
0eb5e60ff2468e48f1cbf34a90a0defc,20,0.9607724547386169
e1789e951b9ff02d77d5aa03e36d5955,0,0.9805779457092285
fec4de2b16119759cadafc572bf7c122,0,0.9670059084892273
6adaf60bade1310b5d04b78fd2187b3f,3,0.9326106309890747
4c6a878ad935c75034669ecf6c92e571,6,0.9531862735748291
da8a1c125051893de73b7a503764b914,10,0.9715296626091003
f6ee6c60a8b39b9ba4e1d699762b67c4,0,0.9804432988166809
ce5bb653a32b7faab9e1d13ac37ff28e,2,0.982682466506958
d36316002ce07227e2c363b5fa8f2d01,1,0.9655497074127197
35069ca397eb576baa6ec43e2ba3fb04,10,0.971284806728363
771098f0f0f5ed896c19f6b391c93d31,2,0.9827621579170227
1737348f1d2ac6657cdd68edabb83a7d,10,0.9711059331893921
e34ea29141d3a5b24f7857864ae1aa01,25,0.9050488471984863
ed111c8ba9310d29d288561609cf51f3,7,0.9718875288963318
3b3dbc57be06d1d5e07ef16f827a26db,3,0.9000295996665955
f8595eaa3f61da136a3794bc61e8ee9e,20,0.960765540599823
facef484e0b14c113f0f41d34c3c9c51,27,0.8861271739006042
6baf25c5b007438a07b382f3517d2128,6,0.9227070808410645
4815f237421c050f8f8b63fa17568d34,28,0.8457382321357727
03ddcf26d2b478f5e703639f920c8ff2,0,0.9805387258529663
358875d00e0770690966e6d5bbafbb07,30,0.9048810005187988
8df13324821c4756db53ae97b7554419,10,0.9714992046356201
20deb4c798b7b6d9d3f547d47306191c,11,0.9606853127479553
e06e8719b55370e283ef85488dc8513c,5,0.9705079793930054
26d76492acd9ca3bd16e34962dae862f,28,0.8936306238174438
54191cd76367956dae6dc1abdf7e75cb,4,0.9526365399360657
f7f9b812d3cc3468b0ba4183a2190fb7,4,0.9342398643493652
c5c4e047cff4ed5837cab415260cd16a,11,0.9613137245178223
a19efb409436175d5f7b1b6e1c673ea8,16,0.947168231010437
cef8b2a9f261a6a35fe00d1b82fb78ca,11,0.961267352104187
e2ca93ff6874d8b1f6f2d5330fbea000,5,0.9693666100502014
72ab5a95d6bbf38f26efd4bc4c4ecdd2,25,0.913213849067688
f2dc267b867b22b6b9227e4b8a842bb1,2,0.9816293716430664
1359677b415eebd2912ffb87b0f3f4f3,6,0.9597376585006714
452f2f3a948d47b70994d56387d1f35f,10,0.9713261723518372
4504dfe942014ff913c0b5e48eb2eb20,21,0.9258840680122375
65bb83d1204c70ee5ea0884ef50f571e,2,0.9793220162391663
1cd67806b0f3cb691e63cdfca5ad7a2f,11,0.9610384702682495
95435a73059530767e157e73aea08ab6,2,0.9806079864501953
c61943b278d14dbee60ed6a6bbac1bb7,2,0.9773798584938049
46c2cc74c961b12e2848648713ea88f8,5,0.9699713587760925
71e11587d299c0c3f90aef5f0f92c363,7,0.9716315269470215
f84c06d1d264e2972dcfe77d90e125d2,10,0.971157968044281
ea1e72385692be8d2653e22e4d523e3f,5,0.9384309649467468
a880e71758d83ec5fa3cf713af2f7649,2,0.9828131198883057
32068742d8cff68c07e9dce9cac8a24a,5,0.9702933430671692
7a0ca27f2592a64bc20d11700bd444f9,6,0.9545214176177979
63b02b5a1c9a00d3f610192203cb42b9,0,0.9806185364723206
74b5f96ca38fea4a058bd47a21300228,13,0.9623024463653564
f6f1aca8c747216c635366cf6753ca8b,11,0.91302490234375
e454e2949a48a65a3a848b97dee7b578,26,0.9256256222724915
e9a88a9b52f5a3a9385e820bc1f25af1,2,0.9823514223098755
6234957f481f1d2e73f3eb032a6ddf1c,11,0.9613633751869202
4b2786208b5fc0d014ff539b5f17874d,1,0.965493381023407
ee97828a024c0a27f1827ac269f73210,7,0.9432008862495422
1d313e516e55b430b3f16358449b925a,6,0.9597548842430115
96f4fc4af792b81171f6addc0373e18d,19,0.9105463027954102
cefaa2c30044b7f1c9ad3447fb3a5b13,7,0.9717953205108643
a9af5d5d36b6ec06ea21143baafd9e92,0,0.9806861877441406
edcc2b40e8a856e6b6f08a082630ecaf,10,0.9713271856307983
2ed587cda5794d0d2b038e5231342478,0,0.9805890917778015
a179970d8084a427be073e96c7c23e9a,2,0.9825923442840576
8ac49f4a2a5dac88ad9e92b7c0eb664c,0,0.9796636700630188
c9576d337ee6815886df1412cd46c5cb,10,0.9714605808258057
7422ff06a287ec7a7e52a8903ab19717,4,0.9521542191505432
30b776a0212aace387c2dc2213960e02,11,0.579204797744751
4fe839294106e2d8aedad0a587bcd677,11,0.379642128944397
06f27da01d7a56b2dc8106e9b287d30e,7,0.9714868068695068
48e0533586ed477f37e49c750ba1e6cf,25,0.9089975953102112
0bcc7748766238905f859b4f72916e59,2,0.9827107787132263
bd4365b77f93d9d373a076060ccc09d9,4,0.9520534873008728
e4c280d6d8f06aa2150a6d8b5f09490a,6,0.9589447379112244
a4fcf01a19df69317c9040bbc63002e9,13,0.9618415832519531
fcb98af948bd7a73b03f35cfb7784bf5,5,0.970186710357666
2e9ef800542451262604cec0e97eb300,1,0.9653523564338684
ace620268ec91cd50bc774b59330c26b,9,0.8920157551765442
90294e817228f959fa95408fac1faaba,26,0.8842188119888306
4469a0a73ca00ee2775e7a5e5643511b,10,0.9642928242683411
0d867b10daafafc90c0f615b69ac6425,20,0.9607818126678467
89a6e650459c74f83c7cfa8d8a32d60f,9,0.9383308291435242
a51fa0a70f6c31f94259f0ea61539e9f,2,0.9827423095703125
c89582819dc8100260901c898812420c,8,0.9615732431411743
03ab35e875217fe6ffe344b038d58eaa,15,0.9517382979393005
efc7f936078c9da87cb1a38408350434,4,0.9520606398582458
2f054f2e63edefe6219f70ef2706aa7a,10,0.9713010787963867
7c4ececde6233cef8f30396ff77a02cd,10,0.9713620543479919
e8ad1a6f56519f77d4698088332513cd,16,0.9458717107772827
46c7ec2ea20faf2361ed7fb1eb56459f,6,0.9601597785949707
a64aaaba43d6363b9af9ff88ada9eacb,35,0.9325157999992371
686131009da748894240c4c360e5b681,0,0.9806082248687744
504827fcd495a7504ae4fc98e0cd5f62,1,0.9643310904502869
ac02793f14df6c213fc7aa5ce2fb901c,2,0.9691884517669678
cbbd47bffb379d4f117acc425251da94,20,0.960383951663971
3518c8cb3c65ec02aaf8c0b689cbfddb,12,0.9108402132987976
b277cbf474f099b5e1954913ad6355de,10,0.9712206721305847
b20bfbef39efc4f469b7e00327fad88e,6,0.9605929851531982
95b644b03b9d225c534c30ef64073478,10,0.9713176488876343
f4e9a494fb2ded12faf9c41b28c89fb4,1,0.9655308127403259
f447c160bcc44ec90e7014a1c9f3491c,2,0.9827203750610352
244943a7558ff88bc0f95cffcfe01ca0,4,0.9521945118904114
6bf658b80e4833bff6187a92f1cd8d41,6,0.9603211879730225
1fbc0824254216baeceaf3cdd267c504,28,0.8743475079536438
f39ab8762915d189ac5f7da9608507e0,19,0.9165881276130676
c3e55ec506d3c546f9a50481f88d9d3b,35,0.9298330545425415
c259fd7182e3460424996ba404da8243,0,0.9807424545288086
5cba0ae35ca8748f7416382f65549835,0,0.9791238307952881
ebed3920daa1aedd251bdbbb0ccf3415,3,0.9316297173500061
a437eebff5070931b41ec4faf6f6cba4,28,0.8920223712921143
6e3338a9432bdf19d060d8cc1fd58125,19,0.9165552854537964
69f2d21e695c831f4a73daf7192458d9,5,0.9706144332885742
b5aa9be40294f63fccf97433ebdfb129,11,0.9609637260437012
728b944fbe097d49d77ab7894c3d82f8,7,0.9718307852745056
81c3de843b6199ac0f9e20e2dcd536b0,9,0.9337841868400574
4968158e0e0e359f35b9938df174052a,10,0.9713982939720154
b14e95da619681c2555e8ba8826982bc,8,0.9616622924804688
14fcbe0694aa2668653dd540f89f3002,4,0.8756886720657349
1ef30fa669dcbbde4dc7b452e3263d8d,2,0.9766873121261597
5ca472c50f77fa836bb56bb5ac763c57,30,0.9060735106468201
60a103b3cc27f5ead61a7ccdd80853bf,8,0.9612311124801636
3163e187d561d9ba859000255f995f71,28,0.8941788077354431
365b1b192389069fa6d647aa42fef1ac,34,0.8921310901641846
045338c71a60219d9e9e7ac96dbd1998,11,0.9613436460494995
424c6537c356f145881dc1f1ea11afac,1,0.9656237363815308
d64ee4e46b9c92462170092951676dd3,15,0.9527246356010437
032173a95480da504c29df26170a60fb,2,0.9828181266784668
19e1b15e9096322b298662200e7d0fd2,2,0.9813185334205627
fdba59e5e2b2d1a1ee89d7b27aff4d32,0,0.9805247783660889
7c10239def0a763d98311279699f7c47,2,0.9827228784561157
124ea5bfa99cd1142ab5b6975b49ed56,31,0.8759781718254089
9103ee39d71af598da2cd424280f7733,10,0.9714350700378418
65e4175c59ac620286b3954eba305ea8,21,0.9329954981803894
31aed6ae1bb56d6f7594e7ddcc24c1c2,18,0.933391809463501
6f73d6f2e3d294923acd532dcc8d7926,20,0.9608370661735535
d027206ae816a439ebca8fc08525942f,6,0.9528095722198486
7ea2e6140532846fd379c0a1df151105,10,0.9711979627609253
be51d3d7b95f571795d5c3caca660ddb,10,0.9715391397476196
35f21c53b9a3255033fc28270c49adbd,0,0.980717122554779
d97ab9c338af46c3b0a923118331bd8b,5,0.9669756889343262
d5025a884e785994151ca339feef2e03,26,0.9265889525413513
689d165384f5c6d5f6a198719f1ae61c,8,0.961706817150116
2649253cf4c32002ba4b11010a0cdf96,9,0.9400805830955505
c77883c1f881ed0631fd87ad3c616691,17,0.9395505785942078
7257d10c3c9aca88a07509989fc769db,13,0.9623059034347534
7b89eeeb906e469fdf399ee652873ec8,2,0.9824588298797607
89e6987581e6699473dbd09c77180422,1,0.9656938910484314
698159fec914c1cebbd0963f5df758fc,2,0.9636157751083374
b826c62c5a74505dbc6beae39676d90e,9,0.7302858829498291
fa6a49f84ddf05e6cb1429a40c69c214,1,0.9652709364891052
52ac457debbede2cef391c8a59c36b11,0,0.9806659817695618
50e93057b48649b44df6f81795858d03,3,0.9058535695075989
905139a5ffb9edcc1dbcd8e19f4e45da,34,0.9270925521850586
a1cac94beac193bd58821f70562fb47a,5,0.9704717993736267
2cae79a2ec8ccca413e87411b4b497d8,15,0.9524600505828857
e1c05dd171f030374f798e2085ae34ad,4,0.8201417326927185
d86e584d6cd98f1975445187538354f8,23,0.9499702453613281
489b9ee2b81baab2f2337bef298e0172,2,0.982107937335968
ec3c4f03c24242edc3a8bc8f799b026b,0,0.9806464910507202
4d48be09f3447097075d90573ce461c7,1,0.9487219452857971
8dfe5e8a13d11150131567fd9fc6d644,17,0.9291918873786926
3cf5d49aa23f908cf09230b4d98faffc,11,0.9610412120819092
884492ba0ac0e1e1fbb6dd326d8d9f3e,10,0.9715415239334106
fced1d4036c38b49e375ff31d69949f8,7,0.97179114818573
adb1c85281918bcfc1be5bb56716e367,10,0.9713764786720276
c910e1686da1719d22657f0230560a14,10,0.9709722399711609
edb38168fa697c1bb7b216bfa5513da1,2,0.9825091361999512
4c60d68202de70a3ed5f7444dae773ab,6,0.9589625000953674
1eb5aff539404074776114bf83150286,0,0.8321835994720459
58cab6d77d989454149369279df2fa8a,24,0.9524911046028137
795c3186532fc44fd49000ca2719829e,20,0.9606634974479675
307d53b8b4da3a18e7384aac9501e252,4,0.9514289498329163
c92155edde2cdaf93b7098b17d471dd3,0,0.9781533479690552
7fc7647c95be2ba5654b8b2058d9ce6d,0,0.9806696772575378
f6e8cfc5e4d22ecb607c3cbc7df557ca,17,0.754199743270874
c3c64851389288b2da24f2b1c10ec226,1,0.9651356935501099
122cd906b1a8db68dda8e88a534d6e4f,20,0.9606500864028931
7ca3aa1fe604d2421fceec4beef20605,11,0.9613040089607239
81673a3080f979e38fcd58f6444cfd69,11,0.9611036777496338
e4c5ea7268a1ce958eb4f103ecf39e38,10,0.9713060259819031
eb215c2037d262f617a0211da802a91f,5,0.9704843759536743
c4c9caa475db135a63fd5faf2588f6f6,5,0.9704709053039551
4bac646ac4ee6a27ba2fd54f83eca108,5,0.9700498580932617
c9ea65f6224a9ee7fe9661313811422e,24,0.9528791904449463
d6c8d772bdea3dbc6b74800bb1d93473,14,0.8962304592132568
566115c3957ba2a96ea0c0b3e1a2a132,14,0.8909732103347778
d3ccba02e7b7fb93273ee5181c933495,6,0.9605268836021423
a8fac201744d1abb5029ccc00e51cd73,0,0.979726254940033
98c95053bdd9183a322289b275021ae9,6,0.9601507782936096
262a77e86c819d68652bcce35e90e9c6,6,0.9604551792144775
573bef32c20f3655c753623a0f0d9a3d,2,0.9822010397911072
518917a90e29f36f1fc8446542e875f3,8,0.9616982340812683
455a7abd361fc7a1d4af3eb9efb2ca0b,26,0.9264759421348572
547f02c4c815ca1daaab872687c9ff1e,10,0.9659550786018372
30cd71ee5ba0a238330707618fc70cd4,25,0.914896547794342
e1fa5cb4d906820b5d16d1fca10f98ac,8,0.961371660232544
b1599fb49c21aa9a6f074e6d40e432d2,2,0.982835054397583
9d88c82b4bfd6216f01f990021a74d33,7,0.9707512259483337
ed4897e6b8b9c5434c868e09566285b0,3,0.9314958453178406
d91c4deca868de1e8a4c361b8d159461,11,0.960933268070221
d563858a18c886db2b7b977e49d5d09f,18,0.9334274530410767
a15e851ef9c3ee117507fe6aa03e49c3,10,0.9714319109916687
dc0a5badd0bd50f30559aceb784eeb69,2,0.982657253742218
af53422fc139560f6819223fc86b73f4,20,0.9606161117553711
dce26d31fb18a61bdbf46fe415141a4c,2,0.9823318123817444
d1755883d318097bfa8d90ce8a7c5b45,0,0.980474591255188
d75dc4a8f93e85afd471367767331224,3,0.9305888414382935
639a917c495106fcbb01b53f1394ef29,2,0.9807913303375244
95ac236fb2e66cbdd321977d76a3dfd5,30,0.9061031937599182
e9a9cb5dd46068cd9d9297e17ea75346,31,0.8763494491577148
f7dbd9586f3346c82bf63e62d993f393,8,0.9610648155212402
a1c8bef4e94e6f94631756732ecfcad5,24,0.9531269073486328
6ae1369298df315800474961c042ece4,11,0.9546622633934021
ede99a5e12621a51a07102c906ecda29,16,0.9466758370399475
a7180a0d4d0e321c108619db00994e5c,17,0.9393688440322876
8e4f80c704e8fdff3073b4d239e875b7,30,0.9013921618461609
cb32fff42b46e25a21008aabb12c2b2a,0,0.9806441068649292
c6d651230940c740703c02feee5408ed,2,0.9828180074691772
061ddc1ad9bfe65ec5c70230211aab0c,2,0.9796055555343628
271c9a6a03f0e102e26da34e12ea0a09,11,0.958938479423523
fdda5e4c439571a11eb3df203273650e,7,0.9681971073150635
978926dfd79bd29ebdfff217f2b40f01,17,0.9376162886619568
221b9ca1b9a026b7ddaf89c890f5a9a5,24,0.953488826751709
a13357d87305b77c30f3fdeecd0d3b3d,7,0.9711551666259766
ad10fd41c478f9b1627e201ea6c57461,0,0.9789784550666809
098bab757809f648c7e61238bcaafac6,33,0.851798415184021
6b554579b378fefc0180602065ef580b,11,0.9607422947883606
0b7680863b6a0e7696fe10e1699acad0,10,0.9711877703666687
dfc95f6ea854690cab6ae325b98c4001,2,0.9824188351631165
75fa36ed00b5641e807d74fb6f638dd5,11,0.9605829119682312
bae44a668328243ebd0d1423d64222cb,2,0.9817911386489868
5dac2f92c7c6ab4e9d407590381e3ab7,2,0.9815068244934082
053213bdd9a23e1b219e10fb670f2c0a,29,0.8922801613807678
e980b9b70daa5fbf1a4a102c3a094ee3,5,0.9703208208084106
03a759fb94004f8236fdcfa7aaed4a9b,20,0.9606033563613892
ca59d3d3cf7001a4e16b0d34aa1333aa,2,0.8153532147407532
48378a42758ada1f60ab1e51b28e81cc,10,0.9704253673553467
a4523a4dda59d749f7f6c123235aded4,0,0.9805342555046082
c2ec0befb048ad2b750e94034ed18487,5,0.9702959060668945
aedde92eb892540b22dc6355ca8ec814,10,0.9702643752098083
1dbf3b01cd8569c3f8d4bf3c6a629e12,1,0.9653913378715515
056afddfb8f808111e304af2030e3bcc,7,0.9716429114341736
b30e69dd3c1218d765ad1e627748b06b,31,0.8731080293655396
a056dbcd6edd93c7ccf5a15316d3d580,0,0.9804949760437012
5788f58d319f7b04a40645dac94d029b,3,0.9311593770980835
62df214ace55673b8bd7a29d78e357e7,24,0.9271082282066345
aae64c845fa096d924ff7bc1cf779a63,11,0.9603976607322693
01a92c9c095c813cbb819769c7b22aef,0,0.9803736209869385
33b1cb37ec443d98ad42775a68392e79,10,0.971428632736206
750453622b305705b075766351b26933,10,0.9715023636817932
638420712bf399c9abaf00265b4e8e0a,20,0.9603636860847473
b09531ab358dbf217a3800ec6b34bfcf,11,0.961214005947113
611984d944c982b3c77cc05077f746fe,6,0.9600964188575745
7ab2c3ac8419626781a3d256070f7727,2,0.9828072786331177
3a59b16e243516219950f51a934e9f60,10,0.9705365896224976
643b593b938d979de8ea9ef65e020f7c,13,0.9626418948173523
e3e20b0a7d0fa9cb8705a00c4816562b,15,0.9524660706520081
7aa0c7d95014de27e1f3e58ed5e79f6c,10,0.9713858962059021
fd9eb066712497bc0f60c13ca5acd645,10,0.9579141139984131
60d283b36658e20e6f9ea3af0b6673c1,0,0.9798357486724854
0dc77e55c862b58359ab9e59837bcdb4,10,0.9714866876602173
850bac085ff139d8c35ae5073b8d4f30,29,0.8920522928237915
3b2cef1576210bd4203af74a5ffe6761,6,0.960053563117981
ec9ba7732ad4c08f7c6c06f90ef3d0ae,20,0.9608343839645386
ba6ef22ab0be0b894e2638afd8e93acd,2,0.9827965497970581
1ec4dd21a55d86960e2892abe265f775,15,0.9517500400543213
0ad1b2b907d4b8a1a16861cf2108f85b,4,0.8849737048149109
5cb2e954d018804864a57beb431c61b8,20,0.9609174728393555
73c48c832e2a17f675e75c1a3972480b,18,0.9338706731796265
c108fb148bd085bcd69284e04912eff9,0,0.9791685938835144
0e8dc05bf6603efa955bd03b1de5729c,0,0.9806602597236633
aca74cd51d3d3085c5d1e0f29fe75571,2,0.9827029705047607
715d136d8ca91435215d3f4d72ebd70f,2,0.9827117323875427
3b43c67d0d5e95a6332ff752ae8c3f31,6,0.9603338241577148
a4f1f0204398f4bcea58637e090bc235,10,0.9706147909164429
378af23bbc57170ea885b52d92fcd204,4,0.9519755840301514
3414945b70317348fad63a169372b2aa,6,0.9528658390045166
8a107b6c9d00afe89c103ebbf8b0bc9b,24,0.953462541103363
08ddde8cd4ef642e65fe56b27e007742,2,0.9826890230178833
99d4c5646ea731cf896e4e16e30e0192,26,0.9262257218360901
ec13a8ca78e5e679d4c4f17883b7dcff,2,0.9799376130104065
c694906baffa3a6efa37319eb8adddfa,18,0.9334180951118469
6bdb4fa10ada05a5923372e9a99b75c5,19,0.8837202787399292
944f85c1d78348a117c7fa9d2bc3cc3f,2,0.9826533198356628
39a018fc263302fec8f8ec344aff3f82,2,0.9817865490913391
4d86793975ef96b97cbb03b119521fd2,9,0.939957857131958
4c48b5d2792b4243822100a2d8b9d6f3,24,0.9478806257247925
695ce313b0a0758e46f725407c83308c,7,0.9701231122016907
963344746d40c018ffdcc7b9e44a4c31,0,0.9789422750473022
563aa5a80dbbec048db620d67369bff9,2,0.9827967882156372
81883fa4710c0d3e804f23039fbfe4cc,2,0.9827759265899658
830804fe9624513387c58d7b4a14a2c6,5,0.9700556993484497
f4c7ab69cbaaed1cb7f5833506c15929,20,0.9607437252998352
9a56e1a6db041d6ca23acdb3782fca3e,7,0.9717466831207275
0196b41c57a31ddea238646f62114f6c,2,0.9813236594200134
f06bb6b90a2a631062673fec53d531b3,10,0.9706946015357971
eb536bac72e0d78574589946a2053d54,2,0.980395495891571
4275ee11a04ec5c19e2e3c5683d73e8a,28,0.8549314737319946
bbce0e5ede3f3f35d73cd20329cf242b,11,0.9592410326004028
6a4b76e242d0f910aa17d28de698fdda,20,0.9602692723274231
b39af9ea22c21cb0a3acc0923570ab39,0,0.7562453746795654
66b9726a4107d9c3574ca607d159320b,10,0.9714367389678955
c50c25b59895622fa755b4f3716e6d74,2,0.9826818108558655
68aefc7e433d9396cf0ba9b73e6f9ebc,23,0.9524074792861938
a5394581332c33d7997e5e41f4e81cd9,20,0.9607386589050293
ed4f4cf4a0ea0cf2194661264cd23346,10,0.9712466597557068
5fe513825afaefa4666ff055687949ae,6,0.960454523563385
796b94c9343c8c9f37be7d196e921053,23,0.9237575531005859
e82a0d5a53bdcb67266e9990d55bddfc,0,0.9806797504425049
d9a6d245381d6816bdca06d0a9c6b0ec,26,0.919963002204895
957f0768028936395e377aa1a8c46edf,19,0.9169152975082397
569b32b27a48955eb333eaaf06ce2093,13,0.9617847800254822
d3c90792124ac196bc4a8c4c90adefda,23,0.952468991279602
3801a7b97dcf1cfe3f085168f1392035,28,0.8979513049125671
a56d961baf663dec261e5b201087e406,2,0.9809573888778687
5987c03250143fb384ef8ce8996e9efc,10,0.9713767766952515
83d3746ad1dfcbd88c7636753ecab59c,11,0.9608756899833679
0680ca00015239499611635a06ab7112,10,0.9700216054916382
6174163982afd548962a481901a106d3,20,0.9595552086830139
9d526b412c1ceb944f1221a9cf615e9e,10,0.9711194038391113
6c4c8e87ba0bf3996f3a1b9f67e3e8ab,3,0.5773918628692627
bc48af7099de74873a161f3a7e6799ce,0,0.9805853962898254
d1c17534a4b71082f5dd9c2081ddee2a,7,0.9717552065849304
5eaf73ef29db6dc7851deea5ace6bdcd,11,0.9613229632377625
8bccdeed87a75452b53f9062593cd63f,15,0.9533254504203796
36d436a72ea8d9b87863dcc5ea429ed9,10,0.9713208079338074
e5af21f022e80732e4836dbe48c63d5d,2,0.9825474619865417
94712cb65164c22f3a6b05264beef0e0,7,0.9718201756477356
17bf33ba863de5223963db32b62910ed,13,0.9620437622070312
a0eb84d131f24ef1e02a479d4c231ca7,3,0.9322485327720642
c8cd025a350a893705aaed008ada3110,2,0.9820823669433594
420b80c1b80666cc60a31f664196e937,2,0.9825637936592102
cb63044b53a817652aead7f76da57f90,9,0.9400677680969238
35c36cb441d4f4aeff135b9f8bd4b144,10,0.9489859938621521
c246c7340162fd83930e8a8fb28d014b,15,0.9534440040588379
585f8ab37fb857e1a6d4d8318c714cdc,10,0.9714780449867249
5db50a371f685cc5689e489079d64a52,10,0.9585830569267273
a200638db1e52db1098ee2c2e61a3389,10,0.9706682562828064
dc8be76cf0a13ccf1666719660b289e8,10,0.9715058207511902
f21cb2631c0af6e7c127dec7013a04b0,2,0.9827238917350769
94c4b5b42e248e77428b8ecc49505792,21,0.9292242527008057
65258b9932bd4c7b18133f5acaf91b2c,31,0.8778649568557739
baf52768866b53255efb86e0602b018c,10,0.9712147116661072
01897a6115ddf8768b6fd1a683b57fcf,11,0.9597532153129578
2e9c732ec4323e54927b1db70c6579d9,2,0.9826289415359497
595045f5c2f0a2af3b68319dfc5843ea,6,0.9608230590820312
62ec2763f6e9d4582126bb9bdb2efba4,4,0.9526014924049377
e790d2b2b971a268f1e457d09eb94bfa,2,0.9823566675186157
416d0c328a9036abdbf9e2b1d5851e6a,14,0.8925854563713074
a222cdf02a1d55e111026f7c5881582d,5,0.9702786207199097
20d7c18065b3b8dae0d521ee0ccc3265,19,0.9159052968025208
49981cbccedab5730a96bb5f400a403a,14,0.8951100707054138
5373a6336478dc2b9dab500cf7007d13,2,0.9823456406593323
fd78cb58d4f3319eb49c7b2c88636439,20,0.9608181118965149
015cbcaa60857e4e4b78d7f5ba783176,2,0.982756495475769
a14c9b7bddb6d25f03e17217941cbbc3,3,0.9321720600128174
db174f31cddc8c04dac6a17d4f0d60a5,5,0.9704082608222961
780890ecafaa8b7ce2ae4ff580a0c513,7,0.9714236855506897
0958a1659af8272f07329ef677f853d2,10,0.971563458442688
0df40689b2e50e6c78be972560bf02db,0,0.9773449301719666
cff8d3c3fba94f27bc9a5d16914f9931,24,0.9533613324165344
5b5e37199cf0e0179da44a6aff5bdd93,5,0.970606803894043
66c19ae5954053d53b385e586dd5b552,26,0.9265286922454834
dfefa3a3ab368895d83ac89ccee9629c,2,0.9820482730865479
4e2a1d64d5cc8ae9ae17250d1a8f48aa,11,0.9609783887863159
7c66543d740ffed5c3ad27e0178960dd,2,0.9827105402946472
a7541977bb99fc446a19398743c8cf2a,2,0.982324481010437
ba20f31ff91a0ff2c4d47524120cd41a,20,0.9607811570167542
88c7ec782e516ce3d8abb9262431c4a9,0,0.9786329865455627
099061df19b665309b506b4f20454463,1,0.9558587670326233
0accfec5a548f6a2b8aa8474ab1d0e71,17,0.922471821308136
93e5e5dc32ceaec999057a5ac1e9c717,20,0.9607651829719543
360be579374821aa123ce961cd765327,19,0.8974459767341614
e3d74f0af03cf6e314c8cf53f79be9e8,3,0.9318770170211792
12e925ffb8abcd92769bb861046b0111,28,0.8697991371154785
36441c6fc8b68cd0828b2fa5e412e143,25,0.9148564338684082
6954a3cd03e34eecc634a8734475d2d9,14,0.8821799755096436
1104418c25da1cf880b837b39279c201,28,0.8922209739685059
e78ceb4c441892a98750647b319430cd,2,0.9818171262741089
62b128e909f3b7167999c309fdad8d5c,14,0.8496906161308289
b893520cce863b1b68ee3e08d9a53608,2,0.9828285574913025
33b221cfbda92690b59b8e824c98cfa4,18,0.9337710738182068
0d4c851ad623b10a5ff21a30c44c24e5,26,0.9269714951515198
03124968ccc64cd716fd3a7e884022a2,5,0.9701756238937378
cde66e8e799be805f3a0f8af9a398b51,35,0.9300499558448792
3b18c7e660f2aa6ba566650fae111555,30,0.902505099773407
61b7fcde47ca8de3122a08b339595126,9,0.9401678442955017
85245178a7806867dfb21f231fa5be08,17,0.93879634141922
96304d233d6aa2a3910cf5843cc3fb23,17,0.9395562410354614
1ae4b1648122633b30cee11b858796c0,1,0.9655616283416748
75a9c5e35c7d993d186255d80146cea1,1,0.9655534625053406
d1bd86e481c15eb3fff100c29426c8c4,2,0.9826577305793762
163ce7c83992e40c19ef242ba0b90800,2,0.9825682044029236
d73718355c3e4c4dd80fd0681473978a,10,0.9714075922966003
409e2d537c46c47af0fe8088b2b14ab2,0,0.9803690314292908
ddebbf9d4da7272f86f2480702bf962d,20,0.9604079127311707
5c473fef98e8759a686adad6af3edf46,0,0.9801633954048157
ce3414105f5c9934a8a2ca5ae6557c07,10,0.9713583588600159
bda07c57e27bf78a1e26368d076f2d3f,1,0.9236553907394409
56592ab3597590eb3c2b9a12e1c49442,18,0.9327932596206665
3f89217deaabc595382486b3ab2eaa6b,10,0.9714961647987366
eafa917e0c7552fd2cf3399954eefec1,19,0.7602993845939636
5b3ead05967766debc25b864fc6f72f8,17,0.9356948137283325
e8ce69b61aaa8e7398ed80d1e908ad5a,0,0.9787774085998535
761a288e78d89c044a5a38529f31b009,21,0.9342978000640869
a144fce2e04e8267a38e027b7bdf5554,1,0.9633320569992065
6040941d000fb523fbe3915d22a89536,21,0.9243078827857971
3f91b7bd1ab9c890686dbd1a17defde8,18,0.9303076267242432
9a73f837da1d93036a6d6723d1428899,16,0.9465977549552917
dd838d117e7c627853e9537d39c5d630,2,0.9824016690254211
4fcb79f98edeb1f36db5d9091a2258bb,5,0.9705924391746521
0321ed66c60379b4b0c7819a1b15b9bf,20,0.9607236981391907
22ea47e963a8c188cce93c09886d6ab7,33,0.8511946797370911
491d7b7baba553968ac26d5c1e7d9e7d,2,0.9826463460922241
91184422e0eaf3636a68cb9006d1c63c,10,0.9712702631950378
cc0393d021694a671bf6a937595fbc60,30,0.9022076725959778
f128fe63d1a5f159bd07653c48c1e92d,29,0.8937579989433289
5370816b46e632f325288f2d65fc20ad,5,0.9701813459396362
8d6dad3b8b4b82194d594a7f2e6d7a33,0,0.9788711071014404
c8f895f2c6c605d6dca9f0a60a096505,10,0.9712926745414734
43e2bd741c3b0eabfd18cda751a052af,2,0.9827157258987427
e8c7d8263928619310356c5395e5267a,1,0.9654169082641602
867aba75f15dd3416125c755a9df43ef,6,0.9602881669998169
95b94df4ab621509805e0684603f73d1,0,0.9788716435432434
07361bec6cc2fc0d43ac186db38760cc,29,0.8931818604469299
a4edbe02c66d4530635465cd6af16612,35,0.9267078042030334
f52fe9ae220d8f950f4a95ee410ca9b6,1,0.9654725790023804
f3152bdad070d33b67b3baa743425595,2,0.9827930927276611
4fe5f14c8550e6cd46e7bc1c0a1d3262,17,0.9288014769554138
5c97b3ec9fa095870bf4bf268abaa61d,13,0.9624845385551453
23d95938dde708e999d49823888eb798,0,0.9802718758583069
2eee4f85778b5f2926d9f5ecc2b883ad,34,0.9241448640823364
4079f77a6b212cbfa00cc8e15c3cd9b0,10,0.9714277386665344
1e447ca518675b612d02c67fa975482d,2,0.982523500919342
5a7032fab36045b8a5ed13ac5f7c56d8,8,0.9616868495941162
5a39a4b540b75a2f5044aa1f0a228686,23,0.9485445022583008
87a09161d783822c7e492d18c1546db3,5,0.9705513119697571
5a5794e03fcc848da2906ef34201fd73,17,0.9396454691886902
fa8ff299f6f0d0682c3cbf8e1c2d1456,0,0.9803671836853027
34c60b6c5c7f427d839b015c7f574f01,11,0.9612038731575012
0dd29eb431288d27818f5159b6c83261,10,0.9712562561035156
1b5cc388f0adc2e3083cd666bf18f179,15,0.9525500535964966
4345af9c0fa50e7fe054ac1d65636a42,18,0.9329138398170471
d7eebb3423b4614a617b5da944849bac,0,0.9803363680839539
5d1c6a65e2f68a5b54be6d3ee7cb7a49,7,0.9717179536819458
a6ea0bf7d660a0bb2312b8d69bb37ad5,21,0.9359807968139648
b624d29f616d0c2215c1a0152f9738dc,21,0.926794707775116
c67741b6295810bd78b61d38a46513f6,30,0.9045507311820984
cec991a601481fdb289a1998935993b1,3,0.9217312335968018
e23a13a248ed4f4ac04c451bd6975e4a,26,0.9269002676010132
378e9d42b70af85987130cae8ff83384,0,0.980529248714447
c7b5c5c8a83b93c6226a4b17e5a345a5,24,0.95332270860672
450f63eadc60ad01d462dcfa03e04299,2,0.9826462268829346
df801b54ad9d58b8899ff5772f5b624a,10,0.9714947938919067
e5d8ec5fccab53b82cc382f560252c00,33,0.8550821542739868
f0471b82161623b972dd22d4832faa0b,10,0.971560537815094
f3f6f1d411331cbc84aa46197b893125,4,0.9517497420310974
1ac7273482bbfabec178c14a009ce4f8,11,0.95516037940979
4f19b771981de6891b6b53b6de87aa91,8,0.9362796545028687
42b3c5de807b81c11bb777e2b4496235,2,0.982568621635437
10eef5d3dc851000b60ef4e17d597eeb,27,0.8112136721611023
ac0d9ea632447449dd3d9146dd018b25,2,0.9828429818153381
ebe463455f87c9d5ab23330d5c6fa806,2,0.9827956557273865
097147a7e502c18d16fd24c96d140c31,17,0.9397695064544678
852d1c98093931b38e28d43387eb68ef,13,0.9626537561416626
26f0ff25b85180760e770e87624539a8,4,0.9522682428359985
ccc45908bcdc32dbaaa9fbdda0da4274,0,0.9804895520210266
75840bf549cd1966df0a7f43f8ecd93d,21,0.9339964389801025
ba8ec92ef78c1014e906f89596b39a86,0,0.9804138541221619
d7ab85bdac439ca3161e296dc4958b58,0,0.9797890782356262
bec76e73b72fb241c703428fdb29a941,0,0.9796983003616333
1eb2e9d77a975f0a27b08c6067902f84,2,0.9799980521202087
19595657f698734d3a11595da5407c14,23,0.6212779879570007
0678fd73f0d9b8f3eb97fddf915f6489,0,0.9806988835334778
aba4ca2fec39ccfc360d959e9c6d4f4e,2,0.9827575087547302
47daec662ceea50867f1140bb33d599e,26,0.9258308410644531
9b6311d86ecc385822fe5748b1d85b8e,0,0.9800264835357666
27f47caf1f864b9d03d77f89cb07ba37,10,0.971418559551239
ff1dafe5c117644cf34070a627bb2826,11,0.9610556364059448
d6aa77a47eb0e566ddcca96076790429,10,0.9713267683982849
6654f1624094f08afa455011769a75c0,27,0.8835717439651489
be4b6ce34d2a25676e86483c359bb9ea,17,0.9326666593551636
c9e777b52a21cb1dd19ded7f4c642106,9,0.8977171778678894
c16874d34cd99830ad21d77ec51fa722,0,0.9805313944816589
4e755cf079e2c87c4d4f613b3619f45b,18,0.9337755441665649
f3a022c80908f2dc23168a108c006cc9,2,0.9818210005760193
e390eae63e09879aa481d6afdb5183b3,6,0.9603193998336792
da57463c3053f15aea50bb362d514844,25,0.9140569567680359
585bba7e86c11efd770d909574ab8e23,8,0.961602509021759
acca4073ed4e81873149d72403b9123e,5,0.9705671668052673
0dda39c3ea0550af062581caa4beb7d1,9,0.94047611951828
fa884d879350f470125889cb588d850f,24,0.9531381726264954
7e2ca86e0e2b2f3b592547187a92c2c6,3,0.4898202121257782
a4c03d7d9a643d2187fc9f0a804437fb,0,0.9807062149047852
b3aa6680c3c6b53f3cf4fb6bfdae1508,0,0.9803805947303772
e22c60f23af4e293c6c9f698ef9e1456,4,0.9523323178291321
161742b986179a54bdc42624c688a82e,10,0.4983295798301697
e8e3d12591087d78be74d2eafee494e6,0,0.9803480505943298
025257baa207809523c695d64a6e38e7,5,0.9702256917953491
5d885ed6364e09d5e76ef70de5236675,2,0.8990195989608765
328af3447b4962056d76dccac4089a0f,3,0.9321625232696533
b216c22771b0c7d6440d2e5b89a0ce09,5,0.3220483958721161
84e368511346aaf54dec0b3436cef66e,2,0.9824514985084534
579fdd05ee41e59821ed9738614c6cf4,9,0.9400156140327454
3d2202d9e6aedc3b0cd80c55443b36f1,1,0.9654503464698792
d683c2b652aa66857867ca729f7b312d,17,0.9354149699211121
0520194bab16a4dd45b4f91adaf9b827,17,0.938521146774292
46c95b2096660e7869fb2b12f18cafc7,10,0.9713745713233948
fb562af7c6aa41a8a2a21a18c37760f6,31,0.8746955990791321
f70b451d991a7a9a68e85d90446e75f5,10,0.971476674079895
d3c8b5cfd2dbdc2babac2d90602b35b7,2,0.9822750091552734
2a595a8994d1961ae512122558b45d0c,24,0.9523007869720459
0a145d1dbdc5c901ed5f6b09702ded2e,10,0.9713051319122314
e6e4ea20eb0619e012f66cac9150f169,2,0.9827940464019775
47120fb403252dd9de20d18ef772d8c4,16,0.9427228569984436
45acda29aca8156462208f14c35cc4fa,24,0.9528781175613403
88e6a7652b07ce23ba8510661a88332a,7,0.9714066982269287
5f4083e7f546c5dd09515fec24383faa,11,0.9539960026741028
991a6a9a490cc8c3fd35e852f99d9383,0,0.9807605743408203
aefb6e1fed5edb535a02f4d74432fdf0,10,0.9713104367256165
e90fd0765af9fce43b333a5fe813ab51,8,0.961582362651825
97f308992344def2e5b66753129cb23c,11,0.7858167290687561
ce6464c726260e1224d62af7a7abbda9,20,0.9605958461761475
df8bea26fd94e4400d27f3d7e9f8f126,2,0.9824037551879883
75fd3d8a62f2ba4252029a6876eedc7f,7,0.9717795252799988
08bed680db3be9e5377e8e3f07f7e690,2,0.9823916554450989
c7c2535ab417ca63b82db78f9831d639,20,0.9605872631072998
5b26fc17636c8cfc10863f81c3b2d979,8,0.9615979194641113
75f4bd79027f16d48a8240507dce2f3e,17,0.9395340085029602
6464f703bbf45cd92c87f3d12e531281,20,0.9598172307014465
ec37c55d737f8c3915d48b15205e5d2f,2,0.9822109341621399
08ceedd80ea25467211e5fa3ba9bdd80,2,0.9811122417449951
069094191dafdf1b25040ac5a57aa6cd,20,0.9608490467071533
be7a543d9e0ab29f1ba57df1505be50e,11,0.9608412384986877
e4a1d51d2b4bbd5f97769eef15b66eb9,2,0.9794054627418518
74e6ad568e8e64927e42842414eae233,7,0.971490204334259
8755d2e1894305d1bc5d283e500fc5a9,30,0.37525051832199097
39d90f7bf5406da6c64c15d9447be212,1,0.9653468132019043
f23fd3280e5639fde8811c6915c4d21b,6,0.9605440497398376
2d0086342b72e0ce73c897e626ac9af1,6,0.9585157632827759
ef2a8152f20cda9eb514b03bb69e9ac2,11,0.9612855911254883
5c1224ecb748058ca4b0343c3dedb740,10,0.971442699432373
61f1013776c28fe60368eb664e1064f5,13,0.9538402557373047
5e2bb849425935c512dab3654a9f0ae8,2,0.7539030909538269
53c46a3dcbd57b4f21e0305faaffd14f,5,0.9703952670097351
413b0989a0c1c664a63e7f6303900ff8,21,0.9205411672592163
94de9e293e22b3f10148ad0c0453e961,20,0.9607811570167542
eab1004492ec11000cc804a1f008b8fe,6,0.9600661993026733
b1b6336f3c68ccd081a30dad646d76aa,20,0.9607158899307251
6f522ed87861b96b50a5a343ee479c94,5,0.9686295390129089
f234ff36a41479850679862b990a78be,2,0.9826596975326538
c99ec3c83cdec307d63e22edac116264,10,0.9708830118179321
3ca827a0000d5079a0e56f60f4dd5dd0,8,0.9616397023200989
b20215e6090693a371839d6fe94fc422,1,0.9340204000473022
648b7a75eef9f42fd5e72456b48f47e7,4,0.9527562260627747
b51724d780ab1f7fdf3554e6d592bcfa,1,0.9650881290435791
5393fee7be8aed864074fa39f231e059,9,0.9381394982337952
32e6292b5fd14a1793b9fb7af3ec5223,2,0.9801009893417358
84aa52e214c0fced8a48d0403329580f,18,0.9326369762420654
a624b16bcacabb1948434935f4850e3e,11,0.9609596729278564
6742490320e088a725fd31c1b3239656,23,0.9525418281555176
67a008710771bbc8061e35d81e161269,10,0.9714096188545227
2ef066c2d774a3aa0d081fed449e4f0c,6,0.8561661243438721
9d34833043e82fd0db23394f17f0a8d3,0,0.9803126454353333
0f94588061defa9641b5863ba084f3da,10,0.9714439511299133
276a2caf35e3a34b91a63fa076d015e6,10,0.971358597278595
2e129e5ddef5bc651e8132671e2c90de,2,0.6335413455963135
e788956dec6e9f57d1c0a8eab86583c3,24,0.9534977078437805
5b2deef071ab75eb92974a7694567e9e,2,0.9826964139938354
293c8ef765b7ee00a16aa615c2210474,0,0.9805299043655396
2611584f808ff71caaf08655f6d7ceb8,23,0.95258629322052
ed80ded1568037cac5925973cd65ba8f,11,0.9604862332344055
6908b462a09f28ceeb31887ca4e2cfea,0,0.9782253503799438
81fdb08beef00c31f3a0e1336c28190b,10,0.9638563990592957
eb810fe1496449b5d0038c17a5f78769,7,0.971673309803009
ab6181a247107c2a5c6cbe1ca2d9b645,0,0.9806404113769531
1bf706020d3077ba281487a6da9c9e75,8,0.961500346660614
c847f0286680fc08c5666f571c69c9bc,2,0.9827247262001038
6d555bea9426d5e96b0e5f661893f999,26,0.9265134334564209
d561c5d699ef279750cff705e6238168,2,0.8680409789085388
a0ee014384e4dc522cd6a695ab951e55,6,0.9587976336479187
e551c684c0c4231546f3e78e3f2448d3,2,0.9782524704933167
146c2f6494129fde3c8e82bd753dd860,20,0.9596844911575317
a53969c24dcceb959cd91babff03fdda,24,0.9532692432403564
b086e4799c4e6a27eddbb57bc0029424,2,0.9826168417930603
cc9101725d1c3421c103d1078c250669,2,0.9825603365898132
393727d12b6fedcc7888855927a9b86a,6,0.9578428864479065
5acc5ef18223b4012c8406c199350a51,3,0.9328761696815491
2b4d3460268b5dfb5d59922b1fcdb055,27,0.8902990818023682
92cdbec186700c80770b6d44625d7c32,21,0.9035118818283081
86e35f73f6877cbd720768bd46715a0f,21,0.9352973699569702
8d92eb8c5097fd6f86273b90a197d871,2,0.9828127026557922
f78b284b51bbad368369e68e2cbf0afa,0,0.9805965423583984
8ee97ee068baaff32231d6f0b83fc8ab,2,0.9824520349502563
d317ef91f297d681fb17622886486821,25,0.9136942625045776
875b6a1c06c6c1f55b07599f47c3f2b6,8,0.9616422057151794
786b95525d875e4819f3b1ad47aab2fe,26,0.9247391819953918
024ce35b1cf0e8516b2930ab4d51fa79,20,0.9603869915008545
398c016accde3b26614a931dbfb8e3aa,10,0.9714529514312744
485fe1db4be36884d311d9245ffbbf92,10,0.9715203642845154
1b394cbf74d1f806ac6f897455ea61ff,2,0.9824470281600952
2e2e7b2b04efbf6cabb0e0d9d9e183b9,20,0.9492564797401428
0fc9993131b18f6c28222440d945170c,8,0.961584210395813
dc12a3ef67f6c198768c39192423bf2f,11,0.9610863924026489
de80499f0caa31448d14eb7d4385b826,2,0.9828404188156128
de5e6507953f8bd28e96aa142cc1e5a9,26,0.9237679839134216
c3ddec2065f974b18d064b82e545046e,16,0.947320282459259
bdbd37564c37f8f728859737700b420f,5,0.9703407883644104
0d629071c392f6794a8eb9e114c4e9be,7,0.9716028571128845
a78339101619ad3fc2152da3114aabac,9,0.9380308389663696
5d7669ce4e9229c997e8d89d4644cc6f,4,0.8906179666519165
3b6b6eeb3cb4b5bcfcf3cfe02f459eb9,15,0.9527521133422852
7924b5c3349b869759986e7b27cb7913,11,0.9501813650131226
140a2d0a6ae4f7cd30f7fdd3aa95dcc0,2,0.9827603101730347
349e3c4fa73b7e9c32615d345d24e1cd,11,0.9611436724662781
91ad1d4d33bbba23e636143eae0acf4c,5,0.9629224538803101
e3e65b810c41451521dc61bdd9818b6d,24,0.9537185430526733
b7dc9b09eabb0d46e7e599d5fb8904c9,15,0.9528350234031677
82a7fb02e2d62de91e995bd798f5addc,8,0.9617246985435486
332f4300e404c24981d89c6232786cc0,10,0.971294105052948
b6b4d1e3ea6c5dcabd476e12fed3be4f,0,0.9803943634033203
9e4b4187275e7ae7c86a610a950bc611,12,0.9211919903755188
81096b81137c71aa14fe2533a8bb8204,0,0.9804896712303162
559cfacaeb0629e9d277a97217b09f0e,11,0.9610834121704102
ce6e55f106123545b5e2bffa64979833,11,0.9607928991317749
488878eba865378aee59914abda28b66,11,0.9568197131156921
a9ff6b0ed0d5dd37b47d178857a6665a,13,0.9622280597686768
5db3e1898ef8abdc6dc349a80389fb8c,2,0.9820599555969238
4820c6ad8fb82779d93817c76b9a3f25,2,0.9810376763343811
2df00b880de5c2a011611155418ce6fb,0,0.9776965379714966
2076981ec0ff531b8088a925812d4f2e,18,0.9339468479156494
3929109895553cd553bc3c61876d29bf,0,0.9807449579238892
01840969ba7ee4bd8fba9ba27ff447a5,24,0.9475569725036621
c7af4fca00f870c25c734a97e11305bb,10,0.9678561687469482
961cd0b057b9af9ad2f1387dc9050267,15,0.9532791972160339
dba09bff48866e6cebe1195f4544464c,1,0.9655903577804565
e4458fa4e5211ea86832360bb19c3030,25,0.9129835367202759
f2c2d59c8d13ef79bcb0c45b86b2fed1,4,0.9524756073951721
aefc2adda050dabaa40397b8c6d5b58f,4,0.9099193811416626
89ee7c029c112f5fa4ae1fb8e566243e,6,0.9597572088241577
836cf46bd47dc375c090d40aee0e7075,1,0.9628880023956299
8de2d146ba5869db1d84a17cf40b8c7c,2,0.9815130233764648
03b56624e6096dc2f42a9649f2b8cf5c,2,0.9803377389907837
93805712d5bae72f1bc9a5c1365984cd,17,0.9389475584030151
ce11844e1585102fb2175cac4fefe0c0,1,0.9653192758560181
8e5ca3c256639ae8d7fec296150a478f,5,0.9702932238578796
cab321aded3299d8568081cce7fc9f5b,16,0.9463895559310913
3826aeccacc2b6204081b03fe6e2e3b7,10,0.9713846445083618
ec394bf4e0e2691352e5b63384bd878d,29,0.8913846611976624
d1c419a2c5a1b9a423c439a35f0a766b,2,0.9103034138679504
d6fa22773192f85f9cbfeee2ce5f386c,2,0.9824152588844299
401fa797be6c19289786e97069718c10,20,0.9609310626983643
6a1756c16982bc1f767596ce2e1e08ea,0,0.980087161064148
438c9e77f85dc46e407963cf31e51d81,4,0.9315423965454102
eb35cfbd8c1fc059e32242c36920c399,10,0.9712236523628235
c4050c41dd18742463b066201cd0f70b,2,0.6752234101295471
ba3ca431aecf572e6a750d3a5d850bfb,21,0.9352062344551086
4bfa9762db5daae2d0f015851eedf3ef,10,0.9709362983703613
c9fd0b3b40017233d9cc4203d03b7aae,2,0.9825831651687622
5fc2cba0fb17167ee69875a6ae456b05,7,0.9709356427192688
f4bf6a232fc6d877fa34d20cd93352fe,10,0.9711522459983826
bf75562bb1d27130b1470ad75fbb04e2,5,0.9547677040100098
0a97b91fc8ccca7be55512a29635fd2e,29,0.89286208152771
21a938838d138ffa789f85228b442260,20,0.9576863050460815
ef6bea2010b89b69abc19332e225d237,5,0.9705519676208496
4c7ed65497c59e9c25a8e8510ce4ef1d,13,0.9612011313438416
e2093af0c8026d7000b38801d6ac6472,0,0.9806546568870544
a90571931ee32ef2acb169f376cee7b0,8,0.9616497159004211
83ef5e72b335a4e5dd2a280c7c1beacb,10,0.970361590385437
b54fa3774f2f9c168d67bdedd3a09fc7,1,0.9651609063148499
1f69fee54136f753d0c40c89d10c8d53,3,0.9276776909828186
b2472e188b96e9e41f4e691b33553e33,0,0.9790260791778564
8ed92bba90069c3c484dcc3f4b19c901,28,0.3412405550479889
90551f9f121beb457cc3eda7263d2428,5,0.9705172777175903
53e618fd0c16bbf2c7c125d787422e1a,0,0.980457603931427
a799b5b05bc2baf81b35ced3db984a57,11,0.9613212943077087
ece9668d0e267b6d323ce30a4a02e6c8,10,0.9686852693557739
4feb8e776330630819e7eaa0313ed1fe,11,0.9509230852127075
2ff34903e03ebf96164328ce92556e1d,0,0.9804329872131348
f50affae401c24fee94adf724bc93a2d,1,0.965548038482666
3e982fde4f3c0549d97bd608d4e23fa3,8,0.96080482006073
04f40e29dbbfa4bb39491c15c2b1ee54,5,0.9705506563186646
b8b8f9e8101a1dd56a79327d5ddc527c,2,0.9827908277511597
8ad6da57e3c77924d61f97e36b488b88,10,0.9712127447128296
995e82015722a3c7c34583804f0284b9,2,0.9823281764984131
3cac6d34ca10930ffaa3909722a9657d,10,0.9714049100875854
33737596bfd9d88a853daaa788164ced,7,0.9718443751335144
f63fbbbebbe99d36bb18c9c4d4127ee4,10,0.9714120030403137
cb96b6920305bcd79a9a2d071ffc9892,12,0.9227675795555115
2391a97b76385def8fb4940f389cd882,17,0.926274299621582
39b1320f7aea87d79b61eff0b20e5057,6,0.9601622223854065
dd15a7be0b1705775b75cdda2f579ec5,0,0.9806129336357117
9a093deedc598b5095661cc051bd0afa,10,0.9711695313453674
267d0717414b98f75d0274c0e29f56c4,1,0.9653469324111938
e8197820e7791ee00dfadb5d9f98819a,1,0.9652578234672546
f6c8b6af637948a6ba15efd0248809ff,20,0.9607560634613037
fcd737d1ff96a58cf6dae5146c27f20f,25,0.9148786067962646
e9fe6e36e4d6965e17672c330c460638,4,0.943880021572113
d48d4bfcfd9f70ee2aadb33eb5b2ebbc,18,0.9333049058914185
52c1752d73d762a7ca82d578c456029d,2,0.9794611930847168
727297433004510537976cde7bd03135,17,0.9393749237060547
4e30e1ed84d43f5862bfb2ed5be78eb2,2,0.9820709228515625
da9b61753b42c3842c6a81ca3209fd51,4,0.9519882202148438
c30869726740e5f25bfe7f30bd75d092,8,0.961557149887085
d63c594d0e70696c8a509617ba07db85,27,0.8872581720352173
90a11993849064d521fe20e935cfd442,5,0.9700613021850586
770d9b93e4be0c9da59c0ed58505c928,2,0.9822424650192261
fe67bd38b34e58b87f73713eb12f990c,20,0.960857093334198
226f73a18ea8c98f39f9383a6ee0f3c9,10,0.9710809588432312
3b9088c87b39c5c94c21b12d3bfe7a34,29,0.8939048647880554
6cbe71e8bcf997f73da21f47c54d1406,0,0.9804861545562744
c372910bf6cc9432468969c5df44f48d,28,0.8942179083824158
1d92c7b27c6d667983fc73bfd490600b,14,0.6629241704940796
451e1e947e00e2f019a6a9f3e806d706,0,0.9805634021759033
0668f891d55530e792bab029e5650c03,23,0.9520105719566345
83885e908a30253903fe9c98f32f45cd,21,0.9209654927253723
68657a153c6833a70624b0ad5ada0464,26,0.9268019795417786
c7363285fd1ed2ac80d2293b5ea370e6,1,0.9588974118232727
47996e8c99fee79077bca1f38094f115,27,0.8611431121826172
19a134609ec5ed87ee9df49fd5914a01,2,0.9826251268386841
2085e5d13551a754c58b6d2aa3aeac28,11,0.9603539109230042
05e890fd6f789e0e30959e8024e93175,0,0.9806566834449768
866da9f36a058aaea0a7ad9fbb68eff9,14,0.7261902689933777
98df9aa9b1373a9f1508ab247aa12d53,1,0.960336446762085
659c6b9214f6376f44b01e7dbc5e5d4b,2,0.9826953411102295
5b6a6bbc5c88caae07003db3682eaa40,11,0.9587985277175903
350ee2ee4039bcb222f3efbde343b08a,7,0.971866250038147
8ab92e76b894c17a10e0df7b7f5949a7,0,0.5258930325508118
4f5583aa5ac104433eb712865fc4b2c8,6,0.9606561660766602
7c22aa5284bc11b032212bb7cf5f2483,13,0.9617903828620911
59435eb6d54373e55d9640e4eaf874e3,3,0.9304659962654114
ddf5693e29117275164e9f92d4e55f72,2,0.9121025204658508
f48d10d0873c49a7124e95f4dde4d95d,3,0.9322937726974487
bc32abd825c09b815394ac1829620ed4,6,0.9585193991661072
4c9bdfc1ecfb711659516c9d9b001b4c,0,0.9803609848022461
3be9c067eee5a34af1d8d2878fb1e911,2,0.9827700853347778
94a450e6ecb87e9d77870f61dc79da0d,1,0.9611533284187317
2921c521d27a2f98a095f48c40ebb7e3,11,0.9594879150390625
46acd603a2ba95e3c29232887517aea9,0,0.980351984500885
7d767437a39a52a6143c89a860f9b619,16,0.9464991688728333
7cf15d64500bfc7a9ed803fb7f0e6d50,10,0.9713566899299622
54084d2e3f5cd46e1f37e53505edd8e7,10,0.9714012145996094
aaf0980b35c42d64a202158d2635433c,2,0.9826055765151978
d4cb3f011c76c436663e5531d83ff80b,10,0.9715191125869751
06c0aba323a23ee0c5975c90267133cf,2,0.982439398765564
68e65477909c7d7b10147faf58e75316,8,0.9557665586471558
ca53d80ad96dbc2017ca58a133ee7f9c,20,0.9598530530929565
d85769410ea9cc0ce41382c74e3c0050,2,0.9801357984542847
37c8b1798a7ae11e6ae75fa5b4b05726,20,0.9554091691970825
650a4b018df1abb97a1d3daf15051a06,18,0.9316951036453247
fdc02ddf8c8ecc927126844f4f470e35,34,0.9258872866630554
9234a90bf9d1e586b3f925211456feb0,4,0.9521121382713318
e7a8edc6226e608bc80d059fdba460b6,10,0.9714891910552979
e63ab1f7eab04445295e01fd7a07aea1,7,0.9718125462532043
923a7b4a0f9b6ddbfcbd20b75e66849d,25,0.9137688279151917
bae2670a1f12dadcb99195e051633e0e,12,0.9218680262565613
6c37904b871e0f23f95840d29d722547,16,0.946911633014679
e85a68247ff2b5653eef6420b0794995,5,0.9674199819564819
9ff72f23926303bbe6a375f21cb0b3b3,7,0.9701938033103943
e7bd589b764448b3b7791fbaec46dab9,1,0.5950724482536316
9d37a77cad587afbb049e15b3b09bcfd,21,0.9336661100387573
5a4416f3761df88288db7bf5e6ac3dd4,5,0.9705506563186646
4d5fa2a959bdadd8ce39644cbad3afaf,13,0.962385892868042
5ffc3011801dfaef0f0797d348975d5a,10,0.9713487029075623
3b648f386c991448b4f7f567b0352c11,6,0.9568668603897095
8ae279aaf912d41a1610743c3be8ea53,2,0.9766904711723328
b210ccb569434bad03674669dcc110ee,0,0.9804742336273193
b873da17447ba6803336a38f1ce843c0,2,0.9823797941207886
2e818c9321e4be58b7c19bf7fbe8b7d4,8,0.9616068601608276
c1efb6d01be915496b2717e2bb54fcec,10,0.969074547290802
abe01c4977509896bbfe24e757418e58,24,0.9532686471939087
5765f23f6872519391e1a117302acf45,7,0.9712172150611877
0d8b181a611cf513bb6b3ee7b1c54517,2,0.9751478433609009
5e2cb4129a2c0df8d60ebb125f49443c,2,0.9824245572090149
0b8cf84e0596b649a990ce7ed88bf6e9,0,0.9804332852363586
23998306f9e946031f936351e1476d64,32,0.8711062669754028
8deb04a5d028bc0ebebb9bd93fc47210,6,0.960827112197876
87ed5f1606d5f63000af65ecf8f36dba,29,0.8913459181785583
d67afe041d0aa4106afb5d2a4a412f66,3,0.30266642570495605
5542fce5625ba419dd598184ed7864d9,25,0.912979006767273
cf0e3e0e1b801592c1dc42354607766f,8,0.9616241455078125
96781dcbd305027b8cd64912da49fc27,2,0.9822079539299011
0169724adb457d19631df79614fc02af,2,0.9772780537605286
f2fdb3a12e08da271ab930d41324fb91,26,0.9270651340484619
28145874d31b23bac7e7ec4c8ee62923,14,0.3131369948387146
d141079469245eff094ceb364e07116e,0,0.9786388874053955
69f6dbf4cecb69e03401396a711381db,2,0.9828096628189087
ccf0d8b7e844539f341d01d2725c4a0d,4,0.8658837080001831
34af3c22726d55e43b6277059754e50d,34,0.9270147085189819
ef54a622f66bdcc74f4c88e8d4242813,0,0.9802801012992859
8cf8f3d44dbafca3554a64907e816633,11,0.9606746435165405
8b037aa73df839e0a21d30992a088ab8,14,0.8498256802558899
6ccb819dd7dc6f5baf309aa666ad0569,18,0.9341539144515991
f9f636a12e4f011f38032cea3657afb8,2,0.5432034730911255
a4dd0fa4c58c405f2ac7919d532a107c,18,0.9335348606109619
61fba21ed0093f879ce081f64c95bfbb,2,0.9827224016189575
6d4ed5073905d68ce7e04d66bdbc958c,34,0.9209062457084656
848a820dd84e6c4c7e3670b25151dde1,7,0.9717950820922852
bc21753506ee1276ca3aacc7ff231e61,2,0.9827280640602112
198566a9b8b30c8249da84f46d9a09a1,18,0.9336273074150085
09347199e0692fd1e6cb378be8bf9075,2,0.9826329946517944
d0a3aba32195a76b9fed5694c656a075,16,0.9467962384223938
b0649ba1a7bdda21785bb9b36a96d372,8,0.961682140827179
84e8c8583245a248a48b3023e15680d4,8,0.9568932056427002
61348c4d2b3e402c7609fbc710c33c70,1,0.9643603563308716
be6e59d9d04756e15320f67acac75933,16,0.840909481048584
ac528a85551fafa988f784cb447ff27c,2,0.9807244539260864
f0f840715394d9dcc66e8c3dece30f8e,13,0.7919556498527527
ce8e5f403686b7b60b9d417ef26a84f2,10,0.9699308276176453
a0a9bd96e10cb38162cce2fad5d9e229,0,0.9798190593719482
13351441e469ac7ba25944d07f19f37c,10,0.9714862704277039
2041a1903a5aaaae2cfe36c42c2e7288,11,0.9612215161323547
1094ec5614a22d1559c9c77005ac162e,5,0.97048419713974
43e0edf4fdca1cb6c89f87f1cde71cfa,0,0.9806509613990784
5684783a9c7ff50ab8ca17ff8285a8ee,5,0.9681856036186218
a96e785c5209032d617aeb071fc79e4d,17,0.9397761225700378
2ff74df316d7538c1974cef2a96c0e5a,2,0.9828320145606995
996c59fb095e62441c32f4eec351144e,30,0.9047204852104187
94d675b6b19bfff412aa36e8091d1a83,14,0.8238284587860107
8bf9f340d8279b1d2ee929ceb812047e,21,0.9356926083564758
83e008f23051a9fafd4a461471ffebd7,26,0.7978252172470093
07d699f451cbe6c9e58db6d147c817f6,11,0.9603700041770935
bf49fe341a65591ac89dfcdcda3bb6c2,0,0.9764813780784607
5a208cfedbc3e86db0cee503731d1b2b,11,0.9602553248405457
4c864cea5f398b2ae65cc4c91e47c078,2,0.9824568033218384
8929e9f02e1b5d439c08b3adc5c01d39,8,0.9615574479103088
9968d87d53a7e6952578a44a158bfe67,12,0.8157135248184204
e027d09eb85b8a907f5f8533fe881d50,0,0.9804670214653015
bf833eb1169cdd200c09b0b13c681d88,0,0.9807065725326538
76578f41992f9e330387cd2c810197ac,1,0.9651598930358887
a7d442d0a58d7636ebdc6616de1e3122,2,0.9818651080131531
efedff70fd3dec3988001aa9400df5de,10,0.9712632298469543
e18e8becfe4a645b388a03c71cae9d60,18,0.9338943362236023
2a60d4cc59dc29cb3805c9bfcd9471c1,6,0.9595326781272888
f81d992a69c14198abfa712e8b928520,33,0.7930606007575989
4d370741a474e5e8eb319c09b47bae9e,2,0.9798902273178101
00eaa1c9a50af8a1aac40de2353f9580,2,0.9826145768165588
86055f810a06e7f83ded8e0fdf557aa1,1,0.9654746055603027
9de0dadd93be53c3d86f71308776a236,25,0.9152835011482239
4ba5c4e0de2114f94a0604c4a00c81e4,2,0.9823922514915466
41b3be0dde8de57ad534bdd3d5cef726,11,0.9610196352005005
491a3730e32112adff9a4bb15d673576,3,0.9327924251556396
19b9208222b860bee6ae03e800fac199,2,0.9797977209091187
54fda91dc619d45347a7bc2c0bccaf55,25,0.9147859215736389
6bba61af81d32240dc25083f5409e607,21,0.9355050921440125
9d6f567cb33c9e1f0dc801d5100aa029,2,0.9823355078697205
0c59e65650e75c9a25caff6520c1e108,30,0.8983133435249329
df1bdf00213323ed7fab111d38220cd0,13,0.8922895789146423
cffefb1e60d4972d52bdeb38600e612d,2,0.982082724571228
adc3b5f31d90a183a9782186b204416e,10,0.7298052906990051
863ff024aff9fcf0cead28878b6a5d93,10,0.9715035557746887
d752c786a03affbecc3c53020a062ae2,6,0.9539487957954407
0b83d0fbc053d8f94216782c5530f1ab,18,0.9338809251785278
00274cf8de7eb23fef123a808eb6a7ec,5,0.9706393480300903
70fc2fe130e03746251336a8b4b092e2,2,0.9815236926078796
87ae0b7e782672f59155950f8ef8a804,34,0.9240533709526062
9e92b7345795fcdd07ec2481ac01a917,0,0.9807553887367249
7a0c329ca035c026ef9d5433467e5086,23,0.9527108073234558
8fc5b7e80f31ebbb997299b6f19f15b9,11,0.9609155058860779
cb9b3ecd7d8ef5c7d443196012b7c9db,20,0.9608067870140076
b200d1bb7e5a33d5177a4e2933637397,6,0.9593125581741333
994cf9f56c4dfb769f1ad3ed2a283afb,2,0.9820305705070496
86341f2bbf2461d0b4dbced3e96f8a1e,0,0.9803028106689453
99597a86afe401bf4b4194032e913d77,8,0.9616205096244812
f50775ea4a1f02b4ce485edec4625d66,2,0.9811403751373291
e177d663bc2a0fc73ca6e6ddfc431a4e,0,0.9806798696517944
b40b98f196fa94816f8e58c105431ae1,20,0.9608449935913086
914e312d0d2e608a94ef2c55f2404d02,1,0.9654485583305359
708d251ade7662572356734c8237a755,31,0.8760353326797485
b2cfe7036ba5286305e227a9cbbacd49,2,0.9820461869239807
895e5da595f5228f473268492981b482,6,0.9601655006408691
dc882536701aaea9a4d59f209e846c40,31,0.8758328557014465
64183c0286f9a6629f93caca4e50f9de,23,0.9525555372238159
59e2d78d5f84616d97eb6c2ce14be99d,2,0.9819899797439575
2de1c64403530ba156eb50a8b17a8c1e,20,0.9604805707931519
262f09eb2d8e2c211b175afb4438ee64,13,0.9625837206840515
e9877cf3ab1228acb3902d23237f8492,2,0.9825736880302429
94905f078e4be9f23d46720b5e275ec3,10,0.9714803099632263
5916eb7ee11db15965e682eeefa3abd0,11,0.9606923460960388
6f6e76805492c3a74e9721b8a2b6b303,2,0.9821349382400513
9b0717260d655731c30ddceaa22d4868,20,0.9605153799057007
0062789b77e2a48090f0483434330246,13,0.9619514346122742
dcdc678c75763d48b314d8f6936d9ed9,13,0.9622288346290588
d5303586a1c77ed857f143e3e36db34d,7,0.9716425538063049
d061033bbdb45e81dc0faa038f6ce0c2,0,0.9782137274742126
e1c77b4e465b787aa584c97c8f79a3e4,2,0.9544817805290222
f57a9f0078ac57aae87083fc7f87c300,0,0.9756016135215759
a6b82082b713b76d34db7248ec117107,2,0.9825565218925476
1774f71615cfa07fdbc180a6ede003f0,15,0.9526923894882202
155c3c667b8061002d07f18050ebf9fa,10,0.9698677062988281
59707ccb21c4f85f0130463db0feb679,3,0.9329789876937866
e109e346b7f00c0a568637569d6e444d,2,0.9821611642837524
9504441e1342c6b117169f72fab929e2,2,0.9826290607452393
388823b7c3ad3443bbf4ebd59928c9da,8,0.9616979956626892
39bea0db1bdcc90993c606587b864dbb,7,0.9715737700462341
62a3d202b902b87f0e96333fe5c58bf2,2,0.9808058738708496
06907f6e485e23ae5b446a396cb2e1aa,0,0.9797660708427429
ed17f280d27f49274def6cd2387f2fec,22,0.8998303413391113
1fcc344e53334460eaa68920937f3621,2,0.9820334315299988
0ad121ec0ec2f08563624db4e753d527,31,0.8735772967338562
668f0f4e08363b917a12d675211ffba6,6,0.9596705436706543
f1bf7d33b027639fe3131fade5a1a14d,24,0.9535620212554932
658fbddbae68063116275cd26ecf6cdf,20,0.9606362581253052
1a12e2b0e72090b664fbe82ae53d10b7,2,0.9827538728713989
279fa27c4925ed31b9d366d87db98ec9,5,0.9706472158432007
ab1ae049bf16f651d4671382edd0d73e,8,0.9609085917472839
f68fe7d7f5ba0b3ad018164d36f55e8b,1,0.9656638503074646
5973f221b7204a95c82dedd2958abb77,11,0.9608353972434998
46f59d1f6062ea23417c623e76608e9d,25,0.9151846170425415
dda0d5cd3f94f044122eaa85048927d4,2,0.9824108481407166
64fe71fa7b65c87323b5698b3cd634bf,4,0.9482771158218384
c29a0419102374e5955e6a7f723bf1a1,7,0.971785306930542
39a00a226e06cf38c042c7f6118c7ec7,2,0.9827439188957214
b38154c960202a66cf25383ea4e9b6a6,25,0.9129325151443481
fa125f7a37aa60379d5671a4a9de3f44,0,0.9806199073791504
2f22830a79fba0307ea961be8a439ff9,0,0.9801976680755615
5ea4f03421a11cee2226220463264df6,2,0.6515630483627319
49ec6d98aea7ff93dffb4096def7580a,11,0.9495663642883301
95a48e4a820031ed29e7e95042c7ef07,5,0.9703342914581299
2db9b5ad6f9b756211596437f00a8454,21,0.9330304265022278
9928a2b1c7a4491c1b019d29922a993f,10,0.9713578820228577
04fc0738f39a413b52c82923c1537d83,30,0.7759597897529602
5ceb5f7c1be988c89dcfd517b058fe7f,27,0.8877946138381958
c6c19a92ec162f4d8030d8b1f4d6b418,20,0.9599179625511169
791f5b707927ace2c4454c592d92aed3,2,0.9827159643173218
4d87b2b141956c94f86294dfdc16ce13,27,0.8852534890174866
68f0f5cbcbca251253bcf61fd8e6bb5b,2,0.9820578098297119
c3adb791c8a0c37ba9c724627debff64,0,0.9799550175666809
5cb55be5c0d97d84f86681f5a435173a,0,0.9805822968482971
3b8f85c4bf323fd090d327e82071e3de,11,0.9608321189880371
8450243f8156afd6056f4de39eca1e01,0,0.980705201625824
4a9deda8fc77058f8626a5a7b2959e1a,2,0.9811980128288269
c9187524cfad6822ef529ba8c15e5445,5,0.9700599312782288
8281759213c7bc30a6003f2cf1e21ae7,9,0.9403963088989258
694117c5525d830a6bff41187ff8b9ce,31,0.8773193359375
922b3fe2efd9a9a1af688daff320ef2d,22,0.8994632363319397
b01fe67e214c47cde50f475676432001,14,0.8925683498382568
b9eb59928a455ec5a69306c97b8ad336,11,0.9550057053565979
cf6db6cd858d43d86aeb063b4da542ea,29,0.8929735422134399
ef12ac0a1136a3d4144d0ac0aea20e38,30,0.9014485478401184
d76a9507fa7b43bab5d5e8a9c4e22084,17,0.939228892326355
3766ff96b0ba423ba0d6b47bfb52560b,2,0.9818528294563293
9639ca8ecff0d4a1b5d5aedd47166f56,0,0.9805954694747925
57241e78e6e91fb62924191edfdce101,18,0.9336338043212891
ab8c2ce274c247d32281637fe6d4e04a,1,0.9652926921844482
d6587df6940d0e68ed787547a435510a,13,0.957557737827301
6e18b52c087c257fe1697f9c9cc11b17,2,0.9805693626403809
ef2850fb76a748982df1d0d9bf7a24eb,2,0.9824855327606201
cc4dae31bdb5d0dfc121f0118cb1223d,0,0.975686252117157
b43344e92019059d2964390fdda36969,13,0.9297452569007874
c2ff52e2a4cdb99ddbcf35ab3096ecee,8,0.9615049958229065
6023be481b6e29f9a597c5c18d1cb201,5,0.9705489873886108
fb160e15d06f7e1397dfd741683f1891,26,0.9268639087677002
a336d33c74990949c6a407bd16ee03a0,1,0.9643232226371765
a59dba905e0f46a7617bd5c240b962d2,0,0.980478823184967
6891f68badb20e2f147db7986ee405b7,8,0.9609732031822205
1de6152801bdb08332d49cf49f1ef255,2,0.9823968410491943
2ebc8bab2ce4eec1eaade8291af29896,11,0.9606022238731384
51a82628d05874ed682a9f3ab35ed6c1,2,0.9811322093009949
07c3d5afa992ba9416894eadeac44683,6,0.9231590628623962
4939158250086bdd88786eb15eba1110,2,0.982364296913147
39b1c67b38d8ad38993cd9209c841e6f,8,0.9615672826766968
3f10d4c364972346ed1df1ff17b9c52d,17,0.9396449327468872
64d3d70cf77c1ee533571c54067cf8e3,2,0.9796438217163086
e2ff82f4b5e4689563ef6783555b51b4,0,0.9776493906974792
e8d9d9e0cb7774eb42243f8091681035,8,0.961601197719574
3119bea21f35ded1170e8bdc1352f2e8,5,0.36512237787246704
75b375c0a512aff1bd67e6ba1232e578,26,0.9259687066078186
71b3e8266f4ec8e3979b243db99c86f0,2,0.9825655221939087
85932074c0031a231db17e63a6077f79,24,0.9514674544334412
751b470c7e2889ce2ea49a26e81cc398,24,0.9531897306442261
f9d8e93e210bc43f57942ceb1641d617,5,0.9687135815620422
bd62ae2bbdc953564cf31d27cb76bcdb,6,0.9602888226509094
f91b4e42f1b32f5b72ede68227c5360b,2,0.9825314879417419
774bb074918994bc38a8c7091f0c944e,16,0.9467149972915649
e5992acaef24c72688c4114c8e4e2025,1,0.9645288586616516
ec0ed8a6dce9520407a0f5c445a2864b,25,0.8834563493728638
4eb6ff83aea7cfe3aa80cda3d3458c42,18,0.9284365177154541
2d600aba52f5ed7b2781c52bd87db9bd,1,0.9619161486625671
b55b7b8259ca684d673c27f25c6cfbb7,10,0.9693915843963623
2d26d8d969910f87fedacfb803d582c7,2,0.9804677963256836
715e0ee60e5b602e5f438fa6a4e976ec,11,0.9602726697921753
8760952f25f8706a8dd563f4f393101d,16,0.9459726214408875
c21b359a7d87de71e9b28c97b107c2e1,8,0.961217999458313
e6ee0b5df50e67fc39b247ff11041bf3,5,0.9704340100288391
e19cba9476e03f1f6899c75255f58aa1,2,0.9819039702415466
7be513bf95ba411b95e6d12bc17c5f21,11,0.9567782878875732
14e29358ef932b49e3e99f78df884766,21,0.9355536103248596
9f89d96e1c7efcc77a139244edb6f5bd,24,0.9531251788139343
371fe46b5d5f448f07f2717557a71338,10,0.9713571071624756
8cd0544616281a3cc3478aa64d9ba214,6,0.9603580832481384
3c8f3e7209d485b6b7f8245682cb0304,2,0.9812644720077515
47cca18f154b344512adc0fbb7eac572,10,0.9710195660591125
163eaadd362484d15894a0f18b8f65f9,11,0.9612946510314941
a17efb0fde85bcf43ae0aed28f020eaa,0,0.9798903465270996
a89cb31a41f863c3b510ed647d89bd3d,10,0.9714105725288391
d5ee8216f783fd06a1783501c5aec950,2,0.9826276898384094
83f6ee1b99af467abdbdfe27f3bf47dd,2,0.9825125932693481
42d5dd86c356fe845bcdfc42771c23d0,13,0.9607848525047302
9a145a115b1e6c5818ada25bf87dbbd8,11,0.6650332808494568
1cda587b3dab49a3c48a0732e7db2b2f,11,0.960820198059082
b45a04eeb2277842374726495cc8d198,5,0.9704946279525757
984beb708aec6f862b5060fe61aac049,2,0.9822707772254944
cc31a2e972398703059f84cc346f0f4a,0,0.9801499247550964
afcc22597c560a6a3a8cb2c962f6da1b,29,0.8932802081108093
39bc0e25501c173970de1d50f3138f72,29,0.8938336968421936
b4a23b834433e7d7ef9cfcf8e104d78c,1,0.9654021263122559
ef1672e5b3720b40840fb8dd0432e4b7,1,0.9655634760856628
c452a7b58bb1529b636c38ad06e9065e,20,0.960806131362915
1fe61e064668000eb19307ca7398e2b9,20,0.9606823325157166
2df0b3a9f7a0d17f0defce109a9f8510,0,0.9695903658866882
34d48a602e16b48fa2918a33169761cc,0,0.980440080165863
5e26d4b854c93fbe3546263e5af73adb,0,0.98060142993927
3755803390383e25f53510d39f9c6101,0,0.9796557426452637
df7345ddbbcd6d156f21794e87a10590,0,0.9804893732070923
5b46207cd22cbe138cffc76eca256bc3,2,0.982546865940094
04eed25b9b1963cb4d30f9f173d0ab57,21,0.450254887342453
cc06013dca0a34d1278cebcaca99989e,6,0.9597947597503662
e2846b45696bee01988f6430c4c54775,2,0.9821208119392395
c89675a9e97fb3a945a5a5fdd05dfd8a,11,0.9615021347999573
ee96d429c923a1ba19103c5bee884d1f,20,0.9607648253440857
816b30271d9ae6e415a4375036b432f0,15,0.9531933665275574
b8943c6b1285fc5c1dcfb073f55fb67d,7,0.971833348274231
271dd71f4ecbe66f67a9280c1913d906,11,0.960801362991333
68a4890e0659d49006e052a9c256e640,10,0.9713834524154663
1f0bf086906b67218b08df90ff36958d,5,0.9703409075737
491adf8e5e1de56265df8ab6d869a970,0,0.9804998636245728
74816cb6e12e3a15f49dc86bcea29578,13,0.9621315002441406
2322188ae30c637e1c2ce8a8d37c2f6d,18,0.9178529977798462
be6a02d51e6bcba37926fe2e0044980c,2,0.9826938509941101
a68cd7c09b244586c7370158dca11a46,18,0.9169310331344604
cc91cf482e50383cc9d5abb767470694,4,0.9510395526885986
33ef009e4237a8e9a9a14a1be1b2b5a1,11,0.9612993001937866
447c131e81d12bd751538b1fd3d3851b,2,0.9778347015380859
69bc906c7bedefcc1d08f4a0edd44cab,2,0.9606534838676453
3fb57ab941882bcf79b279401d9117b5,10,0.9714986085891724
8f1c52128451b45756235f9f9b22be78,3,0.9327121376991272
b232cfdc042a744a5f4d8f843624e978,11,0.9607592225074768
a328e0ae855e1047a5804551c307f5d7,10,0.9713897109031677
d6fb1ce687465e2faeab141a8d6e648f,7,0.9717530608177185
6cee32ace582054cf17e078eae180f1c,30,0.8979679346084595
228edfe420820973c95edce2e6a9debe,0,0.9088541865348816
d9660ecadc0faa8d3617830d093b7099,0,0.9672632813453674
49d430bde980c70a01936d9ec3ffbc72,4,0.94266277551651
28025ef41db8711986a54ca9a428a537,10,0.9595882296562195
284acff1b623aec2053220733b22c1c3,34,0.9262922406196594
8c68e31194707d6c6a0b8e846af67ef9,5,0.9701654314994812
f986fb6db175783d252394a236389538,2,0.9823975563049316
9fb2f969b118ff0adaf508e6e3bae9a6,7,0.9719263911247253
911ef127c4604206e49211651c91202c,5,0.970328152179718
212548a1dd5daa225c2e3fe6d78f5a3a,4,0.9387373924255371
1297a756e39004fed052ee95fff08cd4,1,0.9653351306915283
d37a7acee21a66eec89ef106176f375a,2,0.98136305809021
53827ec4b324ed527c77d989eeb3bacf,1,0.9652799367904663
a09c1446065ad12f8713b567c2f261e8,2,0.9827713370323181
d4ec07eeb58aca87fd5431702d5bb021,1,0.4874609410762787
5c4d113b5b2d7617002e41e1500fc7ab,8,0.9615566730499268
0784e2d3951431127f0b338b1eacd10c,10,0.9715086221694946
088ea12f5b4ecc9cceda403e220e766a,0,0.9803025722503662
3c066cd1052ab117f28fae9336dc81cc,17,0.9397416710853577
d96cf5fa90ee264973edf2092d01df64,8,0.9616860747337341
962fc000676076914fb11bba7fb5f3ff,2,0.9655721783638
5e5ccd8515768d2cf1fc3f38b0f00745,11,0.9610904455184937
54d716c622ffb7e98cae97309563bf15,2,0.9816193580627441
cf43cadfd8688ef34c83bedfd3a5c524,10,0.9712111353874207
14af6f6464505518b1cd2f1e7d4b501f,0,0.9804186224937439
7f52d7dffae5119536691f7137e5f2e7,18,0.9330539107322693
d823c6c726bef18ec7c5086e1c4b2b94,10,0.9715220332145691
362ffddc348d219f6affa304e66beabf,7,0.971194863319397
78eb3b12151623c18ebf9b29ab2f64ed,20,0.9597275257110596
f4893dd89305834dfac8b9626d28693b,11,0.9609276056289673
03f926e8f5b19ed74069eaaf0e350f48,6,0.9463644027709961
56bbd1b6ae95ae9667eb4993227b81d5,2,0.9349768757820129
9ef16fb52585e79de95c58dde169f624,0,0.895125150680542
46254ca05a151ba4b79430dbff556fc6,14,0.57135409116745
691fb91f19f6d4d14bb6f31deb259b7d,0,0.980647623538971
653c2b00013575171a825b7fb211e959,0,0.9806240200996399
995e06044b58aa560e4911e1ac3e26ba,10,0.6754058599472046
417c136972cd2b571d923f688c265181,33,0.8559494614601135
11cbc702dcd855310590ee69cd8e2a13,0,0.9722407460212708
b9926725677efacda2feb735240ba385,3,0.9143040776252747
05ee02e64888322af9e76bf990b55f92,2,0.9816275238990784
96979953b6208d1ef4c66243aa9f5384,5,0.9702965021133423
b147bcf62a6e366ad2ac8deb4d8c0035,2,0.9817699790000916
8781e86922cd6a79393a5d0b839493e5,11,0.9607164263725281
7e58f12758cdc3bb8e2e359b231351af,20,0.9605631828308105
04d3de92451881dc9aba8e937dce7a2b,2,0.9821406006813049
549a12c6113e1e674d218c468585a79d,8,0.9612966179847717
719cac18865048a4dc77f009ea56803a,10,0.970580518245697
6815ed58e5ef4d6d1a2566b15178ae88,1,0.9649953246116638
66a56da9e7e6e86a2a065bbf99d92003,2,0.9828154444694519
3567db2ba10bbe8700971f5950f0114d,8,0.2205251157283783
0bea79204b5f4b2d29c8652e3fc755b5,5,0.9703215956687927
36eb05368340f979d37156bf36efd6e6,0,0.9806739091873169
56c340e85ba38f75c72e8a087c114117,16,0.9474152326583862
982a8a33ed667b61223e3c713e6687e4,2,0.9796087145805359
66031dc7527e28fa31c1021377051d64,1,0.9651305675506592
aeae1812a2b0a9555fdea4478a6e98ca,5,0.9703042507171631
932de49363ae30d00b3a48e63368ea0a,1,0.9570848941802979
61691d85ae09a20e7dc4f65744702b47,10,0.9713603854179382
8beda07fde48361fa819d19675741d4d,6,0.9596846103668213
3bd98d09da851bbc80ab4c10f6afc2f7,2,0.9823402166366577
01a4e99c30c33a4b0c1ea5329872a26c,12,0.9114072918891907
762e92b5e0fe2ca197d91415d9c9fa28,6,0.9582242965698242
2bea002bba4fd26c8ef9bc1b8ea1562f,15,0.9530993700027466
f2e6d0171b37171bdf6e189a12785cce,3,0.9180494546890259
3c9c7f5128e022ede5f79187eb29b544,10,0.9713195562362671
fdac4c508cdbfc0da228a1770dc1fe27,15,0.9529832005500793
67f0af87eddbb51d06c0424427bd52a5,19,0.9166074395179749
d5610455237202804890418197c20c98,0,0.9807240962982178
dca6c085638f8df1e5207c2e45993bbe,5,0.9702379107475281
9e92f245018f7a339b38041b18766ae0,10,0.9702540636062622
8cf297c95acd16da2e5f7cefe4df02be,30,0.7657157182693481
e9ccd35c8bcc7727fed219dcda398524,14,0.7063484191894531
ef8ed382cf0f68f793d102a316b39960,5,0.9704560041427612
771a6761a141fe347e315bcf998e0cf9,0,0.9806171655654907
b3d37caf3f230e0028e1500690894440,0,0.9806756377220154
4bb12241baebef64adb97cfdd9d987c8,0,0.980647623538971
926643b61df1d71878a4c4d781beec94,19,0.916928768157959
dcf285e59f8d584c17962a5922576d08,10,0.9713881611824036
a34ad4b4be4742839fe4fe58023ab321,2,0.9824165105819702
53972b4a834175cb9ef5f3d5e084ccc7,5,0.9698985815048218
27038fc6d0ed42349a33421628af2e26,33,0.8555980324745178
64ebd9161f367c59cad4f4060f5111f2,5,0.5856947898864746
6debdd26d55fe5ef663352673af4b6dd,8,0.9613273739814758
01c533835ddc6a317291eea5a056b22c,6,0.9602071642875671
20fb6e18b4fe9791d01bd2161727e652,2,0.982591450214386
ae529c43e988577326625a3519f99064,8,0.9590787291526794
092e17d033e0cd499daf52b3d0be5b6b,10,0.9704552292823792
96b6ea6faa1fa97d6325467497985c38,2,0.9824174046516418
d494cace967270a00d76a733e029f99b,1,0.8375440835952759
458d026649830f25bbe65dd002aa0a1c,2,0.9809550642967224
63ba659f77082b81d24c4780a2e8f3e2,8,0.9616212844848633
860b6053f20ddefdd7cda7df33f42638,0,0.41862279176712036
352887653143c7c03289b0333c603896,5,0.9703697562217712
e8c6a4a9440a423ea83a8c027ccf02c9,6,0.9585152268409729
8cd3d94b75073c5ede61f3bfd4116573,11,0.9605690240859985
61c26bc301bc8ace54555a5a30489b70,31,0.8759750127792358
ff0c6655ce4c0b30d60516ba17b3f9d9,0,0.980567991733551
6c530b944d77f17b069293dffe500507,0,0.9805072546005249
f8e18a0812d5c09bb9285265e9965038,7,0.9718568921089172
226ba3ac2655fd6f7a4797aea625127f,5,0.9704917073249817
264a54c5e8ba960fc5d068b5bc8d5bee,7,0.9718086123466492
659a0d40b660c62ad863513d99e4c6f3,18,0.933447003364563
17b8875c96871cf1c76e3d2c57c930a2,5,0.969754695892334
390cff29a7e586ae512cb770c082f52e,8,0.9616625905036926
f77add6afcf15bd4cf56ccf525c75871,26,0.9260001182556152
96c2e5dce4607c06697fb70806fa1d8f,10,0.9713478088378906
7403ce2e032da6bc17e38c1d70cc7fe3,2,0.9826556444168091
6d50ce17baa782970427cb595c21420b,7,0.9713184237480164
bf5a9cf61eb7cb8ad5ce8822e6ca0b02,6,0.960801362991333
b2eb7f3c33f8d11d0bfa314707aa0123,8,0.959346354007721
d0ff32d686062aa8284fdf6e0c7abc35,11,0.8903473615646362
58913e2ca6b679eaf2c1a2c437a7619d,5,0.9704169034957886
4cf810ee32bd605030e4811b3453f3f1,0,0.966650664806366
c4b82f920081aa59237f2d915e13cdba,10,0.9712378978729248
e88acc09c084f79c7e94b99f1cfcfdaf,29,0.8942872881889343
f4bb0587d766b5fc11a43b382c16c8d8,0,0.9805835485458374
43b28b9df65a39fd81a58cf56a47b9ff,6,0.9597347974777222
437734ef766dad286a5bcdb2defc44c2,10,0.9714965224266052
1a247122200acdf96d07f433c07186fb,0,0.9801622629165649
f8c3b3b6363d9dfc08df26ca80f6005e,0,0.9743093848228455
7b2803863a4214dc038aec7ceac27939,0,0.9797474145889282
3336d1972e0afe9da7ac3bb921d9abb6,3,0.9332419633865356
f2fad9211698c09de97acd88e3f2b281,16,0.9459038376808167
f9ead1072c8d7f22c208ba2d116604d8,13,0.9313245415687561
2422554460c90d4b97a1960e9c278379,4,0.9525308609008789
8268d02ddbd19cf48d322021b0c75bc4,2,0.9825530052185059
147df9f33c82cf977c7fa022a9b3c77c,2,0.982803463935852
8a2fed8afbf01a41903e94203596b2ac,7,0.9716360569000244
17a377e5deb7218087678c55c8e4d243,11,0.9613747596740723
9ed7648a715ead7dab136c0d7ce290fc,8,0.6298971176147461
d855524903913b6106d3472912c1e872,27,0.4109109938144684
17c90835630c0f13a13185aa74acf949,11,0.9606582522392273
51fcb1b6dbc8b0ff41f840cd694fc825,6,0.9601619839668274
5e67b1dbfe55f1bf4d65813654bd035d,13,0.9625858068466187
699756142442cd35b8be40e0e541d347,0,0.9805727005004883
1902ceee8d930722ff9cb2163699b9d7,23,0.9526708722114563
d7e135ed1d98474a0c9a33bc4949d411,16,0.9470087289810181
a45bc2f194eb2778eb549c114bf7bad8,10,0.9713721871376038
be6ca23d5a367413dee4a05659fcde62,0,0.9805848002433777
5e8544c4f9d3f33948673b53ac51f635,10,0.9714745283126831
4cde4235aec6790caeafe90cd5b95e53,26,0.9255902767181396
608fab0301df02fdc3b86c9fabd38667,2,0.9810125827789307
42bac588c467a7da596eb80a88d6591d,0,0.9795715808868408
f90e59197d6446744261e401fe58f5dc,14,0.8720766305923462
48166f04976a28dda7d9f51ba711744b,9,0.5916478633880615
356674d527d7717edc7b8cfe60143936,8,0.9569289088249207
b997f58400705c45bc798681c6a4e1ba,1,0.9634881615638733
910129f04d5b14e5e96c578a185ac1f7,16,0.9472039937973022
423ee051eb226287fbf712348d96a9ae,10,0.9713518023490906
5a1f305f8dfb6aa71f7b4a99b745458c,10,0.5633019208908081
71c5b1e65e1266d48a3801b00279c7c5,0,0.9807214736938477
fcc8355b0b0c9e755fa0ee1afba659a6,8,0.96165531873703
015a01c81f0abb1b04af2844c60fd052,4,0.9159522652626038
7a70d7260fc7c254fcbe428fc10fd956,8,0.9608737826347351
10b37370571aca04b93b2dc73b069a4d,11,0.960706889629364
1b36d6bd15edc5f018939b047923c8a9,4,0.9521743059158325
35d37265554fcbbf719092835740e7d8,17,0.9396700859069824
e230ad985f654ab19b0d94cad3a77b20,3,0.9323824644088745
371a942dbecf5e116a2f786761517998,20,0.958987295627594
2c59c37edef8a2d7969c79eef60845ff,13,0.9607563614845276
751908af2f393663ffd0f2efe040d74f,21,0.9352769255638123
6667af4be0050dfc5097a0cd032dc801,10,0.971350908279419
2ee435ca258219d185aabf3d5f8e1789,6,0.958739697933197
10abe539e333e019cc886c46c87258a2,20,0.9604355096817017
4edb9d878c47225bdd3e5799a6fa5b76,0,0.9806195497512817
d20325c1da23e065e17dbea9e2b60be0,5,0.9706248641014099
16972c363f306c11821f23832d4b7e73,26,0.9264549016952515
0640c4890800425638edc935c1148ec5,6,0.9604218602180481
f44b0ec77fb28cb1b3d7c734e7d52216,3,0.9290292263031006
5ad73258b8a7cf51bd814aeee6703568,11,0.960231363773346
1b698a186959ea60d27e3fed5dd0503f,22,0.8983244895935059
032c1a8404d02f8884723640c9fdef21,2,0.9823268055915833
b529c4fcb29e2cd1d95902c1abe4c9ab,8,0.9615675806999207
0d680eac34e7d87bbc67ede7fb23bf10,17,0.9393605589866638
8cbd8d52f001cff5aa647b8ef557c2be,5,0.9699791669845581
750771015d7e034c2662baa2679258e2,8,0.9611364603042603
e18bbcc999548c91803475866fbb0c5c,11,0.9614242315292358
99aadce06711acbbe0edeb7c6522aa23,2,0.9813981652259827
554d8020ea8e13918e4619f73f6a6ec2,7,0.971671462059021
71394073721eb822daac15b968d20716,7,0.9719103574752808
89bf85875c939dd52cd9be7edc8c039f,6,0.9604448676109314
3776d22196333fe0c4d727dc92fd9fb0,7,0.9714287519454956
e8c2cb151392f1265206d9e830e8177e,4,0.9523042440414429
60216be15f3852cb3773b7d4870be1b4,2,0.953887939453125
84a411b69ff9ef42eacd81477dbe4ba7,22,0.8872377872467041
8cb921a1202b3d958a666e08f89d1163,2,0.9698774814605713
5f3fb7a063ea155fd922123725a51ac8,11,0.9611273407936096
130101d6e8b0ab4a5447e107fb5feb5d,2,0.9783207178115845
ab5891fee37c27c9cb090cd615d5b8a3,1,0.924199640750885
3dd76ea55f68a995b64e1492369bb78f,10,0.9714667797088623
f132dead368e11f252e5ca4d8871e9d8,5,0.969990611076355
0cca9a645ebda77019240248a423d39d,20,0.9605512022972107
a307a12257b6d9c525dd5f46d891e495,25,0.9065136313438416
a9b20d06fb86dccb42337d33c8ce3c32,2,0.9615457653999329
2d20cac9a0e6d3ae1ddceccbbe45dfd9,19,0.6054335236549377
3791d29536da1d9756889f15cd4d6fd5,0,0.980543315410614
a5b3979f5fc7faa2fe17456765a3e6c9,5,0.970574676990509
6c9e77a9bf8c62d0b61d14f04d6d8b27,0,0.9806530475616455
239607495c6e7c87561bd709e396c733,2,0.9827725887298584
37b37971f7c824f960b6d4d83aa4e827,10,0.970986545085907
d28c98f6a390a98071a66317120c22bf,11,0.9613872170448303
1bef40dff3fd3725322eb567256f4de0,1,0.9652456045150757
5b338f44d9ec55ac18a245d6b7359b9c,9,0.9395574927330017
ded2cbe1f27521d375e23cbf90eda571,25,0.8896500468254089
ce7aeb2afe62479c96f9d31b524d6e5b,14,0.880891740322113
7d8c93708d17f4c979ca5bdc5b5e9bb7,24,0.9531661868095398
aa5672200856dcc9c18d563d3f31e7cd,5,0.9703419208526611
d61f3875040f1fea559b93db1f9f718a,4,0.9521288871765137
15ad1e12cc3eb9cfe9f9217bb3d8533f,2,0.9822394847869873
f534231f52e00b36994bcc9c272aebfb,15,0.9529542922973633
695149b608a528e01b3f93a9a45ae1a2,1,0.9649951457977295
1f8b3006cec39a01bea20edb5183a3b7,26,0.9218584895133972
6ca17d923cbae58aaddfa5a87e8fefb2,6,0.9526951909065247
d0af23d031ff883952352c4703493d91,0,0.8107532262802124
1fdc59e7379b672ad533c896fb055bf6,10,0.9713407158851624
c3a82d6147ce9c292d7f9a8af50f61f8,2,0.9814745187759399
a8a28c3c1a3d499988f69100d0a3370b,13,0.9625951051712036
f10965b1476e7e31688056f95ca8cd9d,11,0.9613019227981567
139b119ccee441fa0dc165dba0501dbd,0,0.9802151918411255
ebefefb9cd4b4530ef720508bea73178,8,0.9507913589477539
a9097625ebe82ec7cff3884bfbc45621,10,0.9713793992996216
cf0e2ab97db6538f320f1591af072006,14,0.4576365649700165
1742e802408656ca12e1ffc432e2422b,20,0.9606466889381409
729b2f5068cf10b4eabc5a59a9450d91,11,0.9605593681335449
a1a0e34f37c18bd54de728cb8057ec02,20,0.9607690572738647
e18cba2e1ea4689f755858adbeea2611,7,0.9711697697639465
b1f127776b7f8e2979c1b491e8944df7,10,0.9708923697471619
9cea1d9fcaa30d1fc92bbbcd31af9974,10,0.971264660358429
4272179de5bb1751611f420a2a27cbac,25,0.8402429819107056
8f506655ee5d62e74e0cdc12047d544e,6,0.9351754784584045
dbb5bef583abc97d8b7a77cc3a5966e1,11,0.9612227082252502
d92f775013177fac5b1fa6d1b48fe5cf,5,0.9704593420028687
7d244165ecb3e9e122816caa24e24f6e,4,0.9521099925041199
5ed96f6f7f56c5bc2a2306e2573f99b1,5,0.9702031016349792
f78e9498c55bd453531caccf16dbdc79,0,0.9665664434432983
47c4c58e07746b447965acb15cb7a36e,11,0.9609060287475586
f7eb7169bdf8b02354c0a31fb7042bab,6,0.5680326223373413
23c29e1b930d8e5a00fdcbc56d4789fa,7,0.9718477725982666
368dfa6c28c94510f0b06638c3ece7ef,21,0.9345583319664001
a118945b2f990eb1dd0a0c789bac0c89,2,0.9827714562416077
fcc6a46b94ae377613bfb222c47abbfd,1,0.9636486768722534
2ab463852df2e0d84aa3a94fb22e81d6,0,0.9805462956428528
085a6807920f0da75a5b715e6db99f72,6,0.9603177309036255
c7c04f3b8e49361b29f35f1774279008,3,0.9312997460365295
b374fc8b15617c8cf0b4a58b746c9d60,2,0.982626736164093
ab1b8a960ffa10b9432ae53f6d5e4003,7,0.9709432721138
777617db3c36f959cd78de0f37a8550e,6,0.9600111246109009
51603034f5601548c4cc534e3a005f91,18,0.9333434104919434
981dde30a80d50bd51bc0d10ac65deba,8,0.9612962007522583
87d487ddd25ac5981aa48e28cf118bc1,10,0.9711233377456665
c5293a633fe2d09909c46c169835c896,10,0.9713257551193237
4f4bf454d96822f98a4241ff8f94b7b2,0,0.9805399179458618
8f9fe82f45dc0f36109c450c0679454d,10,0.9708714485168457
a03af8835e2fb5dcc03f14f57d55156a,2,0.9805632829666138
74daea64538f37ef9b61623be6f507ed,11,0.9611161351203918
eaa0a23123950489937a5b8afe3669ab,10,0.9604813456535339
33f477b47ba7421adb8be3410f88ae35,10,0.9713846445083618
33992e34b9d4949cf51815c336e398bc,20,0.9601878523826599
533c113db23f6108994485b7c6249e67,15,0.9517634510993958
e43a44c0b88e402c3ed464cdfe77b636,2,0.9781805276870728
5dd6093d972bc39a9b6ab1a5ecc00d46,2,0.9827429056167603
238b87be6007dbe1c09eba5b9a3a4205,27,0.8806729316711426
06becd79a064657747bc2e2734aef5ee,2,0.9825038313865662
68c21c72e5ab66192968ca387c9a71fc,2,0.9825535416603088
3f3d41e97801ba9bb9917531865d3fc0,10,0.9715060591697693
1e6bf8e2c96c63cf99234a01f9eb223e,20,0.9538200497627258
c380a3c5bd8414e3246032a47ea580ce,2,0.9825217723846436
f9b7c0cfe58d170fcbca123e923cbffe,2,0.9819731712341309
341385577d67ef46ebe6d55e8fd0d6a8,16,0.944659948348999
ccf8ddd016b05e758b0c314dc37fb368,15,0.9525308609008789
800fb38064232d9c4a9b148769b5aea0,10,0.9712920784950256
c2182cfb3bccb63e36600c3ab80a86b0,4,0.9475358724594116
aaa79448a372402668ab4080534f7e0c,2,0.9813371300697327
c4870d08bcc60a6a5394f3efe0e78b07,20,0.9590277671813965
b318edb6d4a2995f4c4a115815e3ad21,5,0.9705991744995117
926f948041eaab801b37a0cf544be756,17,0.9389615058898926
b89b30affeaa3f18d471291e7a59718b,23,0.952541172504425
dc69f76f443df204c24741687c2951d5,25,0.5067523121833801
6fd56e604379f44fad2e41d149608995,10,0.9712958335876465
d7b54f0dd542d3751f1c3e8a1a6de0d7,18,0.9336022734642029
2c41d7eb15ed61a4aa120052050caec4,21,0.9356375336647034
19d947ec9f80149be348b8abc56a7e92,3,0.9169253706932068
71ed04d4011394878e8ddf2ac99b9259,26,0.919160008430481
701deb1b16eac371a34a072db672bd0b,2,0.9824057817459106
74349aa9e1d2a31a8277af70e00e8ed0,25,0.9150135517120361
975de15254c400fdb98703fb5a261528,27,0.8880434632301331
8afce29e7ffb2b8c0c5a056e8e9adcc8,5,0.9704543352127075
1be8ed3ac68519250e5c75cba9314c38,13,0.9624560475349426
8ed85479cc6307b95542d579f3c86fea,10,0.9711889624595642
7f18bcbc561fd44275224b652e516872,24,0.9413187503814697
9baacfc8e12493aaf871cc547fca9190,7,0.9718701839447021
ba8ecf9a340abf7188734f411ad8bd38,15,0.9530937671661377
d7ab7b366caf9018ca64069e9b8e13af,20,0.9569569230079651
bc8c8fc60a66e2ae96c305b06686782c,2,0.9824588298797607
bda97c47269b0c8e2486492a8332dfa0,15,0.9528689980506897
b1e64ec86ac20c36339a454a541603d5,0,0.9805614352226257
6bb8341d71e233f28de4f2b6b0426821,7,0.9685849547386169
ce778efe03eb1119276b71552d6d2ffb,7,0.9703744649887085
8dcb7eef096157f50f16c7cd20b0c40c,27,0.8905832171440125
c5fc32d0b5aec13f5a5fab711f1c85fb,0,0.9795478582382202
d28f842a7db2ce53cf57309fde4530b2,2,0.9818458557128906
1a825e68fe44e630ba82e8b486e5e06b,10,0.9715110063552856
47011449222cc79f5e325f69378316a7,2,0.9824162721633911
cb5ca5982d8a4ace3df61aca1d7c6cf8,7,0.9718090295791626
d04bf86f6b4a1e9fa10b455db36febad,23,0.9498315453529358
50f8fe6ce09fb6d690698fc22fe09fdd,8,0.9616315364837646
b587b5f33bb79a737aac07512f0e9bb2,16,0.9467158913612366
e6b097ad96c247f9dde58c76745be6dd,11,0.953316867351532
31c664f3f57ce40016bce4fb6a6c53a4,7,0.7309092879295349
4913fd6a1b530c02b958c54d4796a779,34,0.9264392256736755
ededc91dac70f8821863d17ca45403fa,2,0.9827650189399719
f773ca2e96b1f5704f61053b29558d5b,0,0.9803488850593567
26e2925929045b3c64080bff4c7d4b41,30,0.9011876583099365
03a9cea6212ed5c7cba19a0614a1620a,7,0.971878170967102
475883aa252ae574809817ed853664db,17,0.9396542310714722
ff7670d047eac9fbee7e4d5c1f195c30,11,0.9614033699035645
3706f007949ef62f6e9052558d888e7c,2,0.9746198654174805
89e4f4f5be861c06f16d0abfe497c2f1,11,0.9613006114959717
a063eac7fec6a3798886bfc956e2797d,7,0.9714748859405518
fe18a8dbefe81d6699c587e34a63d0fe,2,0.9801109433174133
3429be6327a24da1aaa1cce78ec6db07,10,0.9713472127914429
b04c1fbbac85d3bfe14839515b193a0b,15,0.9242054224014282
2d6057888709bd6947e601b8787f35e5,0,0.8404715061187744
7c8d5c2773114a061454c30f1a4c804c,24,0.9533666968345642
7d115597f14fe7c684fb1037e1d3d67f,6,0.9597881436347961
18ddbefcb4ab18cf7017095ad2c2fac9,2,0.98269122838974
22b7cef955436c7b6635f26fffa89b16,21,0.9230864644050598
c609aff15cb1670c91ab0f1d3a559a5a,24,0.953533947467804
e49e21b4193aae3ffc74aeca28da2f6e,3,0.931679368019104
022c95f878e5d6db4e7710e9bc44403c,4,0.9517095685005188
e3f92b343bdfbef0ab6370f980af6e66,11,0.960203230381012
1f4a874f8d05fa54cfa79388a654d3ef,11,0.9531710743904114
d0f34a713d6abd89daf0033c57dcfe93,2,0.9622441530227661
f118f69559f3cea0764f74c5f77f853b,13,0.9624897241592407
01ee88216d31a5645f9a1d069327413b,2,0.982346773147583
8a4ae9daf3e63e6d44e0993a89d59bcc,2,0.9823862314224243
8c4f9a979e831a0a1c2270f895624cb8,8,0.9616472721099854
4920521adc63952a72eab532bbb3ca96,2,0.9827467203140259
3240a3e38611445e941411edc790f0d2,23,0.9504274129867554
bf4a1c82206a3e95b3b462c582dfef88,10,0.9714072942733765
bd0e5af311b9de952707a8f27cbe6832,2,0.9826875329017639
3f72750b861407ea71745f4a9caa392f,11,0.9609642028808594
0c93547a7b943b69478af6e60e950509,2,0.9827523827552795
78f93a5ffa7f3b1e25d8f812b687f376,23,0.9513418674468994
e3bb14ecd93c8bf06db02944b38936eb,20,0.9606262445449829
4997e1a4cdd9ff60f84b8ba523feab49,10,0.9712811708450317
2def55476a382f271c7fbe898244c2ad,10,0.9704781174659729
1aa240b151c612a6c93901de07a0f841,15,0.9528728723526001
dfa32857d46acc32e55b11d7ada649e6,29,0.8928425312042236
d8b702e206e4a285ca498b39b96350c2,2,0.982371985912323
f5cf519f7c7e633b59ef5f64a4a7b69d,5,0.9704861640930176
13faf64e9bef3a37f2d9bebb5b8beb95,2,0.9803419709205627
bd85f8cb96f48d91fb57eafe4a6b5d67,10,0.9713687300682068
ad9867871a4950e719d4006ee7d0b83c,9,0.9405231475830078
b716aba59b2bd3f7d4298c75c8c528f2,10,0.9714004397392273
e278244035a21cc40fe1bd47ddc691c4,19,0.9157332181930542
d5b604ab24d0087c2d6a0cf92881ac00,0,0.9805918335914612
58eb3f7d73d0005cf1a84e4aca2d877c,26,0.9256700277328491
3c4465503dbd6cda823b423026548d0e,1,0.9646697640419006
a838271887396a8bb665a28a692efbff,13,0.9627666473388672
efcd55d2d6bd66797ad3cde9ceff7b93,0,0.9801293015480042
bd44b2c2f488a63607ae61283f2f4972,13,0.9621403217315674
d9d1784697455acb332e57ad7408da96,2,0.9770841002464294
cf3165e7fa8022cdcda423b670e99e88,7,0.9713577032089233
32f85c7683ce459aad14f90f162a04a2,6,0.9600163102149963
4b6051dcc41e9ec241e08dea0349cb1a,5,0.9705791473388672
a96b649e3684f1518a729c1c0845891d,21,0.9352353811264038
a7c492540eec83c715f542377cdbd7dc,7,0.9715932607650757
baebb521d518d0d4f36afd44ebe27982,21,0.8461834192276001
721421130aa7edb8bf2282d6b020b86b,20,0.9604367017745972
93b816eb4177bf498570a9042053ddca,11,0.9613538384437561
e404e495cc63fec4e39670020f6f968d,20,0.9601445198059082
0c14ee7757edf6802c5115ff068b680c,26,0.9242717623710632
bb6fe681d2d713a611d204584fef5020,11,0.958220899105072
943211e8028798c5b66a346145cf2095,5,0.9703529477119446
73ad1d65258fbba048a3655f9f5b4f7f,4,0.5502049326896667
841a2bf77079b2db836c6320699598a7,2,0.3571232855319977
b21f2977d540ff50f02193e9e07feed9,11,0.6129873394966125
441b1a0fee52cf7c7334281e6d29d3d5,13,0.962130069732666
2cfee90a0c82ca0b9d22d02a67aab2cb,5,0.9701048135757446
ef0b10577f080e164bf9d9f79b79f3b1,31,0.812771737575531
471734ea021757539ce5fb96bcae78a4,0,0.9804943799972534
cbf0b729951e898050c09046f4bdf36b,2,0.9823038578033447
c48d829ca5eecc980138210793c57278,15,0.9529171586036682
85122be3cd7647b58d19ef521385a7fa,5,0.9649481773376465
4459dae06a5512e1b353d0383eb51401,1,0.9652570486068726
dc8d58638399a968f4218b9ce29e556f,8,0.9615073204040527
e4c59996f360c23e5652355855713733,23,0.952539324760437
59c91a59e1a4d53e845c1355157c6c41,20,0.9584938883781433
37b5b18db36239efc33a7576729863d1,10,0.9714230298995972
23422dd803905824069011e167a8d892,6,0.9596037864685059
65f4a6e80cf090144748ebec1f8a7f17,17,0.9382711052894592
a9a56a3eec6d6833c7af978f52cd2c50,13,0.9619291424751282
f23740b0caf9911142cd97856965e834,33,0.25827136635780334
1f1037b64f8bcad97f89c79384d20c12,34,0.9267053008079529
36bec045894d6a7c7fc7fa4f54d06582,33,0.853912353515625
1f7d15fe41a3d145415c5134d1930bd3,7,0.9701475501060486
b696376de81601ae0df14f5906eedc34,2,0.9639082551002502
dfc715b5cf5e12304195f793822584bc,5,0.970572292804718
ab40a862c528e567a183543cf9a3e8b3,10,0.9714487791061401
1910283e85458964d2314b9952b0ddd2,5,0.9705773591995239
18f283412e0f1472eb93e306ccf1914e,9,0.9337514042854309
74c3cd1a8314cfb77a0b78be7ec5f391,28,0.8673807382583618
2058212094dd878f21f45c4f960cc4e9,11,0.961287796497345
4e2eca1506add1cd1a29e02f53607a38,16,0.9455087780952454
51770264e44e39c19e8963d7efe82bf1,15,0.9527052640914917
75e3f7598d37aaba5976610f90576c26,9,0.9403109550476074
3c4f4182b03ef2f90736ff4f81e86552,0,0.980633556842804
821912eea8448e701c81441c384c950b,8,0.9608950614929199
b2f5a493c54dccb8b784c9f39a11347f,2,0.9810550212860107
2eb8975517827502fdf3fb8e0e158a12,20,0.9606970548629761
855250e21e09487280a94b31d198caf2,23,0.9520944356918335
add64546fb3dcec40e5b35f45decd009,31,0.8756713271141052
f1bae35bac8be369574e35f20d0143f6,2,0.9827671051025391
466bc1ed1455cc422e496fc928fbf1b9,2,0.9827131032943726
1c844d57dc8737f37bde420108cbe27c,1,0.9372293949127197
3f4a20901c76b8118271ebd8d1a143ad,8,0.9611097574234009
19211d3e9431d34214b19da7d47a5341,34,0.9257875084877014
5618e6f9351040e30f70b056e81ccb11,26,0.919072687625885
0a492e06aa2ae89f3d6ac821b09ed4a1,0,0.980597198009491
a2dedfec93f0638faf7513f4ae8a63b8,2,0.9827567338943481
8e5b852411ea38268df1e8a7f2f095af,23,0.9503461718559265
b3c62645f87e323ea910f596fdb27eea,10,0.9580102562904358
0fae10f3e5e7bb1049baab7514240832,11,0.9598476886749268
e04531f6ea8a57611d5936906b8ba463,8,0.9616156816482544
46c0617d7af61dc584bbcc34721ba6c7,33,0.8540842533111572
e3564518ed4317221e64b59de7f0d724,10,0.9714071750640869
262eca203c86a7f78845d5f7791a67dd,10,0.9714595079421997
dca6092fc0e9e3663ed1a522500557e2,2,0.9827985167503357
2aab083e6ed18470f7c548f45703303a,2,0.9669764637947083
502c8520a251e745534ce5273c233af5,13,0.9624673128128052
4366e8df1e93cb55b064c1fcf84b392f,9,0.9397686719894409
8d90b9291f7651ae9e73218c783401a7,0,0.9798648357391357
ef201a55bf0a30eb02b445abeecf36ae,21,0.5516698360443115
584b63f1ee3cad11ba7fc90ea7537cb9,20,0.9592306017875671
8ccaacd96519ad91d7300be67f94c0cc,2,0.9807857871055603
5df2efe85aa80a9ec861a9f91a2c85ed,3,0.9169917106628418
773dace31d38cd00a11761a0c8e5be7c,8,0.9616869688034058
ed915f7eb534546bbc41c9e17a209ed9,2,0.9359069466590881
faba26eb465a58d001ef0c701dd819ff,10,0.9700993299484253
f836dc1fedf2054482c0341cbd0a561b,4,0.876237690448761
271484745ba30d4b2b52a38cae5eae23,11,0.9156659245491028
ab9fae44b98bbe6ab1e4fc902f68f493,10,0.9711602330207825
1cce27061769c237cc27f85bf2e93ebb,0,0.9790549874305725
72eafbd0f9635c94b200210567ec6469,5,0.9697778224945068
a1866b66f39a497ca9e9bf45a10572cf,5,0.9690598845481873
45db5d26be2a185ddd084c991d8b7ff4,2,0.9827688336372375
a4847fb7458845dc05a5d5e0dcbeff32,0,0.9802547097206116
42ec4cbeec627f8f46185aa7132bd6ed,27,0.8697274923324585
cd7a92a4218f0b547cf62addd4458305,6,0.9601666331291199
9c62c3939e502cc2628af606e066ebf6,2,0.9821714162826538
fba73d28c78ca2fe6bfb93f116220b84,2,0.6294153928756714
ac036effaf62f8b0deed26e5d33ce6b6,9,0.94028240442276
249817e517446a2bbdfa187cdc493153,1,0.9654126763343811
c4950f17b73479ac10e720648edf43c5,7,0.9707691073417664
95192ebb7cfd9cf98fa113f1936337ce,13,0.9626462459564209
15fbdbb28ce90566c6613b96e0c5af7a,2,0.9779280424118042
5f8a1721cedb4fa52d4b6e80771c2b91,2,0.9827728271484375
8e9e336918ddec08e66fc2a65cdc2464,15,0.9526668787002563
372407803353c7f5333f3c66fa089298,2,0.9754194021224976
5b4c50a2c3d3e1d1a6c440d812fa9dc1,13,0.9621479511260986
68bd4cc0ad16ac2c767434ea02f80024,23,0.9525807499885559
f0ab69700c04470ef162e1b2c905e13d,0,0.9797775149345398
0c06bad206a5715786594a2d61d82676,6,0.9594513773918152
4b784b018f10bd674cfbd5df03a3b907,28,0.886124849319458
64158b60e1effc91d22169aa91c23e21,21,0.935141384601593
4f0075860c9d56d94f4b57ac09bcd75d,4,0.9522509574890137
289b54fd5029a5faa7d03b50c017c860,4,0.9524336457252502
858c8f1b786d705417e11fea158bf846,0,0.9805881381034851
d095bfe357a2b21934a22ea49bf651f1,9,0.9400606751441956
df90f5cf870f5e7589804d815d98e75a,4,0.7510173320770264
0496f215b285ce1ae48a5bc320fbdb6f,5,0.9705745577812195
91250458ca74681046f194de8bda63c3,0,0.9804993271827698
163bf320f7899668121ce778154b3c77,17,0.9351741075515747
b3ae1a55338e1832ed23c06dcb857152,13,0.9627951383590698
c4bd5217bb9d70fede899b7bccc943f1,1,0.9653218388557434
7980e7c793d2726219d22636094f4f87,2,0.9825725555419922
c8d196b038c9d65f06e10f6fb1504a77,33,0.8481684327125549
9327fe10eda67dc7cfb819eb68e88688,7,0.9712709784507751
da028c2419173babc0514ac865c6f692,11,0.9611625075340271
18e03b64aaf0d33c1a7a60486a17e36c,4,0.9527704119682312
0431c3279ec908eed7bd0e47af603c44,20,0.9607901573181152
c47aa991cd139eeb4fb8908e2b22d135,7,0.9715245962142944
d7d408c4ac324977e1ba9b5b87c36815,3,0.9319090247154236
3627ea0ed87561c2e208be8e1c04cc9e,0,0.9806037545204163
659925d10b0be34fdfd7661e8d1793bf,11,0.9605687856674194
69079cffcabf5228cc8acfaf247baa7b,11,0.9605082869529724
06d0b39fa5eed263012e2575b4c415b0,0,0.9805615544319153
3239ed0b410672f9990d1b2f47f5ff0e,0,0.9803902506828308
9e4d0e0f400eb606e86a1b7247e28abb,30,0.9001989960670471
220c966752ec059ccb17746072c9b908,13,0.9609890580177307
171ee7a4f8c2729d9f71a17f89050381,11,0.9611276984214783
5e4ee6672ef043fee93797e414f4675e,1,0.9654703736305237
83051c6188193fb5c5af9b8f3f275c8a,0,0.980442225933075
eaaf2350a1d4ad8f24dab5075aeaac8b,23,0.6648460030555725
8fdb224b16eb1b830bdeddb95cc321f5,10,0.9714805483818054
3468507e01c2b7fa6ca09a66efafe72a,11,0.9612457156181335
bb8740b1fd042c6f736752aaeabaace4,11,0.9609864354133606
e47db9479a556434a850049e871f3a1f,23,0.5554656386375427
9b4cd25591c36d9553bf74f9d08883f0,2,0.9825993776321411
15dab93bf51625d1e3786073ae469541,18,0.9327471256256104
010311a63bea56fc1044bbb2a9536c47,13,0.9623557925224304
1b233be23d98e871ca0cd938254dadbb,0,0.9805388450622559
9bb33cdb47df31ea490f4a36345672a5,9,0.9402716159820557
bc4ee3967e30f1ba4ddfb7a0019c0d94,5,0.9701868295669556
023e951c5b258653961d58e0cd91c17e,17,0.9387006163597107
e4e9fbeb34cedd71f858c45f4b9faa12,10,0.9704440832138062
bdc20fbdb37fa10db73b7ec04a863e7b,10,0.9706694483757019
df12504b7fc221ac57dde770e91f8dca,8,0.9608808755874634
ade5e3413ed3692541b4cb9dfc9f1b6b,11,0.9424088001251221
36337391217ab8bca9204e292f756d20,2,0.9827762842178345
f56d2363aca53f74c32e4274ce0a24a2,11,0.9613224267959595
c5be32b835f9a508758efeb7da4efd12,5,0.9704407453536987
00ee099e47d1a54dc9eca2b97afe4491,1,0.9624142050743103
fec86e8745271a9e8765de29e4f5b735,10,0.9715782999992371
aed332b4624721ad93e53fd6f1b5d2c6,7,0.9712318181991577
0047356947ee9d04a785f44e2584c81d,6,0.9582911729812622
ee69873bf923160244efaa9927d1bfff,0,0.9807944893836975
78d1d95e1da1968e1ae9d2947e677bf1,15,0.9533039927482605
d7b34c011a141e1a36fd7f884b7c83be,9,0.9337744116783142
822e699e45d766af20fc655e879e89c8,3,0.9327412247657776
d04d6509dd0605f3c0448303bcf609f3,20,0.9607229232788086
c358db2ff3a5caf9c56d306a9aa0ec26,8,0.961694061756134
09b0b5d2b1302c46bcb0687272a0cb7d,11,0.9610426425933838
b2436e7b05346bd13de411ae465241fe,6,0.9594619274139404
5de4f3e95f44ade48b9346737fdd3f30,10,0.9714037775993347
ffcccd8714f6dfae240b36aa8643605a,2,0.981834888458252
9694ade667c8fcb8813a13f3c8b6995d,5,0.97043377161026
67c7867e4bd19291189eb71a7c2fbef9,11,0.961035966873169
c7d71d7c5afbb40c3d23661a7a888510,0,0.9798373579978943
cdf83b889972a2fb9b24a883ee4cf73d,2,0.9826846718788147
332e8166343212af30fc1514fcd689de,3,0.9129040837287903
3246a7b201f051e04b14077e6784ae6c,0,0.9798430800437927
694ad7fee42b09f945d8ce78fb81f442,20,0.9604387879371643
2bd9ee69ad81bdb08721d862549096b4,2,0.9609984159469604
3f216e3935aa17009d52fad0a04165ab,11,0.9613884091377258
1a484e8b90bb06764d423c36d5195339,21,0.9348593354225159
98fa38f2e9f35fd1c9b746fc93b0ed3c,13,0.9430892467498779
101b84e6cdef6014cc88803dbe44c4b4,9,0.9301811456680298
19231ca3ef9c313c5cc57d01c66d4c95,20,0.9599393010139465
87ce0a2890e153b72929be09c13910f6,10,0.9713976383209229
d352e98d3af79a43a73a3b691688f506,11,0.9615381956100464
0d888ee2f13e6ec6c3e6a7eb876b4b10,1,0.9653721451759338
014a7fb58bba0568d2effe3b72bb2c86,5,0.9702336192131042
df7ca3d4b1ed30d3773120a99ce02bb8,20,0.9607512950897217
15218c7cbd39987fe311e09e02b668a5,0,0.980618417263031
8bb2da691de14cb9f6c428b3a66a503b,13,0.9620398879051208
6f11f3402ba9bf1f0aa88277d06a98b1,0,0.9800966382026672
20009c1b1ce0157a59200512fee3a42d,2,0.9827573299407959
6467de7ef3bcd07862047eda947f53c9,2,0.9753320813179016
3dd8870e32bc5b6df10b2dd6f6a42ff8,8,0.9612632393836975
ce729d4ecbc9b801207bccf868b84ec6,10,0.7444320917129517
a1863f0c8da8458bef72eb0a5f96a680,11,0.9563417434692383
d5a76897d739af24730ab1f5f414dd02,8,0.7082022428512573
a988efdb85556753314c25d6d2a33316,0,0.6858803033828735
6770cbecd04cc0916d23367675b56625,7,0.9652231931686401
e899eccc90122c2932f8c81bfb3685d7,2,0.18117915093898773
734abe1b5aa5b90a1c331ebdfae3556a,2,0.982780933380127
709fb840c933b01c3b911e67a0f5b9bc,10,0.9710983633995056
04effa2af664ce259c6757db870315be,8,0.9617053866386414
b872524078cc81d9d1e30a115420156d,7,0.9713274240493774
20ef91e5af111e403b476af81e21058c,2,0.9817523956298828
cc4a64ff9e5bb01aaa630528e8c59399,11,0.9598286747932434
0468469caf9548b1643180f35e012893,23,0.9525389075279236
2d7ee934ba7976605fcd341ae3271b00,2,0.982725977897644
51ff3ad15d2722b8fa2798e32dae5fca,2,0.9827739000320435
c49b2b34b058d743fe4009791275255b,2,0.9818872213363647
4f028b63aa23bb7469506f41ef294c01,3,0.9270893931388855
814a4428cf857005b879a8195f1762ef,16,0.946765661239624
2a3992aa5e94d82dc875803f3837ab9a,18,0.9336979985237122
78928aa32f68d6827ec4bf4dda072cc9,8,0.9616552591323853
6d3600f5412a0ed04508121486993a1a,2,0.9827090501785278
02d89bef21a00e7ff360bcf23cc20d31,8,0.9615877866744995
974ee4434ee95a749b2856ca7393208f,10,0.9715157151222229
44fd2f32dfc613665c8f2e827622c604,0,0.9778928160667419
a788ac6c12f1e8bb2c9a8f450ed88ff1,28,0.8894096612930298
4fcd9e2f3bd328528b96c8befb484f4a,0,0.9805475473403931
b3162f361ffcf96f9718b3976b937ab3,11,0.9607051014900208
83758df14f623c04c80064f30b21c191,0,0.9744097590446472
7308f902332138d6678f4211efa5283f,2,0.9827858805656433
b4db9a4bb46305084439e927b78283ab,16,0.9473938345909119
f261139d459d1246babf8d08831df293,20,0.9603638052940369
864226d91bc8690145bd5d773ce70548,7,0.9706886410713196
f9d7b5f5a023029e79ba4ed3f592407a,2,0.9824718832969666
3b7882c04c1dadd98d71edeff87f8aa0,5,0.9700498580932617
3e4da9c8eed314ce232fb3cb98914ef7,5,0.9597143530845642
4d108c1597462336ebe3abf7bd06a8a2,28,0.6515865921974182
bdec36313696dc9500dbc178e7a83d3d,7,0.9717336297035217
200a1b15eb35bbe0cb7e9d768746517f,2,0.9823931455612183
3840f9e3036ebaabfadf2c86da298591,29,0.8913406133651733
d6d2ea2be46e42d1dfc300684ddd5474,20,0.9607802629470825
d2e46961dfddf5028dfb6f93ee9922e0,2,0.9827049374580383
efac8ffa12f2347ecee4a06c189a8047,26,0.9223710894584656
069ff05444135193b61d635338d4d9a3,7,0.9718174934387207
04809712cba5ebbcc4fa0ed8cac31b9f,2,0.8042572140693665
889d49039ed22b447d05a0406477a516,4,0.9519131183624268
d834ac0fe9599edc6b47f84f9a558278,17,0.9316293597221375
c151f112bf5a9b2ebf15925c12145d9c,18,0.9323184490203857
49d489e8a2020b8bcf756877ac70dae1,8,0.9616039991378784
ba42af42f479272e03a11afae45a5426,2,0.9827509522438049
826ab22115ed51ed247bedea19a076a8,16,0.9471827745437622
2172ca0dbf050a692942f527a4bf6699,8,0.9614782333374023
9cbd98f3b08501563d4bac3a1c41866e,0,0.9802407026290894
2f32be9301051b6fb6c7cc2e0b2050f1,23,0.9523389339447021
b3892c7e0cfb820df67f8de4e55bfa8b,4,0.9506626129150391
35a4a48ad4369d5bd645d446c81bdcf4,13,0.962428867816925
29bca650a1dae7c96efee15a20d1b378,2,0.9821584224700928
14dfe17eeaa2c6e5e9ff727e56e712cb,4,0.9507410526275635
1f5864f8cec5098cdef5334ffef18fe8,10,0.9715482592582703
704808e5341fb10a55230a3a144abdad,2,0.9827552437782288
68c6729c01e1ab56b08eecc7206885f1,20,0.9608424305915833
0c1b39ab45f87dc262f54a8a4f8db6aa,9,0.9365916848182678
5c2c2de920bdf18593608856378fd41c,13,0.9314571619033813
521a3411b05a62adaaa442a1151ff486,2,0.9825886487960815
54592ca71aae30f8fdf083a9fc15987d,6,0.9542258381843567
1e05e151b545c38c4085131397d815fc,11,0.5054472088813782
3a18d33a57aab7a6d3a021fad1d3f187,8,0.9614601135253906
6994f1e4f9ab4a0e4d2bd8269900b629,5,0.9701647162437439
cbeecf08303a4741e02c825e2c3608b7,10,0.9712079763412476
16e4c6149d1a3fb6d9eef605c02bec16,19,0.9084224104881287
36ee40b5408a223cca934aabc8d4ea72,10,0.971348226070404
1701e087eb71919bbed37d1aa93765da,28,0.5976614952087402
e368963459cf5171042b1a71e5b7ef48,15,0.7103422284126282
a4674ac6a19d6d2635fcd58b79cafb31,10,0.9712187647819519
9b9a8ee6fedad659a48971f7c3c2616c,10,0.9714713096618652
b462430aeb42c6e1748691063544528c,10,0.9714638590812683
ab0ca7c686f0627bde22bf48e8deed41,6,0.9608746767044067
4f2aa3ff1dde257aa9ed971e18845cff,28,0.893126368522644
15510ac244f70256ca81d6e27cd6edf8,7,0.9717564582824707
02f59894d2d0b022206b2e20dd0eaa7c,2,0.982727587223053
3d41422ab6ae1cf4233933e29f6c84ff,5,0.970085620880127
73fdac7b030102517360cd5e49151ba1,15,0.9505278468132019
1bd75897327cecbcead7c2856e767fe1,4,0.6241759061813354
f8ba2ab71961419405bc18175f64ca20,7,0.9717934727668762
d798da6204f27e766c8a304501275ab2,2,0.9822132587432861
3af1e3d31cc7652b0191a3462ea791a9,1,0.9654613733291626
808b578b90be8166eacda281a5254ced,7,0.9718096256256104
7b4d4f9479cc92d1df06bcc771616a17,19,0.914337158203125
9bb229a9ec66ef797f836654f7a4bb99,8,0.9616486430168152
e5526998c0a9e3afbe2d80ea03d43bf4,16,0.896694540977478
f56891f0ad3149dec74c326700baff7d,11,0.9608123898506165
c7ebc1fbb9c992a40f3bb433fb2be61b,25,0.9120079278945923
e568552a33f58fb1cfb74ba0a9e630e3,0,0.9770923852920532
f21398d0a47fb670a9924a961b0c42a9,0,0.9805775880813599
c6c9a53a12f3e137da0cf340b450e901,11,0.9616584181785583
74a9fa9e1cbff16c9b700c6309fa4dfe,29,0.8936030864715576
4100153e38cab8fcd4a2e8ea1d094441,8,0.9614697098731995
550d83e6584a9a31566eda438a70e7a8,0,0.9806000590324402
0039067178e5c4525e6d038dbdb7187f,4,0.9500496983528137
818aa16718a5abef39d8e65c12ced3df,13,0.9619834423065186
440b53117154dd702e474216d7f44c88,7,0.9719018340110779
c47267c555ead764d1a73a339bb214f5,30,0.9052808880805969
c4a0f792bdb899b0199f5351c7b24081,17,0.9353540539741516
a08b7593c6ec3477c5cf2bf30728dac7,2,0.9800453782081604
f3a115751af735d19ccd256ff2608967,15,0.9526398181915283
d5a74bc0f28b49a721777138d833f96a,20,0.9606335163116455
7440ec884f1762bef56d1d51899db6de,11,0.960548996925354
27a41fef9e648d3209f325a85d4dc854,18,0.9331358075141907
75cef41c57b618cd35a4ccabb93c5b59,2,0.9827238917350769
03df94b7551f986f0bc4548e561057d5,10,0.9701893329620361
b334eddd43fc6650d31fbe7d348cc573,10,0.9710075259208679
35ed2c391002c437d46a0707b306c7c2,10,0.9712865948677063
17a49dd8fd2f4bc8ec7ebe4f37f18d7d,2,0.9827905893325806
05a46629d56c5388f7a7360b99cb1d5a,28,0.8930397629737854
046e6e0c2427bab66eac3f686d596dcf,18,0.9338593482971191
8dec826268c4cb980688b14ad747bfd2,3,0.9333204627037048
bdb204c35f14a4ab5bff36aa708d1a0d,13,0.5950954556465149
c063bf5c3053a45e3658f0d1371bdc8e,11,0.9612439870834351
a5800c7474ece64ac7da15f424e32ac1,6,0.9597019553184509
fd6907bfcb75fd94ca708b1057c19b23,10,0.9713876247406006
a7ef91691fa8a2358ef99d76749cd3b8,28,0.8468672633171082
5816edfb3368ec08fee8fc3b41aaae70,13,0.9622530341148376
a462420932e6344e3bc0b51db893764d,11,0.959541916847229
ae8c887d39bbfc760fdd5afe3fcb1d6d,17,0.9384248852729797
ca59dd066a5346569466afc3b1c5d2e0,1,0.9650455117225647
ac837a79fbbe64e9cec750d00cfd181d,4,0.9104330539703369
5aa746c57cf42bb8c299747edf16289e,10,0.9713900685310364
332a10a6fece22b715f8f7a4c08d4f98,21,0.9201235175132751
7a445e6ec71523897a132e5983331437,11,0.9610950946807861
2dbf7a47409faef84a6ea263fa33ba36,2,0.9778907299041748
1d1b892cf537a0f6d7739608a49dc7ab,0,0.969322919845581
6133065b0d2bdd4bb711852db29f1755,21,0.9302188158035278
a1c434ead4af5e8291b7bd500959d634,2,0.9824992418289185
9c2154c2a37a4b5f1e7480490af9d16c,5,0.9703913331031799
cb642e926b27a13c5e3957301f8308fa,2,0.9827624559402466
798abb80956de55cb1dcccfff6b3789c,10,0.9711189270019531
48137d826449fe51151e81e97058cc1b,6,0.95937180519104
1c7057d059dfc9b3e806fdc210171b80,21,0.9359599947929382
089187b5e8e73d613e6f2668562894aa,10,0.9543576240539551
17f8f4100df220628555544acb7f83b2,10,0.971445620059967
020ee0eabc34e4b3c032625ecc10c521,27,0.8869657516479492
f5eea39349be6dee4e669225da85f3bf,15,0.8027687072753906
66789aa57461a290de98b729e5111413,0,0.9806461334228516
f8186db655a5bad594e963272a015f22,13,0.9626263380050659
8eccfa29b944d2caa87bbdb8787d3a66,16,0.9470497965812683
f49ff6c21fa6ee07da384dc0e6cabcff,20,0.9601727724075317
870e07f78815f1c3be7b5b106d54864c,10,0.9714130163192749
cde7a0e3e95a7be7083c33490da7063e,26,0.9236893653869629
a59fef771adb2517a1c9413b24339c7c,26,0.9270399212837219
bb49cf2b5d047090c33f7bec80a45202,0,0.9804673194885254
cd19e17c2f5e321e2ac1a9922b757c0c,13,0.9625134468078613
43d7a5dae6fc1315a974b968a067d1ab,4,0.9101536870002747
174c77391c727d4d663f244969137cc4,11,0.9609107971191406
1aa04ecd0c5f1dc58baed46574b5ce28,34,0.924903154373169
8760e89ee3bce57f364414216dc06356,2,0.7587255835533142
80f22e1b45767e23fe9bc899eae19024,2,0.982856810092926
9f30c7a4a809a6f637008e5445b4a29b,11,0.9608213305473328
d61f2c9f33157cb663276d76bf2b274b,2,0.9806281328201294
80041363a6506942d9bc721b76a77466,1,0.4913841187953949
b455a1162077cd936567bb2532c76691,20,0.9604727625846863
b2cfe2f69576b86e9aea1c1d6e4eaad8,0,0.9807297587394714
53bbcd59d9767765eff65f994a28757f,31,0.830028235912323
abb8a935a28805fb01141d209edfdbfc,0,0.979794979095459
b6ce4f184aa69377e6686c9261b557b7,13,0.9484516382217407
b6032d115fdd0e14cddf5d697c1df8cb,7,0.9718629717826843
64eaa010dbe2b63f85d386282957d38b,0,0.9801287055015564
d4b49801acdb95e4bd8a75c97b75d025,24,0.9532485008239746
9f32ca2c3a804794b8160dd0ac75b547,11,0.9608585238456726
b5987a403099b1602ea8813987d9419d,8,0.8622410893440247
6e241e45bb896d4f1fbe3efeeee83498,7,0.971729576587677
a87c75565f25a4991a0f102e2c676b1b,18,0.6998452544212341
96d78c5e0d52a6d8c8cb04c2ec71e807,18,0.9137153029441833
3d747c151cab214d628ddd20e4886132,1,0.9646831750869751
ea37f0d33fb8d00de3f3785a6b34aae8,17,0.9251217246055603
e3cdfc64a030bf4db7f5660ecba715f7,13,0.9621521234512329
4c719f5cc34993e881f63c263d691cc9,5,0.970542311668396
42253f84bc416b28b876ec62f486c2f3,0,0.9807089567184448
f1e68baf1b4865d3d351873401abf1b6,34,0.9253576993942261
86c663e63ae457caf982e41817db8db0,5,0.9706321954727173
b80cdeb5156036400643d5cde68487cd,4,0.9517673254013062
a0e814489f4e51609511a6cb243e2601,10,0.9714013338088989
91ffb573870bba613c27abc612376f8b,10,0.9714322686195374
569515b0979cee13cb85d43474411805,8,0.9616401195526123
83950b146c1ffa2d555a0424e4734ed3,13,0.9606366753578186
5f9cdd6d25c002f406cc564af4e08544,2,0.9825390577316284
787a9766a6f165abfdaa588d8c028109,2,0.9187602400779724
b90ecee53037bbe2122f3c2b39fb8ec7,2,0.9824507832527161
100f734bcad901593f90a40c52635d67,10,0.9713394641876221
99a84f94b6bc51800ab8fef2ea39d3a6,2,0.9825127124786377
ada38511ae0b28c6340d6ef4df6ccb93,0,0.9807317852973938
15522008180ae641ce5c602e9451c802,13,0.9611203074455261
67da734fe9a29b3dc5c6dc4996941ce4,13,0.9539176821708679
7ead15cab26cd9f84c8f24752e47c682,16,0.9471367001533508
ecb54b7ba18f26ada976895bbf2fc1d2,5,0.9701607823371887
fecac856a8b8066535a200947d469f41,15,0.9527835845947266
9071a270947a3ae1f6b1bb3c549943a2,11,0.8494237065315247
22af478c7d43791a2114f29efb1c531e,1,0.9654001593589783
b5e2461f20e344d0d672c6d753ca52ae,8,0.9616088271141052
bb9cb42b418313a12715231d823bf352,8,0.7997478246688843
6d110e6421e403eaffd5a721094bac2d,10,0.9688237309455872
da6436413ea5dbaa573b459f53212cc9,4,0.9064737558364868
4ee4c86615c41aad6cb7a0fdbd7ff2fd,13,0.960084855556488
a9dc7245fcc2acee33a4ad0f7322610b,2,0.9827896356582642
2b266930ad73dcfbed4c68195096dd0e,1,0.9649121761322021
593c60b070bc9507ed31b58fc4ed24ed,7,0.9716192483901978
b91329305494628ecf0b89018df76ab4,5,0.9706869721412659
ff5515434570126cfbaa762f18c69fcb,0,0.9799466729164124
52f3bd4b0c86fc474c4d4b423e7fa3c1,7,0.9704970717430115
ef083e7f4d2f6ef79c5ae4bf24f50b97,11,0.9612576365470886
1216e2dac4fdf3bc668049275b48a0aa,2,0.9794026017189026
79160f3f5ece802c22d9c579838e7d7f,11,0.9613045454025269
cdce3700c44dc418aabe2a86445b4858,13,0.9620693922042847
2bf0a8d3bbe287e47e04c3ab83cb5815,11,0.961075484752655
e29d477d4044b06046b70c1c2b79ea53,24,0.9534869194030762
9c1323254d77b94f6be016c234ec864c,1,0.9653373956680298
05cd763d3a97b660cf91c17a82982950,2,0.9826578497886658
34b0c085e16f19fe608bf0e40690b38a,5,0.9684244990348816
81c84429828825e571850b6860daa12e,30,0.9041631817817688
3576bdcd7a5289bffea5572ac4056daa,2,0.9824386239051819
378f3db752047ce2eeb046ba5a8cce92,11,0.9602236747741699
adc6b00ca777af6b4b8c0717083ca8d8,2,0.9148231148719788
a49be2b2bc98befab5ead5132c24fff6,10,0.9713943600654602
e991f1954327ab97a678721ca6c25c14,7,0.9716880321502686
cf4ff47e196cc9e567e7a7d06c80da75,15,0.9533138275146484
64c2d61ca0f9105ec77e0db6004b0ed9,2,0.982742428779602
ff8c436460a390f4a8ebe26cb85ec28c,3,0.9262832999229431
fbafcacabb0512051fa5365aa707f0d6,2,0.9817361831665039
b1cea97ef7596f21e839a437b8772a8d,19,0.9167157411575317
f149114b7b979010e6f5db93f86e9cd0,3,0.9185779094696045
d18e4945a4166354fc7908f72023d96d,11,0.9607601165771484
bdde9201e842b892168a42efed39d5c5,8,0.9584222435951233
321dbcf06e7f3c74a53a875456f6c354,2,0.9827533960342407
d3ec0d971388b1750123293630235cd1,3,0.9300056099891663
055facc63cc340b890d8fa0361a64584,13,0.9625018835067749
f0e27568318c9376916befb09b4d96c1,11,0.9604837894439697
0545c2d2d391ac5efd34796dbc5b10d6,1,0.965620756149292
2f8e571e2dc6fcd241ed90d341dee806,10,0.9712924361228943
86da455d8b887057a14c633152fa4d3d,2,0.9822431802749634
41281d1b7efaf6d0e487f84b554f1458,8,0.9614459276199341
ccfa2ca12e85d057e00f3cda86b48ddf,2,0.9827473163604736
fb247e5169e7038d15324602dd57f19a,2,0.982421338558197
3d49d7f5309578a0b8998fb527cafcee,0,0.9658880233764648
5214d071da4c06ddddc5c64ed1314dc9,28,0.3038553297519684
f37bfe657f903d63e5941d624dd5de49,2,0.9826418161392212
d16060f1f426a6bf8a774b7607c5d52a,10,0.9712346196174622
fe9c38482d0cd8ec083a73a21f980589,11,0.9611462950706482
b2c4fae825cef0fafb131031be37cbc2,20,0.960793673992157
34d2e6cb2e96edb9291d1b94c05798ab,2,0.9827934503555298
a22caacd953b52c0e187562877802c69,28,0.8940801024436951
361c6d634d4fcc29180892f7fd178d60,10,0.9713682532310486
4e32ef03713aac9eb2479dfbdabf8e9f,15,0.9375188946723938
01db265c16d14dc44d7c0fe783b8bed0,5,0.9705594182014465
9e64282347db315cab9ddc4d8e19d6d8,31,0.8775113224983215
761af508359dc704488242f016795b6b,2,0.9827569723129272
c7243645109db603803c8ff1cf28b3a2,2,0.982780933380127
06d87090e6bc5d7b2f1a9f1f89c83488,23,0.9241923093795776
412ab6c871e9527e4d0acda8e05178fe,2,0.9762740135192871
8e710b1f07ca7e1b54b0616f347eb960,24,0.9169443845748901
f96daab0f7aa23d0d4ce21c36050fa52,30,0.9042471051216125
260a6bf3b24a2d6c3a271f5aa180234c,10,0.9712201356887817
f857152cb19d1191f0ef528b50cc2a86,7,0.9716464877128601
9b2a41976130596a8bdf2af54945222c,11,0.9610282778739929
88d3da8d67b439fc459ee7a715eecaf1,13,0.9625628590583801
6e9b606b57dffd47ac55c3b4be0046b4,11,0.9610739350318909
edd663b708bf2f2112a11d6368cc8318,6,0.9598702192306519
08d60debc63dac7f6632571d2a0182aa,10,0.9714764952659607
d37e006bd042daa7855c059704f1b318,21,0.8972244262695312
b9ec065846a08d6027c4342a0f606722,7,0.9716521501541138
24abd9099021b8dfe666b22281bb7488,0,0.9804458022117615
4ff8684e8c57294bd82b495d624a72df,21,0.9347768425941467
c7ef75533b5f7c8dd00c090a93330696,8,0.9616486430168152
e91aac8ae5a87eb0ec129485dd61e935,0,0.9799501895904541
9332e489812a9b44223280b3b2bc605a,2,0.9824835658073425
63e6240ef666adec84378b0ccd151f0e,10,0.9711744785308838
54b62c0306f332df8480a5bf9759ad2b,10,0.9712632298469543
658303aee4f9ce6f4611a0f0cac41a91,12,0.3730684518814087
a9e64c2daaf17ced9ccffbc5e551a8ae,11,0.9410194754600525
021f7e561a7287e5d99fbaf34df422b6,6,0.9604275822639465
4b53bcae45dc932fc10528f5904580e3,0,0.9795743227005005
70350d1e614d569f4940e5bfb3806c3b,7,0.971813976764679
cb70d105437c81943a98d63a47045fbb,6,0.9599610567092896
ea27433f8ea5c93955bd380dfb2587b3,20,0.9606970548629761
caa5f010b124d6e03e5c35ec3f99e4d9,11,0.9605374336242676
880b61e18381c66eefa9c85bf9b3cd1f,6,0.960322380065918
9d1363af72a38f141635a524e2a3b87d,11,0.9609562754631042
e34dfeb3dd4577f3a70d8a7872e7e92d,11,0.9607593417167664
6baf2dc99bb7561734042c91af1c62ac,28,0.36060288548469543
57573dc0cc094860fca8e8ee7ac555bc,2,0.9827724099159241
95d43adc974afa78c7637399e3d776ba,11,0.9608486890792847
797ec452d322868b5a7b43be30e5f0d9,27,0.8353676199913025
33c1b9e9813d847488423cb5a62d4ab6,3,0.42219650745391846
ba1b96014f37468b32fb9b8c51f6f0a7,13,0.9623998403549194
fafd802e137027482d780528f604efc5,2,0.9791867733001709
c82011db91793ff7871c9b258d999d58,18,0.9338367581367493
f319a84ecb13d9c1e1f32028b4fe6aa1,2,0.9827622771263123
5782f7655bfac37659c9d3b63c738fb8,5,0.9706209301948547
c7d5e4956fe79cd1eb42ba6968d99d46,2,0.9760087728500366
1df72e0daacdfd3eed455faf79937a98,22,0.5858357548713684
899176764edf3503d0c7a652d52c5751,2,0.9827706813812256
09f0761c1362fa3adb4b0462fba0171f,0,0.9784472584724426
a2bb113b0aa53afb92441248cba05ba2,7,0.969989538192749
71cb34198cdf70ae1a253a72c273c87b,10,0.9714354276657104
38f87fe11c068a0df84944499290a3b0,11,0.9602720141410828
bebfa4672ce718dc5f1ce4ed98c9b0e3,20,0.9607175588607788
8ae351f69159ea92a68f45873280539a,13,0.9613795876502991
49e3fad832e996a1daca4ff5f34bb828,2,0.9821442365646362
d65ca41c35769da260d3128739d33001,1,0.9655580520629883
0e5a7180e92c7b93933f3fb89d951d05,0,0.9803707599639893
52af9bf5edec0fd853bc2ed04d451932,0,0.6499196887016296
f8e4ff97d2503fd3f769cfd27c0f9eb6,13,0.9619751572608948
0b66e47fbe1c2f23575de9663ddf655a,9,0.9397118091583252
4d6f0847d18f7c1b980b823e7db980c0,10,0.9674056768417358
de49abbe868308052abb32a41db102f5,2,0.9790171980857849
7d5302a451b2e8adc3d988ffdc4b96e4,2,0.9746253490447998
dcee584a53e71aa0f3135fbe40767f61,24,0.9531604647636414
a4ab4c181ce45fc8db55629114b9a7ff,2,0.9828178882598877
7368e70f055a93d3a3f5d884401a44e6,0,0.9806120991706848
40045a010ace8af6b7e4d0bff43ac032,2,0.981717586517334
bea4af9110080920ef5115c844db0bd0,1,0.9649969935417175
7f11d25679d6d850fe4a100b773cb9aa,2,0.9722814559936523
ef41d6d22fc88ee04b0198e197116459,1,0.9569659233093262
9b286bf30f74a83f9099e97ebab54d8d,21,0.9279976487159729
a11a58078d420a1fe8286197962bc241,18,0.6881462931632996
1219fc7f083609bc6b46267a8eff5384,28,0.8971906900405884
f33efc10de2b1d43e27fa4e37df9a19b,15,0.9520485997200012
1344918194504578646c9e5142c3c573,20,0.9605380296707153
9b91677258e0a4fb94d0659147b0b7c4,10,0.9713407158851624
d7439d3054d4f83ce9aada8cc22f3fd4,6,0.9600146412849426
3b96bba2ce0043053a079af7fa8b6a21,20,0.9599921107292175
7d2883ed1b79ba3ba6588c308e60baaa,20,0.9535371661186218
66d74aaa284fb777ae5d53a2b429fc1d,2,0.9815441370010376
309758a04c957c114b94757baaaf9c36,0,0.9806500673294067
62432ed671e5f87b2108b00c4bd5ea00,2,0.857098400592804
59dd1a79ded3cea01f99647cdb1c7061,6,0.9604761004447937
9dc747cbeed3146110e96e0f2753bde8,7,0.9718464016914368
5e0c01f2106772592f43bee6a161e1d3,21,0.9347527623176575
a88edccdd9685837759e4fd714a8ad4b,13,0.9620648622512817
0831a12d60c6ba95ea5da02689b89c56,7,0.971782922744751
8332525ef972c1d5ad3e20a617c0688b,10,0.9713385701179504
241fa49d60934d5196ad466f1177804d,8,0.961652934551239
3b09a32b1d9fecc68033a3097b1abe5d,20,0.960806131362915
da90de7c96122cdff0d1cb9ae906ef5f,10,0.971315860748291
149d0d8d0d2bbd8c4948a35515bf2f13,8,0.9612672328948975
b769992961e92acb6e6d5e07047e0d27,11,0.9611135721206665
e8d4c457701a9687c44fa7d8a45eb612,8,0.9617136716842651
43713e277ef678389aad41d28323586c,13,0.9620909094810486
df588ff3537d13c7157fa71de9422c83,1,0.8742789626121521
6f64c061c04ab5f8a93505a04f0835bb,6,0.9583501815795898
a358a61acd547cec79bda0ff5facb55e,7,0.971662700176239
eb838044d6e0b52963328db16d25c771,0,0.9723237156867981
eaf56d9d856192ad691d80b0d85ee906,5,0.9362038373947144
09164ed25109658723376a6b6fe1cbb9,2,0.9808570146560669
091eab4e2ea14ab56656daf13a7b58fe,8,0.9615879654884338
c1a28f6820bf18cfbb150d93a1ec15bf,2,0.9823859333992004
9cb47f0d8e1b2f4ca72c93ed14c71750,7,0.9678140878677368
9865cffbc291978387b1152acd8b6702,26,0.9266126751899719
1c9b291860daf04e84cb699af5a07183,5,0.970608115196228
3f1a49c65ec051c4a80c69394b4266ee,10,0.9713607430458069
7a16db90f30f406d5aa1ae40272b1aaa,33,0.8561141490936279
21c47dbd01f08a0ec32784324451e40e,5,0.9707141518592834
9fb4705db217e91969fb9420af25a8ac,6,0.9606795907020569
e936faa1c553b2f2fdb6a8d75261c1b9,8,0.7663642764091492
d539b6c72ee178795074b999cf400c99,2,0.9502971172332764
a47a9d076377b0dd5b3f05fee9968ea2,1,0.9612551331520081
da55763118a5db3e1ed6b65e4231c3b2,10,0.9707968235015869
f449b290f85d62a501eeb1868f633469,21,0.92640221118927
385a3c91292752337aab0dc730af0373,21,0.9326040148735046
3a9d459d842526324efa435b50d85f58,1,0.965129017829895
1be9d5a12201daf75d06c37d331d3ca1,14,0.8952247500419617
e1ad1dd7ceeb76a65da16c621ae24fed,2,0.9825088977813721
7c74be42eae44c851de50b89f09ffc3c,20,0.9603075385093689
a558ccc21b708382689b87b9b8ebd4eb,2,0.9817923903465271
0a2ef3101ab519e2d97270562892edec,2,0.9823581576347351
94bed39e480ae22e4cbe9f64bd4e6b5c,2,0.9827067852020264
7cf4867f0a7c5cc30e7656fc3042e2f4,14,0.8957592248916626
e45c31c333621e96c28bc6c4f073bbe9,11,0.9609386324882507
511d37094ba88e72c4c818a77ece3475,33,0.8554466366767883
72f6ab10cf081fa79e830933b1d82cf0,2,0.9798858761787415
d30adc25a708f63e859498d10cfa1a25,11,0.9610852599143982
da9b896bd103444164a4c00681921a74,2,0.9826881289482117
3e4a42895a80f559a75f8cd4760c479e,15,0.9528630375862122
9942720febdb918b86ab7ed8e512b7c1,2,0.9825783967971802
0f7c3c0f9d56d89687feabe1cc320abe,20,0.9605821967124939
b8fe753f2b6f20e2e448fd83aeadc162,15,0.9531885981559753
25a27a9536e76a45740d9236ec6b735e,11,0.9614273309707642
32f41da7ebfad25751719da09dcd037b,11,0.9615750908851624
cb6d75b571a5f496201b179cc74edbba,10,0.971370279788971
bf45196c09bff4e8e992b7dd3cca9133,13,0.4759351909160614
a1e249511864d882cc27d2307663776d,17,0.9399140477180481
185f73bf97f872d6233251cec1a3bd4b,18,0.931792140007019
39ef3a6c4ffb0eb86049fc2b3cc7d3f6,26,0.9263511300086975
f8ea85444231800eef1ca289ef6489ed,28,0.8872279524803162
dfe90a1ad541b39db8043d875057e9e1,2,0.982376217842102
10de85300aa91952356e72cc0805eed6,2,0.8119860887527466
7cd8e9870c6575883c269be56b370c58,5,0.9702449440956116
f44e3bce7440a7f6e2fe63e189179bfb,20,0.9604433178901672
bf7fbbf303999d7de893b33ff797e8f4,13,0.9624847173690796
eb9eee5f18eb57014e1deeaabe02858a,5,0.9706108570098877
be0efbe7d66245e233a7e8ef9318e887,24,0.9447470307350159
9bb3cb0dc2f6543cdd7103818ba15bfa,15,0.9531123638153076
52a2473aa389fe08ffbd6eec9269a81a,2,0.9823063015937805
3193d4e95d5b80d75d631d8e1d524cf0,7,0.9718106389045715
1a69e353a8ba2ad786cf7a8ff4c50cfd,1,0.9635717272758484
974999f06252198d7ed2f9cce53f84ac,2,0.9684835076332092
82e60115d192a616c9c6d10a32b3b633,16,0.9394170045852661
2920f6aac5c6da32617c5f23024326c6,11,0.9611530303955078
bd14d080d8c98934d62f30dae5c3d9a8,10,0.9715040326118469
07ee3d4ef467d09c78a8551d2ad6a007,6,0.9576338529586792
28a9136c9bef46b32e399ea2da708a6b,8,0.961683988571167
3ccb19ecd96dca4c5f1d0f6d8304a945,21,0.9338321685791016
7e50efd12342b21f21863ebd6c04d795,7,0.9709230065345764
b6f41ad3028ae153b977aaa75276a333,6,0.9605693817138672
5501abcbebdf59297e7fef4de0560287,20,0.9603727459907532
1269e8b3e48138a61c02559f30ea83c6,0,0.9806473851203918
393f2546599d1b80fa652a0107ee3f73,20,0.9569580554962158
34f25bbdbd3d348ca46080fa840167f5,1,0.9643911719322205
cdd3f85e4d3d72b1fcdfa4192a6a488f,0,0.9722575545310974
585dede38c57b19100e71cf6c9e1287c,0,0.7377898097038269
41077774199fc5eb3c141f6d8571ca3f,10,0.971575915813446
951a65e6c5b62044809fc3a59fbb9d0f,30,0.9052177667617798
01055ba63567b207f075392fc40826ce,21,0.9349611401557922
77803f5f3d72752325b04e7002ceb531,15,0.9520771503448486
d1d4e02795e64a96ebbfdee61fb241c4,21,0.9278444051742554
d44eb8e3defb758cc09c971099343c9b,13,0.8297123908996582
078f33aa872ef77c606a89af90baa3c0,0,0.9803675413131714
fb0eba533d5dbb775d7ff9873e07aac5,11,0.9611738324165344
7bc86b41a0419e1dd5c12ac4d27d7ff0,25,0.7504275441169739
bb4c55663808496ebe6b81783b0650c5,11,0.9613280296325684
debccb9ab58898eaada826716eb798de,5,0.9703997373580933
d97f66f3d60213371e2ed3225f7ee69e,30,0.9004873633384705
d55a1bb4dac62df4cb2adb20f1b94a89,5,0.9702185988426208
c420bd8b4721c3a63fa34b5249ccac78,0,0.9798440933227539
91169a8e8535966ba77349c94e93a1ec,26,0.9265891313552856
32a0cdb767233b90776699a8ae3bdecd,11,0.956092119216919
c5d1159eec8b9637cef1e5dfdb1bae70,0,0.27009034156799316
f809f69260a30b53aaf36e24fea280ab,4,0.9510051608085632
dab98aec4bfb2b88b324a2ae6acd33fb,7,0.9714093208312988
16436845354f2abb3cff20b46f158811,11,0.7711107134819031
45f7bfc8dd2da3d41e3d79938f72fd2a,0,0.9793180227279663
f775e652968e9aa25941fc149ac343aa,2,0.9827176928520203
631b6e505f2e3f402e6f786a0c60ef31,2,0.9827361106872559
82a1db82238ea5f98edff45dfd0762eb,26,0.9263129830360413
57169c590267f8bf348cffdf7cb433d8,2,0.25751006603240967
be5c800d49c6b3ee3b5561eb2aee134e,8,0.9616995453834534
bfb4f63d9bb884c1a6e326211a4d4256,2,0.9820187091827393
a60fe2b5ccc6bae309b7ebe8c0a61706,0,0.980350911617279
7b4f74ac7591cd509b9374d4c762fee7,0,0.9805406928062439
d4fb3dca34d5d70431531b21f836a9e5,28,0.890419065952301
4a1baea9977e36cb4f9c52865bd08490,34,0.9255370497703552
15f07aaf84df7783b7f90f3da24d00b3,9,0.9407229423522949
891bf73bdb3927125b1e81657d9803ea,18,0.7386987209320068
079489d35b98f7e17d5c2474c2dc9274,17,0.9378006458282471
88601ba1cc32c7c6ac99f7cb61d110b2,5,0.9704299569129944
f91fd3696f27f60010be8e7aa18c4cf7,2,0.5844261646270752
256a3cbd16eb16dd03bade95473373c0,15,0.9527680277824402
fd2ab076bab07cb09562b5d252027848,0,0.9804523587226868
178eaed18599a85da12ae5c77f80c861,7,0.9717270731925964
62c2b54864ffc5a3d3cd39b420a5de86,10,0.9618020057678223
9bfa7dd445efecf1e418a92d5cee7afd,5,0.9702085852622986
0c50598a7d231b1ecd66dc8f339256b4,13,0.944024384021759
92b6ecc01c52908e891d3deb6749391e,16,0.9448527693748474
039193d2a585900370d78b8821584e0c,30,0.9050153493881226
0ba3d6ec99fad0585e62f706382a0c38,3,0.9324807524681091
8496db2ad22d188ba25b21b844eb4fa2,24,0.947559654712677
36ac44756765dbed4398348e97e4dd1e,2,0.9826682209968567
d80a695a83056974e6c603736fb58f59,18,0.9336700439453125
6120741ad9f0d2996dd3806afc859c9c,21,0.9343776702880859
c0a45d91aa2b6e338fc0b32f1a85be28,13,0.9622745513916016
2872aadbdf1be5c61e7fd585bc81658a,20,0.9566933512687683
0ef15e3ff96603d83365207746e1ccc9,10,0.9705435633659363
f6732ac81382c93801e0d14134fe9e18,5,0.9707489013671875
772f4285682578b409bcf646d695cc3d,7,0.9718660116195679
45f133d73d7d5046f5974f4059250334,2,0.9823859930038452
156363d1851c004515ab46e8fe2c301d,2,0.98233562707901
67f1ab1da97020a96b2405e874cddf7b,2,0.9827308058738708
359d83f5850d4b0721ae1cb60a41c151,0,0.98060142993927
decf63db03becc4f6144268aeef07667,8,0.9615665078163147
58182d0c28599262da9023e9ffc9fca0,6,0.9558595418930054
8fef0eb4b3f4bc9642fe8d3269839264,2,0.9789993762969971
0344ebdfea0db229efe90b358ef308e3,2,0.5717523694038391
879b7e9c64197a5b707a1f67d3c3e69f,24,0.9489284157752991
a6439220610ecb2811f73c2ec5a06a91,0,0.46976718306541443
4af03d5c1b07aca3ea184028a13d60d5,22,0.6224247217178345
13c8f3958f42a4f4110b26992b2e9bb8,2,0.9812411665916443
eb26020fe58a5402aced88fa3c6d85c9,33,0.8375577330589294
af2d8fdc10765e5ee3680c102d9ed1c0,11,0.9598188996315002
fe076225a3b960bb4495a0334b5b4d46,0,0.9774302244186401
6e507084333f81ea52ecd5ea9d219463,4,0.9273216128349304
a00c59563e7e90a2b162273081d0b20a,2,0.9827913641929626
9dfa6a8961746ad307c1d76c0648ddd8,2,0.9817360639572144
2bf78eef033c8f0a414fc388229e8c19,23,0.9526732563972473
0d0c60671bd47f7fa26f4d0a1319efea,3,0.9289807677268982
22804ea76f9514598f69582375ae039c,30,0.9051639437675476
10eee3e5aaa92bdfa66ebbfb57655a30,17,0.3812565207481384
162dea8881784aa2245f9102f7312ca7,2,0.9827766418457031
4d957a5734dd48c8a7630d69d9dd78a0,10,0.9709308743476868
eb15b7f6d70b005de34e005b299f860a,34,0.9269595146179199
8104e0e88757771fc3ea290b07e053c7,28,0.8426615595817566
228ef4f7797a8f4c0dd69d75db3f975e,18,0.9335407614707947
b7d6acb598eda77bdcfc95b5181763ef,2,0.7967528700828552
902f16e65346d5fc553e0727876dc6de,10,0.9714210033416748
9085fcde794ea94483382e634e1db440,11,0.9600250720977783
19023176afd06eb1fb610a3ce975c0e1,5,0.9705023765563965
b0aa1f5ba5c0dfcf4453760124fc048d,2,0.9825650453567505
12a8e93871efdb00853cd17e1fa4806f,21,0.8421286940574646
73303f884a650dea79af7c42ba81b8c0,11,0.9610496163368225
8dd9c29bce3b11bc9e4a1116f023eef4,11,0.8910646438598633
978708f59b9db3b1a75dd2d6c6433805,2,0.9827622771263123
2dc848838125a6ad30e7ec24cadabde2,1,0.9653163552284241
e3f9bb1d5d42e05011166c3ab2ffec1a,2,0.980453610420227
2c7a4f47e97cf3be3f7f4147a0091a08,11,0.9611039161682129
2eba5a98694caca2ef5e0510ba56fc3a,10,0.9713747501373291
389b3b402daeed8f5c1157f01fbc531e,2,0.9825031757354736
ae325807d8783beb122c58b727a19064,20,0.9571822285652161
9b14b74531ebbb64199591d198f78925,8,0.9616484045982361
a85f7364e12c003a4fe50999dd2f0e80,24,0.9259775280952454
ddacb8dc580f46affe5529b020c09ace,2,0.9827516674995422
5930df7f05d3b412aedd9cd6357b1e50,10,0.9714146852493286
71c146fc316467ad0b6eee754b774a2f,4,0.8511466979980469
872fd9f4a6e0da599a53bf0be4ec6763,10,0.971322238445282
32f62f2c33ed14cd18172b26e1a1ee43,18,0.9336908459663391
923becf791cc5a6c2dde4e3a95641f15,2,0.9806015491485596
29556d1fc936ab3b87baffcbcf710349,13,0.9626493453979492
854bc6bbad926a75c47724584bbcc91c,0,0.9806932806968689
de2449ad7ee2e73b701326232e6f83c7,16,0.9463106989860535
b82ce15b79768df0d85995886255dc2a,11,0.9607627391815186
66a8f6c08fb49e192bc9cc08fb1ad9c0,8,0.9617183208465576
bbbbf06e4fec88166219d3f61648a826,2,0.9826081991195679
dcf651185bcfe7aeaf5a8b9603fbd9ec,7,0.37039393186569214
ff2181fb1cc05587246a30cc7fcc7677,8,0.9614672064781189
fe40e8103eb81c25096996422cb3fff8,2,0.9792343378067017
57f06dcd5cea057e795b14d41c5443b6,0,0.8003838062286377
1686ee733d56f9a98e7cd80780221d31,7,0.9717750549316406
22ca86d3850cc76b8384298b782f0e2e,3,0.9317443370819092
2bf916ac6ff2e5c27e7ef183255213b5,15,0.9512574672698975
4522bfac3596f1f2be7eb70a50761508,35,0.9320612549781799
07a1a9ef1ac4cffacb452a5ce09ee3c1,4,0.9494354724884033
37fcb502a0cc09b3a381fcdd38a567c8,10,0.9708809852600098
0de73fa2be8178a63fc879d5c207e2bd,15,0.9475622177124023
a4373a402c9819bd7243f644c7658c52,10,0.971341609954834
dfac030a526e4d7e9f478d7f5aea8146,6,0.9601064920425415
30fdfa4700e39c49826161a138aa358f,2,0.9486476182937622
03ea090db2c87c87e6105b2cad1ace5d,24,0.9534726738929749
2ad240bf08f8a4711d37f950561315c0,11,0.9611172080039978
57639990f28f2998be271fb9e06028a7,6,0.856468141078949
7a4c3aecc667f78658d580b7786418a0,10,0.971336841583252
948367e06ff3e77b8c2d20a407cf2e66,11,0.8258634209632874
5fcb4b105fca533055abfd94f4f57d24,10,0.9715319275856018
252d1adf54989244891185ce55f65d2b,34,0.922346830368042
b8b1f20ac3d517d66341a9730df27a02,17,0.940097451210022
beb4fd10b07806298c4a8f9626d112b1,20,0.9603804349899292
019ee509cfdcb780b6d14ae24dbe36e3,10,0.9709292054176331
751f07a8cfcedb7e6abdfd4c2ec71ffb,10,0.9712775945663452
0ec03d3c00b41e9dd9312fd3761880e8,13,0.9614560604095459
a6c798ca5e1b321db6d3dbee8ef0f1ad,33,0.8547349572181702
97fb56445c67141b364958989138e85a,2,0.9823988080024719
2fd7d135baf690c59c934c3e49be454c,10,0.9715761542320251
3e78d0217a2f1122db90c225dda92dbc,0,0.9803144931793213
3976abe63d383a81ca6f8a340b42e62d,7,0.9718360304832458
3c3a4801adc33a57cee74cfc176d30fb,2,0.9757480025291443
feff5cb8c57501f3ba0a6862ca28c860,2,0.95306795835495
df51320151da1e6872e7819d31b575ca,2,0.9827027320861816
9e1a06c9fa5d42b38ec1c12573e63dc8,20,0.9606231451034546
d16b41c308be9735b7fc95ade29f3a52,33,0.8544504046440125
74a50ffba4b177ad9847e7c42da0bfd2,15,0.9507007598876953
4233b033eaa692ec08032c63c249a816,28,0.8930600881576538
dcd7db7771bdfeefa46f2599356b1d15,5,0.9704797863960266
cc66fc274398a64ccb9888c7951eeeaf,11,0.3503868281841278
b867b8ed0d02a713523209929825176c,11,0.9611535668373108
0d8e83c3400dd505287769f2e6455f9a,15,0.9531424045562744
3ba869f724739d2d2d82214cc49b9655,5,0.970463752746582
e0626fea63d8ef7e3549a5e0e4bc543c,2,0.9460893273353577
872a0dce94256d2d3982204328755c83,4,0.9521180987358093
a97d2b2fbb84d84550d509fe81ef84de,28,0.8921793103218079
30e5c418b18930f0a850693c5a21ce6d,2,0.9720506072044373
80e14ded1f473b4cc8a29af44d4e1ab2,4,0.6837632656097412
e8636ab7a955345a2b902e51173f6d7d,7,0.9716196060180664
78459bccff6fb02c76d07635ce67757f,11,0.9471650719642639
d72aac7237ae7945ce60fc7ada06696f,18,0.9335878491401672
3664cd194c97aa7eb6c82e224b86194f,0,0.9791166186332703
35d11bd5f05602a92d9c248ca9ed7321,21,0.9357463717460632
834480d5af897a5c08f4d8637cb623d2,7,0.9716352224349976
fd5781bc9aabf987da588338033e18ac,18,0.9314994215965271
3cfa03ce179d4e5076c7a959f6304141,11,0.9612982869148254
d17a7b2b76f7a8d11056f347ccdf6415,25,0.9121166467666626
fa1c7017e155f03d60a7a9fc9b4634d6,4,0.9332301616668701
36616b967df03963d3775da06f7802f7,11,0.9599666595458984
730d3a030d89dd2fc2e58004602b9da7,5,0.9703032374382019
bb054f1a6f4231f050a7ea76f217731c,2,0.9796055555343628
752a4dc95de9d9c79e7517b9e20bc28e,7,0.9515488147735596
63d41967b4806810728bb3ac84505a2f,5,0.9702613353729248
976871ba797482b0babfc881c5a865b9,20,0.9608815312385559
80a909a9ae439cf0788bceec7eace815,8,0.9599395990371704
1776ea95ae4fd5e373a1fd5ba3d01892,18,0.9328970313072205
d1a2e903fb6a32c564715e5b24e3198c,0,0.9753893613815308
550e7ce9f69964820f7a5fdc97b75b16,2,0.9827127456665039
ba2174dadced8d964f97929937903ca6,7,0.9717839360237122
319a9675f1b537295262a90b3c69623a,10,0.9713629484176636
f267edea7137633a3b7569c9e11c38e4,1,0.9653586745262146
7116b3d6de327ffef34301ccda1c8546,15,0.9520508050918579
e6b42d8462871f3733f0610c93bca53f,1,0.9648039937019348
978290e24f9c72d00e8da3332e5570f9,2,0.9321027398109436
95076b749124091d6f7785d7e87fbf28,2,0.9827365875244141
c361bd55d9ad9dff78a7030c9be0add6,10,0.9684147238731384
c33834eb316a3695194be6b01dccd47c,20,0.9607014656066895
6a485bb591f6cca256a929586458a741,5,0.9702785015106201
0f23f899171c285819e78be51f7815e7,4,0.951468288898468
37248a32f30addb459680f663ac6d4cb,24,0.9527420401573181
b3f6ca6b5de5f77728aef4007884a9f2,10,0.9710841178894043
551923b80e35ddeee5f62a13822da11b,9,0.9404463171958923
e172dccc59145d5c9d9f00a9a2ad9eff,13,0.9374761581420898
e1b0efb2d7fab1f110aef72d63bbc93f,8,0.9616039991378784
39a804abaf0212cf8221fa52329b1e48,19,0.91413414478302
7c56fe1e3f315ce1e359865d1bcd7631,15,0.9527486562728882
7a88c637a2aba0fe1219c4d861377ca2,4,0.8886557221412659
26eb67b865182021952f47fa2b70f9b6,2,0.9827966690063477
19776c30257a76fcd2d445cef4fce1ae,23,0.9523879289627075
cd385071d50997a34343da21426b55cd,27,0.8876460790634155
cc4cd4fe63a9c6615cc72667f52eb4e1,20,0.9604870676994324
41e942cb7837bcd7c9a55d96112831a3,30,0.8336925506591797
a32c2a217279a41e62dbf6c289ba60e1,2,0.9822637438774109
a9f33c67223ececc1772e2ce19d7e994,29,0.8945638537406921
96ee6bee0df8fbc727dcc18375255fa3,27,0.8871511816978455
263dd3bf77f720778109e561aaaa363a,0,0.9801416397094727
c669928abcf11a15895515c7f8100d99,14,0.8917098641395569
caddaee4ba1933fe856ddb33753a0034,23,0.9521017074584961
2905574d616f79d0de266f497442a14b,10,0.9714633226394653
93535360352884b0a13a431d6150bf23,31,0.8766009211540222
8c1cae24d431a20c75aaeac4d5045bd5,19,0.9150636196136475
f19540bb0163170ab4799d8c97f1e61c,5,0.9703612327575684
0cd153db995c7b91582d02aec833b462,2,0.9823071360588074
3831bf5c8ed440cd10e4c9ee0ef4baa6,8,0.9617155194282532
f7611489f26bc2913e80424d7396e23c,10,0.9699923396110535
acd6261fb31e7f01a241ab2b3e37fcd3,7,0.9717554450035095
9fc4ad9b4806f902ba83c6ef1094d2d9,20,0.9606342315673828
151948eeb718d728eb777ccd23472511,5,0.9704571962356567
84a44fbb80e29fd0806231d77cf5f51b,3,0.9321664571762085
f4c75602df790a32d883d5f57c2740cf,0,0.9793506264686584
dd27d172bd04e792669144fe3cc8d2b8,2,0.9807242155075073
909314cd242973fa70288cd17e1c24cd,11,0.9608746767044067
bd78b5591f4921dcbee925ad69105059,0,0.9805318713188171
02b47a364d97ee3007fe93e192b36e45,9,0.9405080676078796
7042b16f15e6fda71d48aaeea96c442a,25,0.9095470905303955
6560a7e8008950992f08c8dbf3e0f6ad,7,0.9718337059020996
3e8472cac5821bcf290bc4113c7f9eaa,19,0.9169076085090637
e5139dd107dee18d129d9cb4e45e4942,0,0.9804522395133972
24374e0da79941c249636b12db9ccf7c,11,0.960365355014801
218263343bb375d0b6042327dc26acfa,0,0.9794356822967529
1668358cce44f8efc83fb3ab5f276f07,2,0.9824315905570984
f4d22b08566bb4ae5f8ae8f071e0ea58,4,0.9505985379219055
a39264e3b6198c06585dd02078d7388a,2,0.9828298687934875
02a160b2b7e686b7d31d1aaa60aa97b4,1,0.9654761552810669
b8faf2775d36698221b96f6303230bea,10,0.9715504050254822
cab75bd609cca3350b0768baa9d6389a,2,0.9820547699928284
ecb1379a2f9794de52fd2e660cd2ec91,11,0.9475882053375244
bc39cc25f094e84b82a0b5cc56bb0db0,5,0.968919575214386
2b0cc81f24bbee4411cea8e9f7f2f358,25,0.9149383902549744
5c4b5f551e036dee46fc625fb0acfa25,2,0.9824926853179932
6b4e3f592a119e842bacb0b21daffa7b,6,0.9604669809341431
a7b6b77712a4fa4529ea1e81d4801541,2,0.9827501773834229
409b7c3810c7aa8a8fa14d2fc9f7d9e3,1,0.6849021911621094
7e49bdf1120a762edc207cdfb26c531d,7,0.9716808199882507
48d47f15f5a892ffc2ecf4a8b6af13c8,7,0.9711312055587769
78593f1cf5a9691cbe421d47294c6da5,0,0.9806123375892639
c3bf62eb4c702fc429091edaa1b72697,11,0.9605505466461182
191b2515bc659560da788d6b1828f50d,15,0.9521383047103882
df522550fa4337f7ed7deafd83930f57,5,0.9706491231918335
b0a0df265532be83151e7bcb25ab7287,7,0.9699614644050598
90062ff44ce4c660a7faa784e535cbd2,20,0.9604905843734741
ad980d839a8c968b06f18fdfc81a8152,0,0.9805600643157959
9fb3f622e22bc4b306e53bf3658d7bc9,28,0.49707016348838806
9b806795ef6812eb18c1acf9b0ee7aad,6,0.9600800275802612
6e7f4385329dbf49b845cba276b22acd,16,0.9472920894622803
285e3e2cbcbe05a430226499e7b8341c,10,0.9713950157165527
8b9e669f56fec759a25196fe7b652a22,11,0.9606027007102966
20e1cf9c933f3e1472def8d5e3d77f53,28,0.896081805229187
a9ef9d14331c4a12344c6f8cfa3531fd,11,0.9590209722518921
be704225b1e3dfd912f452fa827a83cb,2,0.9687673449516296
112df1ff4b361a2a90bb75b77be682d7,6,0.9578664302825928
9d8377247a429a2a1003ea4b6ce7af5a,11,0.7773818373680115
76f03153e1714ba8bffefe00eae874c4,6,0.96045982837677
ff7df26f16ec42f8e1f8025ffcf1f60d,2,0.9813920855522156
8e5a47cc068da7ad1de4f7ba3fdf1730,13,0.9625554084777832
8816d012657a44f25f02ffd1c3f3a5a0,10,0.9713551998138428
eba5d0246f1692b7add3fc7ebe343881,5,0.9698646664619446
1530918c645195a5f3c80aeea816af90,5,0.9705054759979248
74a28f861fe296a20538b5b223ca8eff,15,0.8256892561912537
4f691e41e8ca0defe73f90691879be31,24,0.9504518508911133
bc33ca8e926ca5f3de3c58f3d4ea2c09,10,0.9706559777259827
2577eb53c46f865ccc2cf3d1fb4588f3,8,0.9614148736000061
e1eba2fb50f2155bea174711fdaa19e3,2,0.9827590584754944
a7c51f55a829e5c9a7374e4925f2994b,8,0.9603273272514343
a0362764639dd5fb7b8ab4d12153100d,7,0.9717982411384583
7df353428a9c55a37517948b1b3830ef,24,0.9531487822532654
301f034133b838e2a2484148fbe348a1,11,0.9614033699035645
02660399689dd24ee61082e8ce3cea3a,5,0.9705711007118225
6176dbc52bbc5a971de17f9f8a98d14b,5,0.9701419472694397
1d241ae719458a8b30c5bd77b10828db,20,0.9606241583824158
166cad2bd3be5b20a4178893f4f0a161,5,0.9704850912094116
6207ebc0ab6aa7316f3a97230c7db225,2,0.982835054397583
12e293e50a19b87018037cb1277fcad4,0,0.9802801012992859
017d5a6e922df0eb8cf9f79a7385b58f,5,0.9704474806785583
8c251536eca91bac9d0d48cbb84007fa,14,0.8893486857414246
35d8c4d9d4ced50846340206b795ab7c,17,0.9331802129745483
9eef8246ba11e5e08735294909b959bf,0,0.9803957343101501
858866bc0b9f0b1504e18ed916477376,21,0.9349413514137268
bdc6a1192f974a331d3da46a68822efe,0,0.980042040348053
bebcf3acb5777377f3f6626254bddcd1,20,0.9605891704559326
f1f97d784633a232f2e34d376ebb7738,2,0.9826740622520447
ac7ee37dc02ee28b0e4cf5fb19268bc5,20,0.9597474336624146
e62c251d19716885c82976eafddeb47e,0,0.9789284467697144
3285f2283ce1108aa683534544284a82,16,0.5563289523124695
0f441b5c9f9a9a4aa9a8f09002880ab5,10,0.9708296656608582
ac803db592cc3a9abd4ba76ebcb0e545,10,0.971416711807251
a42778315da2cc82df7ecd41c1879233,10,0.9714248180389404
1facd895cba323d1dfa768078b222dc8,11,0.9610201120376587
9720033afe652f15145b8d2e961cb044,0,0.9767460823059082
14222404711a986a050a210332dc1a06,11,0.960742175579071
d2c92aee55a122f15f5f5cf94f701be3,5,0.9705052971839905
8cd0988b7fef74cd153f2c35ce65b39e,0,0.9802005290985107
14854ec5fa6142badc117dd1c4b86a56,29,0.8914502263069153
71669ab31486cce2ed6d1cc4e9564300,5,0.9705787301063538
3b0e375e0c8bda5295af1456a74c3c08,2,0.9826297760009766
63ecf3a626259c1185ab5412042771ed,11,0.9607183337211609
12dc91f26a3136844d69efb36b27505a,10,0.9714543223381042
2f8d8fc8f4ce2637a9732999777733b2,20,0.9605957269668579
f8a980af11140588db8aa42624dcbb42,0,0.9806444048881531
76a35ab9b5aed605c16c961cad5deff1,4,0.9524052143096924
4b49b18669dbf3181470b33465bdf113,3,0.9326207041740417
6d92aee52aa6554717fb39aa101eee44,5,0.9703523516654968
98608713dc0aa81d9e13e99e8dc9dcf2,11,0.9607261419296265
3d4fbe4786ee2e951dcfd8dbbe739edc,7,0.7879845499992371
0fc56c39a35f221bf034464a8f13493c,8,0.9617052674293518
4c1acd38c45ccec42b105573b2f389c2,2,0.9823748469352722
34d8c9006b4ff9c78c0d3a32a37d165a,21,0.9354533553123474
7b06254cb5c21d82219b4099b3d2d36f,11,0.9607720971107483
14a51d1fbfecf15ed7b2b173448640eb,8,0.9610163569450378
15d817cdca33c34f53a42ab630bcedf9,24,0.9524614214897156
e4ab4563216a4b6a89f5ceee30ed0b98,16,0.8889864683151245
8963ac0a7f292496084608af05954264,11,0.9606287479400635
9c6ba2d46add1d81b943ce4d03527ab5,2,0.9574676752090454
30f119a404e29f9d468140cb97f3982e,20,0.9606689214706421
53fd8a85ea3a8d35753ad4f6d29fd186,26,0.9261526465415955
44b3c99b0644f763db7ac8b3b3d8ac4a,6,0.5170739889144897
c9c0a58701b381f8933f16fae55f57fc,31,0.8773761987686157
9aaa68370be71162a10624771af08767,2,0.9824962615966797
3c979cd5af1ca1c862d0714154289d7d,18,0.9338296055793762
65a832d55e79f67a20141ad88a918c66,24,0.953199028968811
9120bdfdea0da43fae7579f84198acf4,0,0.9802213907241821
e70b1af25df022e23f2b66a4a870578a,9,0.36255332827568054
88119f21706653eabab2a95d384816de,13,0.9627160429954529
0c7e16357d0720d1092ede1f5236e142,2,0.9827482104301453
90801c4adfa09e5e112eaebd9d020a5a,20,0.9607724547386169
4aa2ae9e2bedc3e883bc5f14b9b6319e,30,0.905142605304718
41cb7148b406138d18f59b9b31ff980d,7,0.9715566039085388
47b753f3d3d1d762c2224440e56abf83,9,0.9398114681243896
ff1fd98d153db5202367464bee106f74,15,0.9525617957115173
88183becc78e2d240e4789ac91ad6aac,5,0.9650565981864929
82c2d20d81eea17cce2b143d361e4976,2,0.9825595617294312
ae683d4641149954c1d794dd03069693,2,0.9824556112289429
075b69c2505fd52cc8d0f41ea5bcce83,28,0.8938592672348022
4c426b0a332e21db892fd3b2f6e5b208,20,0.9605346918106079
413697479044116ab972c72378747167,0,0.9769725799560547
677801a114f120929653f6cedfa0ef6b,0,0.9804710149765015
0085bb05284bbb12160b966ff05d11fd,7,0.9716467261314392
b43f92acce3464616414524bae3c8b9d,0,0.9804491400718689
da90bf3c1c68a751b11841303e2d6f1d,1,0.9653109312057495
9b27dfa4e11e1f3146253a18815b68b4,25,0.7395245432853699
ded138cd08878f546994f394113ed4c9,2,0.9825077652931213
742f1f325ce96ad5466e5ff4f688c331,18,0.8325427174568176
416b1700ef7524d49fdf4d6f848161ac,10,0.9713695049285889
9d5d8028acc73678a07602452de37035,25,0.9152100086212158
a5b44e2253d4ad4adb0e1a36fd5d0886,0,0.9806843400001526
bbfef34e0d027dfc505dbcdf495d51f2,28,0.8116019368171692
e47b7b57606a75dcd5e2deb14932c6bb,10,0.9711338877677917
8a1ce4aa50cabdac21656a4e6afe8195,10,0.971373438835144
e08b1956ceb8d31d754d52cb724a90e8,0,0.9794456362724304
971a381adc86e5fefd42ff8d0f7c52a9,9,0.9406307339668274
a17171dc56c9ee94e60b590471ecc66a,29,0.893319308757782
376579a6242e0a9a137b837688ff25eb,8,0.9582269191741943
144f9b9932516864ed71935a9b151389,7,0.9718242287635803
050edfa86521abff3e5fa858cc1eda0c,15,0.9531269073486328
8fa09dd8fd840ae539e9b207138f1eee,15,0.9504271745681763
19825b197b0b4547cb47ae01229c4cdb,8,0.9615440368652344
22b38f909927ab1f81cbf58a9927d291,29,0.8933977484703064
ce2ddf20c17eda41935ebce02edfe76c,5,0.9700489640235901
875ee7b940c4acc906b0963ebbbd2d47,8,0.9612816572189331
82068ed06cf7beb16df6e98647892852,2,0.9811294674873352
3aebea320ada6ba02c840f53601f9c85,23,0.9524849057197571
8a8a83878b8c7cc7c3fc6a82aba66b93,10,0.9515286684036255
436ab309c37b60c8c7ed5f186ac49770,3,0.9325693845748901
0b14e87f3b2642c4310f557113ec5d6a,10,0.9712420701980591
af9a19232d4e696680fe748f4343cf77,7,0.9716126322746277
2a62ded7d047412f61554d8bdaec9562,10,0.9714763760566711
f88ca47f0ae406b636e39e6ddc6d835d,0,0.8020352721214294
af26dec7d06991a69d55b409d05b5090,2,0.9823695421218872
9fcea005e8e43365abd9b3ee69a743a3,2,0.9828158020973206
fecac160ae1bafeac3a0ba295b532a53,11,0.9608889818191528
20c19f883908bad3c35a370d8c156306,27,0.8815399408340454
6100773245a3f25b4733e09aca05031d,11,0.960582435131073
ad7a2ea8c448fa8e5dc626b35c4770ab,34,0.9181448817253113
c0fac6c7d9c67fa7056600c9ba594bec,8,0.7850227355957031
8a936624dfaf8fa8ec7b2315da0df91d,31,0.5410157442092896
a65fe48a91f37d5ca7e4c4673c70fef2,15,0.9523969888687134
cc4c004dd93e6db502bc930b2174974a,10,0.9713395833969116
321d2be084b131d82cd1d908709dedb5,2,0.9172007441520691
88dcc16bce78472ebc7ab0893f592c45,2,0.9822189807891846
2d1a2dfa378e3528854011aac24e3a3b,17,0.939152181148529
291fc65cfdd6e33711a1e54f4932e28f,13,0.9622719883918762
8a441ea4856f4651304def56f75d8ab4,11,0.9601652026176453
cfd16b4f99b08c765a7af5e746e28be6,15,0.953067421913147
72e055a3493372537368fe48dd001642,30,0.9047403931617737
5d404a6bcf34392e3cd595da1a7517c4,25,0.9140000343322754
31fac0affac4559fe69465c2339d3084,10,0.971441924571991
e9b9533442338e800d7cf5e6e72a6063,4,0.9514204859733582
be4bb7cd2ab14a458ca4e3ee0074e390,4,0.948881208896637
9550c5e1645139b68999e2423372285c,7,0.9718154668807983
0b321c09f303e6a4d9e11dc383c87eab,0,0.9807015061378479
523d2d34b8c62265bc2f5544ca7a5209,8,0.9614902138710022
7176255d7b19daedd7b0a00235a68ad2,0,0.9790575504302979
d0fd81eeb654d21e692d9b9e24eae735,9,0.928946316242218
05eb1a3033fadfd70a0e93e4eb5653fe,27,0.8578913807868958
a5a4ebbc552ecba30dab905303ecb9be,24,0.9527996182441711
df0fbbfaa0e631bef64de932f79d9660,4,0.9426308870315552
84fd1f4b79765d71eaece1fcfac81d87,7,0.9715563654899597
a4495f2d00ea7eabf4467a4c8f0657ad,10,0.970386266708374
2ffd292bad85b9fb3ec07bc981dc09fe,0,0.9610685706138611
ad682f182800f78b05c897dae0ef7f8a,6,0.9600593447685242
201b41170b27fd674607e0cdfdd6e276,6,0.6313268542289734
36788fa56c4b326f4ca87362a36f2c6f,5,0.9704861640930176
ea6846fe1c30f3f4d978397fe5f4fd38,7,0.9716368317604065
ade23193e8b2f001b992fd66e6791cd5,11,0.868553876876831
854695acfdc9e97ce3227c11a1e3478e,13,0.9621006846427917
008a684431a204f56178a815b6debb18,0,0.9804896712303162
134975f053f6d43a8c0610abaacd527e,2,0.9704712629318237
6852f03e0a93008e126c6c9ee53aa437,2,0.9827641844749451
d6e09a33699962c6950b64d0eb1b85dc,3,0.932498574256897
a392bf08d1ddba2180c476f19dad84ef,9,0.9376835227012634
b3b441069c4e17270132cacbc57aef0b,15,0.9514966011047363
64baae19566effdf5befa4f898b23b8a,1,0.9656537175178528
1e507e25f2a24968f6bb443ab468f4f5,2,0.9824720621109009
d3da370cd54d73de43956fd9fdaf6ab0,4,0.9446732997894287
ef20dc61c901aa0b6aa1ea438773be86,5,0.9705665707588196
83a94ec7c911073302a7e25d9290d6be,5,0.9702993035316467
428e54c0a93baa92d268ca9183060318,22,0.27036410570144653
144f7a7ffd679ba904943060a4d6f6c2,10,0.9696580767631531
29d3c6762de83013f51f6d5a2cf3ec0e,30,0.8998281955718994
ba3412b8b18e3f3419b5427f7713b689,7,0.9692533016204834
d532590b05c747ed9dcded914801eb0c,21,0.928068220615387
85b7eb0dba3d3610954b8dd431dd7dfd,20,0.9607115983963013
0a2bf4d03ec2926d452b65d2f9586abe,0,0.9805164933204651
f25643caea0510ffea2704dcf617f59b,11,0.9615157842636108
0b2721aaec5c62f9cb55873389362102,15,0.9536205530166626
eb40602d904edd76408f34d4fbed14ef,16,0.9461464285850525
62e4fe12854e4249a23c8acbeec5fa79,0,0.9803063869476318
f3e4046bd213b8f306a0f8ef22845c65,20,0.9606513977050781
65d6f7289adead68781cbc4d769a8959,27,0.887961208820343
cdecaff347727afdb5c639230ff1df18,2,0.21541821956634521
578000b784f913b0d9b0b95c4230ce70,10,0.9713793992996216
8c2702339c8ed09fcb9a0e93e72e8ac2,11,0.3536626696586609
9d0db7c1021d159f72af6fdede505505,22,0.22082647681236267
c7ddfbf2850fe2fdcce98ea24591e2c4,34,0.6142417192459106
f04fb2b30fa60e5c4784da2b482ec2a5,20,0.9597482085227966
27eb8a6c86b0beb9c01e3af5996cd4cd,4,0.9505237936973572
68bf53bc9596233b52e10e8376c75f20,0,0.9806348085403442
f2434c4ae49ce7834cd6d02a1c191ff8,7,0.9716823697090149
777933e43b08c5ccadaaf34c4b6d4c06,20,0.960845410823822
78ee4fbd243e0daee979290de008f234,10,0.9714136123657227
94454d0308b4983851395770172fa0ec,7,0.9709238409996033
007863cf5bf78a16300f06522eebafc7,0,0.9807320237159729
07bceabae310d8dfc159e074283814e7,0,0.9802794456481934
9e48c832a7982373fa15cfde3c2378de,6,0.9535082578659058
d0270392c7deb0b4c7720aa0295b1f0a,31,0.8755869269371033
13490623d71e7ca7be63d166f9825c29,10,0.9713742136955261
198c491b0993ca284680d2a42325b29c,2,0.6023790836334229
f854441af5454eb41393b9984a26e76e,2,0.9809844493865967
b59efa651d6f377a2423df2eac137896,13,0.9257152676582336
4e8ec1cc2015ee794c2dc012314dc594,25,0.9145452976226807
13a44800c872269debabd89d8e874b14,8,0.9616149663925171
704c06aee3261661081748dc87eb8d29,18,0.8754252195358276
1968d0a453f80d32478f1d0785bbf729,11,0.9607315063476562
95ecb4f6f0f9a6a9a4df56dd0d8058c3,3,0.9296995997428894
c7c4621b4275a4f375756727116ba687,7,0.9716470837593079
7e6d209489c85306c382d50843218f5a,8,0.9616680145263672
194baa8f4bc774f62582558e2770733d,34,0.9247329831123352
960189b5b7c51692b8143b3238082402,2,0.9825741648674011
fd4d369026f007ac315c63aedf3c5928,2,0.9821146726608276
6c3cc2020a41de88281ae02cbb9b671a,25,0.911554753780365
0708d19ccb5c0690db72e7bc7b2f42e4,7,0.9716334342956543
6d61ced7a0c80e388f6b69cda23a5a60,3,0.9323382377624512
e1dbdc9a1c759299a12792152aa59d92,2,0.9827137589454651
0b0a301bd951b0f5ac720c68b8406252,25,0.9150927066802979
be429316f2fea244758bf2426afd7234,35,0.9203758239746094
1ce950fe7c50ef8a7f58167e5d4ab137,7,0.9718217849731445
fa64076f5469b7a5640f0e104477071f,10,0.9711876511573792
e30aea7121b41b2622f75ae599c85995,10,0.9713453054428101
a643541080e2386edf665fab423429c5,13,0.9624415636062622
f215fcc473fdd9b31e3f0b418493f5ee,0,0.9801056981086731
b03ad0ce052bef0165b785296ec0c398,2,0.9827455878257751
280e707690dc0713ea9372ded4d20f5f,27,0.8897830843925476
191eed15587d65745886e22426a26bbe,15,0.9498946666717529
cc25f67a707b01d744717b3a393a74e5,11,0.9589508771896362
cbccfc594a0ef0613818f0bcb9ff1afe,8,0.9600211381912231
687ab640ed3c92ff6297bae342cab28f,20,0.9607567191123962
b07806fb6a6a95a8683453e7565b6693,2,0.9825615286827087
23e14d0be3570524f7d2769cbeeaad55,20,0.9606599807739258
2a3ae09cb767f4995777711dde20663e,5,0.546023428440094
ec788c83eaaba4303d247f338e0f179f,5,0.9680925607681274
668d559c2f7fb4e94aff2e2dc6b9773c,9,0.9396777153015137
d931b6a8af1dd4d1d2fad938eb59051b,33,0.8444498777389526
731a908eab73b237ca0b22a363cd003e,13,0.9623144865036011
567b4722cc23aea72b3764c1db590d22,20,0.96035236120224
e5263172dad1d05cca90265cf2ae6f85,10,0.9714972972869873
535fea5f79ae70df8c25edc57a022c93,11,0.9608535766601562
d05aafe57d9e45e81249b58f12994a96,11,0.9604732394218445
d1ed2b44304c9e054ced74a151ff7213,7,0.9718261361122131
f14ce09e92326ed4d64aa558985af78f,2,0.9818578958511353
ca54aa55443fabf8625b89b9542bf5e5,5,0.9704784750938416
be0912f8b01871aab6b4b2d566fe9955,15,0.9530482888221741
af7d45059d3285eced8202c8688ea5ef,1,0.9655247926712036
0caeca62ffe15437da9eb89c17bae2ab,11,0.9609076976776123
3f738efe53dceaccd2575b86dd206fdc,10,0.9711096286773682
674539e941cee9fc98a6ffe0859d9bd8,2,0.9826854467391968
0fc7d94ad5412466042ef4353ff23245,11,0.9603890180587769
dfd13ffbb958de82ef07b95801777b60,5,0.9703631401062012
2d1e1cd7580321a452a78d97fc13f31d,34,0.8721072673797607
f4237e8cc62c7f8c88ab2ca6aa4197f8,0,0.9806849956512451
922a904309cf646c44f35a71093c6dfd,23,0.9500730037689209
ef01b68aa57943ff4261af34eae2fff8,2,0.9824991226196289
59cfef2d7f5a5fe8db017256af7a039a,1,0.9647905826568604
f8fc1827ff7e0305420145f92b8ed599,30,0.9060032367706299
f548eec82637ae7050ef4ea538dd1fb4,21,0.9309905767440796
838a12135caac1315ab766eb82ae5245,4,0.9515367150306702
54162a6f8c91d916a12461124e87e5b3,2,0.9826337695121765
539f434223dd060b6a1a53d989d1e1f0,0,0.9806832075119019
8495dc411f627c187ee117151f69cbc5,0,0.9799180626869202
fe21467e9743f059359f19f8d7d05237,15,0.953068196773529
d4a4114e20bbb739a401b3ee5e0716c2,23,0.9524616599082947
a1717e0936e67a2580686eac01231794,4,0.8896191120147705
8b289182296e3915518d7f8e2338aea8,33,0.8550991415977478
7cad505f1a616995e633e5cf573b5b7d,1,0.9655625820159912
083e6c3b1891879ef080c9d4e6918f1d,7,0.9716942310333252
9b07265fabb02cdb9a369aff859519dd,2,0.9819674491882324
3097024521f1f221e938f9f634bb2a7d,7,0.9717755913734436
4c58fb73d2dd7ec9aebf2155ad3de54f,21,0.7569969296455383
473436abb1b1b716ff7790abb247182c,2,0.9825860261917114
32d1714d601cd7d03e00566698edb211,9,0.8903266787528992
79be475bdd922c00d5a370cbd268a616,6,0.9589094519615173
56ad5c75935423a649abba779aa3e46c,26,0.9233812093734741
ddb42c789b8269d600e63b0698b43c6e,13,0.9626414775848389
93783ef1f85143ab60a3f13ebc57849c,20,0.9606884717941284
2b811cc1527138220c0d3040253b1bae,2,0.9827704429626465
e0bbe092193650759c7291a66b52e9a8,18,0.9171002507209778
2671d1854aa048f78377b65abaa6e49b,7,0.9421200752258301
902deaf6873b0026ba015082e5960846,4,0.9513388276100159
da43e3c7aa3a6f0510b333f421958323,0,0.9807706475257874
1273bc9a0edc22e34b9b35aecc32a9e8,11,0.960870623588562
cfe92b159e12f85b9d687df9c825d254,19,0.9152608513832092
98a780e2db015694f1de38441dfafd07,11,0.9605624079704285
e028da127078573832b4533fd078a7a5,28,0.8945069313049316
8d2e2de5ecebfd582e724390da80315e,10,0.9711252450942993
0336e2a6be33f93104d6b445b20d5878,2,0.981446385383606
2ac9bac3a3ea8aa833a6c69f13d07d4b,15,0.9533486366271973
0c928c771215e3b3e8d78c57eccff14a,10,0.9636645913124084
094264b31f5e041111c3d3c5400947df,8,0.9614935517311096
23991513a9fad4bbbe57d1630cd02024,2,0.8583290576934814
2e491afbbecb3c0e964d4508764d3c33,3,0.9324444532394409
0710591c6d5dbc07ffbbbc2812111fe7,2,0.9817538857460022
42bc7adecc9129c3695987adb21bb7c5,6,0.9600663781166077
ed9fc3b12f4f0ee492e6096edd5f25d5,10,0.9713422656059265
53531af024b5013742caf86f3df1c908,0,0.980697512626648
206c6ac93a2e6606f5093e99d3cbed4a,5,0.9704173803329468
3de6413771fcda05d264188b94ed3cde,9,0.9398615956306458
4b5fffba85c1aa8c5fde3798af45e5fb,1,0.9655755758285522
7ac3037facccb02e558b8fa532b6888c,24,0.9525619149208069
37aec24b1b147c8030bcf07e36c89627,15,0.9525961875915527
eacf4cddeda0d232dc2d8eb67876d0c6,2,0.9827372431755066
171dba0f736fbfc01f072eeafad1825f,23,0.952589750289917
6b4db0280f9096684837484793993a14,10,0.9714469909667969
d57851c3935cdf5c9f9e91bde386ea7e,17,0.9363027811050415
8ad65ebfd455298e03a6735836bf9879,26,0.926441490650177
6d4d15139956b30bfd4b191fb34d0a0f,2,0.9825217723846436
030b76cba0c7c4b55b90f8d9413fc16c,2,0.9824885129928589
630580151a07a071c1f7aa915dee0efa,2,0.9827367067337036
fed05df3e64ae88a1d6f0829b1fb6196,13,0.96220862865448
5547dd5e608a11b4aa1888bca262a6f1,2,0.9826077818870544
b095091aa3d815e382c85a9830e8210a,11,0.9585980176925659
28f5600a90d0109cf1c295c963d8a835,1,0.9627010226249695
ec7accab8e7042d38e56a3f424df4f87,14,0.8946542143821716
91199f77d48762e46f12194dc7969295,5,0.9703671932220459
aba9341e41c5be7b804402980a8b60d8,11,0.9612789154052734
e3b2b010fe55f4c6d206f19a94ccfed7,28,0.893051266670227
e7faeb466f626a7ab5108a6bca19b712,20,0.9607369899749756
c2765124261ed117633c3317f0bf88c5,27,0.6565185785293579
fbdfdaafa45bb27dfcebe27d99a24b70,9,0.9403203129768372
8391aeb44c2bb2101706c83a49118b4b,17,0.9392228722572327
6baf7a06c90873edfec528a854fc072c,0,0.9806821346282959
1beb950cf346dc125ef3c851fd4ceb6e,11,0.9600337743759155
8a191a3cd06b3bc87566fbbaec29d0b8,4,0.901932418346405
ac8bed3b8eace4479a6d8c1af3e06bb3,10,0.9714722037315369
43a4cd0544dfdc5e138f083a598e2c51,34,0.9265475869178772
6b25047548a3e20ff7229b28cf562e3f,11,0.9587501883506775
db4492ff7cd0a4b765bba744366199e6,4,0.9514119625091553
5cfe074e7869621100054b0849d92785,5,0.9703654050827026
9f996e8c3b1760352b2de3a3833a8710,20,0.9605205059051514
d163625cbb52d9591fe5a1506ead1c2b,27,0.8697155117988586
11a8e009c88702d5401c497b61bd36ef,21,0.9304932355880737
0b21cb462582fb3a5eb74794481d7425,10,0.5154532790184021
295cf1d8c40b07a3454e9b85f94e5660,10,0.9712039232254028
1fe47c1f3ca2944c9cc3ed9f091ba3d9,7,0.9718309044837952
f717522f572b6fb6ef607a9a802e164e,2,0.9810871481895447
626b23a391aea67b80be4a5404019981,10,0.9711958765983582
c6223e0b4bcefc07bd7cb65cebc72b36,2,0.982088029384613
dd7a874ca87749ea09bc7f823bcd4983,33,0.8556638360023499
b44daf8474df77b708dc8abd454f6642,0,0.33105140924453735
70e82ee151684be4d31c3d50070f2ea1,23,0.9523677229881287
bd5ae08fa9a567375b861b6b892d7a28,8,0.9616556763648987
f0480eaf910865a2ca26f8f67e4a3e4d,3,0.9320080876350403
42dca66a9317f46ddaa35523b16135ff,2,0.9827123880386353
afc49ceaa43d3f484d99ef250c45c426,10,0.9714394807815552
114ff071eca02e557803ff4967530487,10,0.9713617563247681
2a60ed5a80f36c3d1b67da6494c595f2,2,0.9821295142173767
2e2c534b30a8ef0e5055aa15dcaff020,2,0.9822738766670227
12b2347a3f798c0af2bfb0c0bde786f4,2,0.9822072982788086
e4ce6aa67fd654edae10943c585ad22e,10,0.9712057709693909
46b894ad6617be9bcb108a799302070c,5,0.9475463628768921
420da29fe4732647a9d948bfcbf7e108,7,0.9717540740966797
c0566af932a0fc83b384433713952962,2,0.982528567314148
f76a6935e8933d95040d69c15e2554cd,0,0.9805546998977661
24505f2774318e9d3c59b0a96e4f4ae1,6,0.9607629776000977
81b8d1e8ca163a4ef1724781a93dafe7,27,0.8914494514465332
cfa7b5a409bb0891c095e98901fdfaec,0,0.9805209636688232
b1074d376505789ab1b04ab61c6b0aee,10,0.9709072709083557
1dfd46b98f7e34f09d634fd6887aeb30,23,0.9524726867675781
bf523079bfe06beb0cc2b0e82d8fa86e,15,0.5364099740982056
1f21f0483a4dcd9ff0e6179d6100ed4f,7,0.9717797636985779
cf9505f5f29eeefc98081fe9d019fbf2,10,0.9709153771400452
c0e98f10ef50e1a52a6908b36ac156b2,6,0.9595438838005066
01c86ca5344645de1320b1d43cab0395,6,0.959778368473053
93cd9b70fcdb327f2f2c19eb1ca67c31,8,0.9611812829971313
75065dbaa7d00e27e997e1270c719867,26,0.9103553891181946
3437d8a7555a1ca77a2636eb166034f5,1,0.96531081199646
32c56fb9149a1e90656c7cdaa0b96901,23,0.33371105790138245
620e53f458c02ebaa6376cce3d8ea115,0,0.9807246923446655
8a55f3494b8d3deb398ac1d26150e728,20,0.96047443151474
49b56e6008f4b30d5fd3e7d4596a6602,2,0.9754616022109985
7e01d477d6a860bece77fdbbbdbf4bf0,4,0.9518821239471436
678c0bb76d39f7ffa034d278f280344f,15,0.9352058172225952
2731c60f07fd8791c4f71595f5401ff8,1,0.9651911854743958
02c6261d80baeb9fdfab69618356fce4,7,0.9716798067092896
c785279ee480d8ebbbbb999ae787499d,20,0.9608162641525269
0d7eb17ec5c346531c50ef7e2cbd2da3,0,0.9803927540779114
72b8f2740278cafde9491f95e1b3078e,34,0.9252901077270508
2a4000bf689fefff41d4e682b96aae7c,2,0.9813396334648132
894a0ec881b48f1a9641e42f7bd48f22,20,0.9607548117637634
02a0eb79b9d159a031435399b7d8af99,2,0.9724626541137695
4194ddd945c314567f22428acc6a0db0,10,0.9710131883621216
6a18c4b952c0f4ac33755fe32ced5825,1,0.9654877185821533
7cb39c2220c6df4e0d0a62795dcd48cf,26,0.926807701587677
952d9e51f1d35e49ca31ca48935150f4,11,0.9613310098648071
d7405bfd85340cd8646dcd1a80c968d1,28,0.8927512764930725
589e16db329617299c91f61740b7f6b5,10,0.971540629863739
5049623de7b3b15ff9be868abae05c01,0,0.9806945323944092
7a05a2e11f234cf2239d3add6288b831,8,0.9616177678108215
e70e803d7976c4ac47dc7215be1bde62,2,0.9828118681907654
f532186830a023ca5d9ebd6eea870437,34,0.9272502660751343
be5d39d49e846ec9a56ca9b7102af091,0,0.9806591272354126
c1a4b2f6ba3b56b4d2bc342f2a6c3922,11,0.9606102705001831
75a66250d8eba3f68975c1ab68383288,5,0.9706547260284424
0a37db92af11faec83381368137a4a2e,23,0.9498469233512878
955a754c14ce4f1835b2923d3be63e4a,10,0.9714463353157043
fed18eb3819c272d5b967e6b5b3e976c,20,0.959926962852478
42329773037563589bd839b6eecf90ae,34,0.26572152972221375
517f9f7ae6db5e15737e17cd6890c744,17,0.9205744862556458
236b530c28877d8c2f368aecdcac66cb,10,0.9704012274742126
a44935fb90d3ac2b0f1c2d679b76163f,20,0.960656464099884
5b887990857cef4ad2c7d658a81b433e,35,0.8606389164924622
50654d3efe258b85f97a071350ce9e65,13,0.9245336055755615
9d703f2af7dcfa0265020a5fdb678023,0,0.9806140661239624
2914685c667eaca071037451cf27fe36,3,0.7008873224258423
d9c8f0b1c2429b0f0959b50940207ad9,20,0.9609119892120361
6d543def05b1fa9e4d304153c655d57d,2,0.9825924634933472
9faaf3beb5a77ec9249d72fffb745c7b,2,0.9822579026222229
e5c0040ff362280e19a58c460059d707,7,0.9709628224372864
cb0ff704e89987fa01b053d621ec2167,7,0.971835732460022
b3d9e101630092fd60fe99db59563e49,18,0.9329794049263
a32ce303527dda20f0889ec34fdbe9b4,5,0.9704809188842773
6750633d67e7b40971e843e90f74a41d,2,0.9826792478561401
0122b9a8f94f8d4351d81f3e0d0aba23,24,0.9536519050598145
e103e6510a8e8675e8c788736325c6eb,2,0.9826000332832336
83a5f8d0174ba4931377f1654a6afdb2,0,0.9806060194969177
fe9fd35b38750c879124a5d0d7e0dfad,7,0.9715906977653503
9938571ea14befdef936840ff18ebe27,30,0.9052096605300903
16f4a80235f718b4dc600b44f57a3523,2,0.9826073050498962
c5b7ec66f49b2ef40912c73d94e48548,2,0.9827209115028381
e3ea550a98ef73d76624c465947211a4,6,0.9602162837982178
c0aa73cb54051f387814909abe0590ed,4,0.9438894391059875
adf3267bb64348c0c3d0a7fa62345bdd,26,0.9257963299751282
9319853806ae5ed5c7d1a2b1a8ded220,15,0.9533489346504211
33b838db3b9aa60967d63e04a199b886,0,0.9804084300994873
1bf0fe2d8033ba4b45d37be9f8b037f6,20,0.8304905891418457
ce969c1325cac8559f524640c11131be,11,0.9608275890350342
3fb561152b059e547b876891af3503cd,1,0.9640771746635437
25653e697b0ad13d2f9c5c80579390bd,16,0.9466035962104797
1994769b5a0fc59ef3ee1414dc713862,14,0.8909448385238647
ab1b65ed53291dce303631e7e3d000ac,2,0.9826405644416809
70cb4871ea14093dcc78402c0a7b0da6,17,0.9381085634231567
3156565d5d97f69e97bea4e9ccccf271,28,0.8946820497512817
620c046a11c8ebefd647d234bf72f6f6,0,0.9770488142967224
e2401a63def356677ffd11a4fbaa83a3,23,0.95250004529953
59bc6261be9d2e63947113ab9df030a5,18,0.9338687062263489
1d9876d4aebef672f8b4bcad2ce1c40b,0,0.9802360534667969
5cb2167c82bb4bd5dda2fc4bb838d63b,5,0.9702150225639343
cb1686d5630a2ec00157c2395e833cf5,6,0.9601383805274963
c34c45a0243254b848f180389eab14e4,8,0.9616063833236694
471bf5634256695afc0ddf1e0d9ae2a9,2,0.9827638864517212
a589e1588f5d4a07f366db3f84363c49,6,0.9604909420013428
d0bd8577ffae0c0ddace9701a6175c02,15,0.8669276833534241
3e199aba395de8a6101cc04d3e6b94cc,2,0.976111888885498
efb218d6b359bbe998f9c90080db898e,10,0.9706271290779114
0afb0b9e9cff3763fe07b82d908527d8,9,0.9294900894165039
af0ff3bbab436958787bf4b6cfca787e,12,0.8857808113098145
fa22cb1e6b3408090b7373e2c4289102,2,0.981726884841919
103f66cd7d7b5c96f19841981cee8f02,11,0.9612341523170471
ec2c1ecc85110541f776aba14ccdd15e,8,0.9583150744438171
03c19fb76ad4730f15ea02eb6eea0acb,13,0.9614571928977966
6ca18d3935de79c709a377eebcc66772,26,0.9250578880310059
4c1a86a4a8c0c6d2f8933ad7877cc598,10,0.9713656902313232
141cfb156767f4419719ec7a5a364ab1,17,0.9365984797477722
7b04c436e10870f394ea96ccca74db68,6,0.26217660307884216
004280a24559ba148cd9c10897494043,5,0.9704341888427734
6eef3ec913a85476c6a3be7df7869627,4,0.9522448778152466
fdf167e212efeb55a54802c0727647ba,13,0.9598809480667114
4303c8a1ff940992cca33a2540463828,10,0.9714781641960144
0723cb56f381d45513c688ae44878e2b,7,0.9718153476715088
91c7cfabdc58b86eb94d70a4900d80c4,33,0.8444751501083374
8ce50e0c22a96ae160e15f0ee47d793b,11,0.9058648347854614
6b4f5c11d372d169e7d9f7e9c6fb846a,5,0.9704063534736633
1448b090d39d1ca0efdeaca822bbc1e5,18,0.9337998628616333
cf5dc6b8cb9e3939a3b44cdc476f4474,11,0.9604790806770325
79f8548cca4e1970a6f035502d6680c5,5,0.2755003273487091
4a146a297ac21800c48d0fa95a11d7e2,7,0.9713378548622131
361fdb7e23e3765c9adfdeb5151faff0,1,0.9646070599555969
fe932589918729e79b322e9a61ec66c9,5,0.970421552658081
1f8bd0dac4cd259d2135547484738046,0,0.9726554751396179
be0ba1bb4ccf416550d58454d83dfc66,8,0.9616233706474304
09007e7dabb42b06fd716389ea6515f2,2,0.9760947227478027
1f7de22a2045e9c13ebc7c23d1429a78,2,0.7254730463027954
522092fda74950f87ca0da9110efd281,0,0.9807333946228027
7a5c03f2bc19e4d738409a37b9dd1b83,10,0.971476137638092
a8f19bd98c1ecc7341dc371dd89108fb,0,0.980527400970459
c43aec8b288755d4109d67dcea96b02b,21,0.9347662329673767
13bb5c499e99aeb8646e54af5b6dd63a,10,0.9715180993080139
f0e8eb5f8a42eace8fde6f8b64a31414,27,0.41140398383140564
657b6048e2523ccf82646ac7f655b3e9,35,0.9336852431297302
89d69b5cb3bd4e7b09ed3f9cf9f0055d,23,0.934439480304718
6d26d95d296ab14866259c77d5041c99,2,0.9827979207038879
43bdbbd6aa9b46c76a0560d3371265fa,8,0.9616573452949524
c2b045c83d5a150f7ed6ddf2f5db99c5,16,0.9471132755279541
8e12e888c5d2a6b8c582da71c70be6e0,25,0.8952152132987976
0f3f2cfe06eefe6ac32644d35da37300,11,0.9613453149795532
ef55b0732486a2d9588cd4519ea7bc58,25,0.9139578938484192
478c3347689becdeae825742f65c3fe0,4,0.9522735476493835
83ec5c5526b87bd7ad4eca77969dff54,21,0.9260950684547424
56c26e7b92d699ac5b5eed756f5d7c3c,5,0.9698662757873535
c25b2ac413ab87265fe72aace2c1443f,2,0.9816485643386841
c8fcfdca2267322ade157ea188875ff4,20,0.9602587223052979
2cf89ba3f3cc4f17215da1bce053f3d8,0,0.9802849292755127
3822c3da2f8b825f35fc125bff71ba5a,10,0.9708757400512695
31eb556b39b1a38c3756b15e07c2c4bf,7,0.9717321395874023
972accc065a4bfa8a11894a90944dff0,10,0.9710659980773926
80d688a2e7cb249543c562c231fde995,4,0.9518162608146667
ff962a06479895de1ee26e9eb8ff179a,15,0.9528241753578186
19782bbdb23d4dab7a248bce1347d30a,29,0.8869884610176086
839332b561985aa31b836cd80a9e40dc,2,0.9817396402359009
820ba83864afa08440c54e1713c66e0f,23,0.9526767134666443
a247a6d4de8ba2713b9a86831c53d4aa,11,0.9607554078102112
aa1b0ba4760962a9fd44e0960171c412,11,0.9614332318305969
63e157b49b9d12c4b8b1aff84929f940,0,0.9806576371192932
2f915890a43f5d01a51fdd765cc2e6a4,2,0.8643508553504944
132bc3f69a758d92d3f1f7df35b3b829,21,0.9342062473297119
d0d5d42e37954537273c2242b66ab4f5,2,0.9828708171844482
7b7d20c4e8e64d4f8448c8a3a694bbf0,2,0.982539176940918
42a2e4d4db83c2ebe65b3a19e4ceb53b,0,0.9802663922309875
0169bfce4644adbd529c9e49c2759720,0,0.9805450439453125
43eb4c0d507b440832bc28b490fbc268,2,0.982489824295044
1388b3b273a021722afc5f98072560d8,8,0.9616169929504395
ce8b10d85ddad54119b6112ee532a113,9,0.940425455570221
f8a31e40f3197aa779310bfb33514c08,7,0.9719349145889282
e6773837bfb746a186637c802fc0cf36,24,0.9532930254936218
e2937886e2a9806bb4944308bdcf3fde,7,0.9718227982521057
f1c8f80ee8141f20f73a92f8a4336e4e,0,0.9807471632957458
511fa9af3b94275ae2498a532307b689,11,0.32546475529670715
fa09a5e7b8a088ec39e6135bfff87901,11,0.9608741402626038
0b98fbf8466303bbec74da49f632a8ba,11,0.9613211750984192
338460a1e7e8d760505caf71bf4d1883,2,0.9825118780136108
a0b25f73f9cc512bf28d9b4907d5d93a,11,0.9612088203430176
808a156f1509c4c0a6befd5e44340599,11,0.9604924917221069
31db8f2fac816eff446469ef0b28a39d,8,0.9616499543190002
1ea726378c7cb0910a2bbdfde153d1d4,2,0.9825944304466248
d9193b125831fa7d39045ee2c682f542,0,0.9791966080665588
5bb2e85bd29b36abc4c9efa9cf75cf94,10,0.7976828813552856
4b8f2dfefc1be33ab7bd8ef806fd69d3,20,0.9608558416366577
18acaa75007d4d61a8bd6e5f2afc5b47,30,0.8737435936927795
f9440c3994dc7589d5d2ec75282351f5,18,0.862980306148529
230c50f4af02a5647a4edaf092f8ed0c,8,0.9605815410614014
a84a0245dc1ce3a3c0a7f00942cddc43,2,0.9816762208938599
8862a7aef6d6c183dfc4892c0f995247,0,0.9805774688720703
2f8a59dee2e3a817dc82ed20f462c318,1,0.9648874402046204
c7c12dcf65e80cf01a1a6c1369781216,3,0.9314911961555481
11d2800a64e700bd98d39fb476c588a7,5,0.970515251159668
27be47e1d4456c40e0ab893f1f04f8ef,10,0.9715015888214111
578f6afc1088f875036eb08fee3cfb53,11,0.9612165689468384
2d129959548829db1333e1234ded1842,0,0.9805033206939697
bb9581ca374685146df939bde78752d3,20,0.9604735374450684
c868755c0ebfb442c967517b22b21d98,20,0.9605503082275391
96383425e359ab860cd62a09856df53a,5,0.9705896377563477
6742a01842795cb982ef5bf0086150bf,10,0.9714294672012329
172839833170a15441fda667a4e174b6,6,0.9546117782592773
bd0aa864461f173e8c721784ba9cf41e,26,0.9258573055267334
43e5ce3d59798553e0f48372eed5d361,1,0.9054946303367615
cf55d3c774d40651891ad3bf87b8903e,16,0.9465476274490356
6c0237ced01b18c7d5d9c68a9e5f1281,11,0.9577104449272156
d48ce694ad3e0ab17fdf7aced1e295d5,7,0.9703936576843262
2b043bcb4e7f011a60e0a38c283c6cc9,10,0.9714486598968506
3c9bba6d43d4ff6c8d348aa811d3191b,0,0.9804255366325378
0e402841d001788f815b3ac4dca9f622,23,0.9518315196037292
a79de913d46960c3a85a8ac659415c0d,10,0.9711573719978333
5b83711e3d58a6443260a6853ad7cab2,25,0.9144505858421326
96e0951e75c138e918f52c54d5d533ae,17,0.9392787218093872
7a9a20da84e10fd302ee99dca344a8a3,7,0.9715519547462463
4935ba8ca174fbb3e0de329d12e3d5fd,5,0.9705644845962524
f47fe2bd93e8eee8d76b710694a5e4d4,16,0.9465859532356262
02da8487886a510c6f4c3c0f702493e9,24,0.9529606699943542
420a36681310155c70a50233a2e3ec78,2,0.9822743535041809
8911cd0c96ba8c3154b8cf8a311043db,20,0.957944393157959
b0a17ae6ba7a60a7ef9b530118e0c7c0,10,0.9706730842590332
42bb7925946a78a7cd86c90fe2bcdf73,24,0.9506600499153137
20fb222a6a24291089591cc1c8748dfb,1,0.9653146266937256
30716b691cb92fc81b5a2819af3c2a4e,20,0.9608839154243469
4f3a43fc8804e16b3c29052fcc24e998,11,0.9605626463890076
e586f4004e43264be75c2436d2238b83,26,0.9264041185379028
047f57a88552bd7148b369013dc9918a,26,0.9259323477745056
a56485db96aad7a78b7052e297dfb499,8,0.9616870880126953
188fade8fd51911d7e9cffcb31ab6e25,10,0.971498966217041
1de129bf0e173fe79cd5f3f2ea483e0d,13,0.9618754386901855
c3f3bb1df8ee7e2b463b6d28e1000797,7,0.9715213775634766
520486085b304e26c619cffa528ab8cd,0,0.9803441762924194
3cfecb66c0222686bd4af0802725e696,11,0.9612268209457397
95a3aae33618ebde012686a6f23cbe53,8,0.9613292217254639
ebb53edcadf2c96803e21f35247af9a6,1,0.9642689824104309
7a235ad61836ac9a22c50165fb89e525,10,0.971490740776062
643cf0a7f8bb9c0ddd2f1f048a4d6bcc,20,0.9604437351226807
758d60a10b5e4ef1bc7d904d2ca3b38f,21,0.9351759552955627
a9f34a458f7664f867a21085e8427c0d,0,0.9806864857673645
9e47a23f9f46d09abd2fb0d3d3bfa157,2,0.9766984581947327
d0a94768a71267c68ddc4d3d70daa411,25,0.9152885675430298
5258dd35ec6167f820d793a2f5e50bb0,28,0.7877567410469055
a619b4c70ae2b7c3eabaca9f07157b5a,0,0.9804800748825073
a97fae9aa7bd30d778c835c0a28648bb,6,0.9606090784072876
193055c07663c96fe9e87b19d42abec0,2,0.9827173352241516
4528e10b968eca765271f1b97376c710,4,0.9513837099075317
35992c6aca99a218008eb90a0846be5c,6,0.9574143290519714
cade558aa7f437fcd0a4a6d37100088a,4,0.9519206285476685
42d4db5b781909633f8bfc6fec4b1055,21,0.934571385383606
47a9d7024569ad27c1de5efb13664dc9,13,0.9626646637916565
22d28cef964c6150a11fb2aeec1583c9,2,0.9815293550491333
f89c777387a3aa5bcd8b336ba0a86e5f,10,0.9714289903640747
f10522377207fe9e1f791ed3599348ab,0,0.9800753593444824
5ad5c5f5a27f6329376cc6ce8598d6ce,10,0.9714000821113586
bebfc475b07fba804f056c9910dcd7ee,2,0.9821304678916931
095cde61fde90d6aa0bd1fae75435edf,0,0.9800577163696289
d49426370ceae9e867986815e17e6289,16,0.9473155736923218
8c968134ba01d76d70984d4a3260ebc0,23,0.952545166015625
47bff04ad2707e8f4369f43cd6f9aa74,11,0.9611158967018127
28787c2508e7560f3acef3a9b617dd5f,16,0.9472262263298035
c8d8219a0f03b663279a2ab63ab497dd,11,0.9611741304397583
5ccc277bb295b8d2fb90ce0677dc2d5d,18,0.9332643151283264
7f6a3bf5589f210effa5dbebbc6d556a,0,0.9800671339035034
9d1b00e2ace1ccf60f8eb334cfc35b3d,2,0.9827813506126404
3b9fd34058f97368beb62861001cc300,10,0.23460909724235535
3381a84124c815f1899bdffd1caaf3ca,2,0.9827080368995667
41bf2caabd1964119107de712c521ed5,5,0.970520555973053
087a821cce9328268ed432b04969efa9,2,0.9819467663764954
3f1bef4818ca1e11f6d506c8e2e8b4a6,0,0.7301350831985474
ee47646245d29ca8d4fe4b70c54389f4,1,0.965548038482666
112b4f30cbcfbbd201127fb020f3fccf,21,0.9057313203811646
913abab98f1a77c45251ca1de2962227,10,0.9712842106819153
f4b16aace253e35958d3ae64561f9074,0,0.9795947670936584
99a94003142c58af030d93aed1fc69af,18,0.9340763092041016
f77032c2fb72bbf1f4b62268a463f314,5,0.9700189232826233
8b502b6bfac04627e82ef72953760119,2,0.98093581199646
a9c32b0223aad0ff43b0969760f8b4d3,0,0.9807658195495605
e3d5ebd29dd6d328ea8fcfcd158d441f,18,0.5592976808547974
86e0d0b10e8e8013a1bc82843391a7ad,7,0.9717243909835815
d7535a4f7711ffde5f02388f46333ade,10,0.971402108669281
dd98924e484b59465366fee95a292313,23,0.9494668245315552
c2fd07fdb857cd4eaaf04e63f961af71,2,0.979176938533783
568802908669bc96e6a2137675984897,1,0.9653583765029907
6567d23ad03eed994c71443041989e8a,25,0.9120669364929199
a5901bbb5d9f8cff943e8568a37953ce,7,0.9714585542678833
d8573928d8626378bb8f0684c3712ecb,5,0.9701289534568787
5f70c2d1bd1fe33869ee1a44fa5a5096,23,0.9521101117134094
6b629ddabdc5de9771c5c58b4ffe76be,2,0.9823923707008362
faf42cd4d8e57ab9b78abc450fb3f357,1,0.9641331434249878
a4b1399382b274a6175ef1a75f3e3c43,21,0.9338653683662415
4219ede42572a235a81868138da5af0f,0,0.9806320667266846
9575002fe06549c10aaf81f6795be485,8,0.9604709148406982
8653d5c7898950016e5d019df6815626,8,0.9609307050704956
4cdf611b1538337157aa9156299eca32,7,0.9715372323989868
a68f5681e80fe3d0ca4e0fcc1b9e433f,14,0.8914614915847778
a590162c55845840d30319a9637a8314,7,0.9718512296676636
4f9465dc7f93a595c12c97dd2f779d67,2,0.9827827215194702
6d32fe66adb1b1a01e774dc18e47e738,1,0.9543167948722839
a5e4838ac7d0379e9d0635afdce2b89c,2,0.9821746349334717
777c0816b43b4ff0c04b2614e061ca0c,26,0.9276551008224487
19e61fe13b501e33165156d20fafc8d8,2,0.9828511476516724
6f715af0971a221457c6a8a72d2da53c,0,0.97694993019104
c09e4d4b6477340dd0697bace892efa3,33,0.8512153625488281
28b501d745f61e9348640805bcaab61d,28,0.45087555050849915
3d260065230621d0b58bd8bdb807b556,34,0.9223650693893433
f7786bc9d0d4d15844386c4616af02de,33,0.8556294441223145
58f813bf4a1eeb3d957cdac7f78b1730,2,0.9828301668167114
317e55ce43f2ff4fa95a7a3c2a049c43,19,0.9051597714424133
9d56420d328f92e1109f58ff2fe50708,2,0.9814250469207764
5844a2a2f301c1d618fd3c6653805324,5,0.9703623652458191
98b77da27d71f7c617c9d4d7ef6a3a6f,26,0.9256411194801331
f46eeb5e306d79a03913e9c6d24cafea,6,0.9548584222793579
67e992feee38f906176e56005f6c349b,15,0.9528778791427612
508ea2a14bba8f1166c58f3943aaa00c,9,0.9337216019630432
3aa74d77e218ded3522fd07aace6c481,2,0.9825403094291687
e8b54684fb0975ad81354809ec1554d7,26,0.9266319274902344
4bb45075de9612ac34f2ab756c552a18,2,0.9820661544799805
829bcab9fc599c5504100b2bbc20c66f,34,0.8708656430244446
f74aa7f764bb914f31080b24196c150c,2,0.9826681017875671
eb62b9945d39a6fef9d5f22f6a4a25a2,34,0.9258328080177307
748c2a0bad5d40f5ff079bfaea2d5529,28,0.7173576354980469
e880611cae4d7f6b6f44fee65a577222,0,0.980713427066803
6d18207aaedbec1bb0095b186499b4fd,2,0.9406525492668152
8bea1c2a43711ce62f27a823b59745bd,5,0.9703416228294373
565248730fc0ea237cdde8c07a5f92be,0,0.9801121950149536
9a5c929375c320ad839df521dad3eb6e,8,0.9616661667823792
da161f113afc001108931934082588c1,17,0.26943233609199524
51fb9243dcbc89b929bd9ba2c3fa91ea,8,0.9615600109100342
4c5a0be8bb09fab620fe7e6a66bb2b1f,1,0.9652842879295349
7bb343398f6706fdb4f9c63d50512727,21,0.9361950159072876
0d34a26127c1a863fe7139904d88fd17,5,0.9704381227493286
abeb492256a55f3bf25776a4d8490c3a,2,0.9826807379722595
aa0cae6d7e54c7aa5e6cc8cd537f1a28,2,0.9827688336372375
441a122e55ccccee035c56ab59700068,2,0.9808697700500488
25769a4904019cdb1043b0a89515a77d,10,0.9710356593132019
32c30a1eb909d74f7cf6c6e46f723bc3,24,0.9522005915641785
78b231b041282e6ec9b96554c63a12c8,0,0.97782963514328
18309a48ccba4ca14983be9b8fbf7033,13,0.9622933864593506
6ef48c17fcbc74d61e0e365b6c309941,20,0.33940526843070984
3b1024bd517084f1feca0eb9d8029f70,15,0.9535448551177979
b1ab605af4498466e82fe7deccc46697,13,0.9621330499649048
402c5d97a210ae3b7eccc7462fec3ed0,23,0.9516223669052124
090d8ef86be438f712597a48234be7de,2,0.9765307307243347
3d8bf59164a4920f6b6464dd82bd8de8,2,0.9821264147758484
4b1a09c7d3e1c9499c14b5b478782c7f,2,0.9825929403305054
e614d3dc132ebc1ad7682fee0c4a587c,7,0.4328128397464752
30f046f3b10e095997f35a106f4240af,19,0.9153609871864319
a0d3c484a1828fa8f4ab54306a6d0ac0,13,0.9549276828765869
f234b4a8b033e6fb866636cd5b23cd0d,2,0.9824073314666748
fdb74dc89bc4e55107326fc96766c4c3,15,0.7292361855506897
88fe9c63af7576b0b135386f22c08462,2,0.9827232360839844
67a8cf6f984c3c4b258c23970e9007c2,4,0.49536827206611633
96cd280fb650cc1e830561cd55aab7ec,18,0.8980498313903809
918ac4d42a53cc2a6fef532a6fbc9653,9,0.9400238990783691
0b33107aa16350a5ae5ce7f397e66117,2,0.9811556339263916
04019141629184101b2d8d2d3b7996df,2,0.9638054370880127
715d4be2bd4df33850f24e7172a747f9,11,0.9606310725212097
0f662ef0a10df4b2b0671da7ba9b74da,10,0.9713488221168518
1771d98fc39511a202a8f5babf572d49,23,0.9525920152664185
8a22a0b0d0c0714b20ccc317605a518f,0,0.9801919460296631
8d427d3bf3227faa9bba9e421d655c3a,10,0.9713545441627502
993cafc9f9278377b69ce2afaba71161,2,0.9821241497993469
187d818019965d43e1778d85cb99ff45,23,0.9504938125610352
0caac2ab2fd39c0ab4fba207e128da37,20,0.9605807065963745
6309a8307698084265042065880ecfc3,22,0.8973739743232727
c621360c254cd59aa49c992def8b22dd,1,0.9652923941612244
3b7a8bf8c300797e56a52bd0baa9e26e,17,0.9387066960334778
f1dd2994e89681e360f06aa48eadcc9d,29,0.7323837280273438
abfc9621c37160080ae4177b1c18fdf4,24,0.9526626467704773
44d3d6cb48798c3b95ad6fbe9d585950,2,0.9821038842201233
4d7ee81d0427f262d8537b26594b89f8,7,0.9685938954353333
617b0a7843a1087827bd85e65439b9e0,11,0.960412859916687
03e82221e758bf0f60b615358b814c9c,14,0.8895981311798096
b0ef6ce8f68dd7397289fa381b6ecbd2,13,0.9623194336891174
95c60138fa053d80278b8dfeed23d326,20,0.9605776071548462
0651b869bdcb15d0240747fb65ddeef2,3,0.9283768534660339
225cbcea4190a17aa5f376f898c56a42,2,0.9803266525268555
44a335622e2346f6ff9c7d9f1d761bf0,24,0.9503107666969299
72943dfc8dd9f6c9d7a0fae982f88cee,27,0.8879867792129517
d1232b9551863e568384504032bf1e3e,4,0.9518681168556213
05260df5cbaf39d08815d76ad61d472d,2,0.981788158416748
8dbcb73a9d2ad496c2396c365bc5d7d1,16,0.9471375942230225
b341fd74c4a998ed7c0490b66102e75f,7,0.9716971516609192
1ef7e05209b3155e49ab689f855ae197,2,0.9824835062026978
87d81fab713a73f3c58d818352d8e260,1,0.9623283743858337
4411b8602547e182a63cc0465a66661b,33,0.8539155721664429
169cc7c97b40c7a27b51076890edc604,10,0.9704533219337463
00b8055d7be2b6cc8d4d25a25c201457,7,0.9718135595321655
f1b2d02860cb525f62b0fcbd9968bc3c,15,0.9527010321617126
429281b0ac6876b883ff971e9e54be35,4,0.952079713344574
dcd49b5e16082f6a60b6dae6a235403c,2,0.9826061725616455
352177c099c33750e4843e891416f39c,15,0.9528898000717163
e233ae55a85ef35ec84281168275aa58,0,0.980654776096344
d2aa1b7c875a8bf29c529a1a79ecc3d2,1,0.9654616117477417
df6d9b8e56ff1e30c4485011d91df288,6,0.9606547355651855
b2d6be2ad7733cd0ff02e0cfd1517965,6,0.9603044390678406
e8375fb397e0d994853e554c83d8568c,20,0.9593541622161865
10ba5fd675401fc4d04dde94b0080028,2,0.9827219843864441
77bff4e1db0e003a8c4f102a6cd6ed6e,7,0.7984175682067871
e8ec3556606adc13d59d1b68365e772c,24,0.9109224081039429
5b2c1cfb72d1d9399877fef7cc51209c,27,0.8882908225059509
6f685c35f54c5ea8799d9b14fb9b4410,1,0.9648646116256714
310d69c22dd48236e1fc7af55146db27,13,0.9623461961746216
193b8ea067a9073920cfa11c6bfabf03,8,0.9611303210258484
0e46046293ee786924e61b923a3d69f8,2,0.9821382761001587
a16e9330965d82ba0b8d3756d94a5b3c,7,0.9672630429267883
e6e2f13357a519b11e379a6f9ce7a776,11,0.9610329866409302
7bd86f49aec7c9f572a63de7b6c9d9c8,10,0.9709879755973816
5587f2e1f78d29f9052c1437634149f2,2,0.98256516456604
cd948eb4e53c1688ff838100b017d32b,13,0.962482750415802
d2886f8dde2f99060478230f22def186,0,0.9804465174674988
baaa744c7bb41351035fedfae626e9cc,20,0.9605587124824524
46ae17e85347b69fcc9076d24f4305d5,7,0.9715129137039185
da4446e48406cd3c00fefb463b1179bf,2,0.9821004271507263
923a26cfe07bacbbb8f203eda6d1be62,2,0.9826104044914246
9c60332d25f49fe0229838813b8b325c,30,0.9042969942092896
043f006ef412bb3e5111f561a61f68eb,11,0.8716670274734497
1625c68ad80b62216c59225d9902fd81,30,0.3908967673778534
69c973fc03bb2dbe99f9f203712c6ed0,0,0.9802768230438232
daa66dfaef04558cf2a311ec01258ed3,11,0.9608664512634277
ffbe54933ba4c15b382abeb323a1055a,10,0.9713058471679688
994772ba522537b1626eda9512be2093,20,0.9605197310447693
eeaa24f4f34ed211f9ecb59a89c1c0cb,15,0.9530776143074036
6dc066ceadb1a31b745f6bf7fc503de5,0,0.9805501103401184
7f2ecd2f671b8d28319a477550bbaa7a,8,0.9586747288703918
6dc488a08d91c2f124f62c3af23967e3,13,0.9624841809272766
e0879b48e84a831a0c93c27f3701e9a1,6,0.8591892123222351
bb918a2533609c9439d1a8bd4d84c9c2,28,0.8957851529121399
f5624ceb7003a9fb9b4dc7d1daf1ef92,31,0.875390887260437
365bd240a99d77a4dfffdcb77eda5710,17,0.9391373991966248
cd48e16a3e2d6190c703ba5bca2ff017,34,0.915621280670166
cd8a303fe02fd495a6cada5ed59ea7b5,1,0.9641229510307312
2fc98909ed9168e93d286b2c39443db9,24,0.9533537030220032
7614cf1e893a8a365160454e3d80c706,4,0.9348349571228027
8f5f57db60f1858cded050f1c6671601,15,0.34002602100372314
2e8f69555f1e4db6c4e4351463ef002a,2,0.9820199608802795
0ca3cfd211c920971a1e053560bdb869,18,0.934130847454071
bdd2bc831f34cfe2799fd31f26c3dd33,18,0.9335112571716309
f141d1f6503766cf59715abb81c3d209,14,0.47410017251968384
a61a2737cab41759bd52cc2868d80237,33,0.554948091506958
bc25acaaabfa9af370c06402293a52ef,11,0.8263702392578125
a8697dea360e1a53f84a8d26a0827bba,2,0.9827897548675537
cee6895765c016bf6a364b3988c80acc,3,0.9305143356323242
cd65c331794635f7546176317351c68c,11,0.9608573913574219
fbf04a0bbc8708b74ddbb365c9c44773,11,0.960507333278656
4a3a3b3d167b18078084906bec95fd16,10,0.9713643193244934
01595a7ff6b41cc8dbd09092a13094ad,4,0.9514439105987549
e66c185eba13b99203c7040c037edf00,2,0.9823275804519653
bbc894b41d584f3b2210aac2a1fdcf9b,5,0.9700191020965576
9cf4562bcdce154e9b73ffb561461948,1,0.9392336010932922
3853b1b354cf2b8997714ab5d2157c3c,8,0.9616010189056396
e83aef64b096933c2e49a564fd9a76a0,5,0.9706470966339111
e398d46adbe522595e69861ad59cce53,11,0.9610136151313782
05ba31925f831e456d085bdc1c96528e,5,0.9663742780685425
479c238296816e2f9dc05596ae517faa,0,0.980332612991333
b875304ed6dd73e7328e86bb851b6ded,0,0.979710578918457
7118effa66ac7405db5fab789097fe37,7,0.9717152714729309
ffd20dbd457817e277b3f6bd073db8fc,2,0.9820719361305237
f58e436ad2ac93476ca98222a63b72be,20,0.9605804681777954
298606b84678522a63ffe9c68c533bb0,20,0.9607373476028442
30061d5150ce9a0f24d6a8feddba14be,21,0.9347922801971436
776d689c507acd2ea701fc229e99f34e,7,0.9710803031921387
85bd0ce19f20922cf678065da84d1280,16,0.9469234943389893
cd065d46fe109a4c69f2217d82baa131,20,0.9601684808731079
e3228c0161cfbaf6ee830a7e9d55b29c,11,0.9606038928031921
ab7ecb72ebc126e44e7608d051d70520,2,0.9812754392623901
bc6c6667c636b105cbd4ef429e3d3c69,26,0.9271426796913147
53d2edf12e896aaea71c472e3ae8ed6c,2,0.9816417694091797
43c9187143165f222dc2f219958e95ec,26,0.9265111684799194
36fdba411a5b4c60253914f0f39fe616,2,0.9825090169906616
391ac63c14f419c563302d5cce4275ef,13,0.9621112942695618
0d4ca1c5ef4e7bb780f861be0b1ec6bc,6,0.9561347365379333
fac585647c9c473f5526f7549657eb61,20,0.9477514624595642
d332863520f93cdf984ea96dc5f5abde,24,0.9535992741584778
112892b418f65e1aec4ed083ed24c9db,5,0.9702628254890442
b9a6ed3f6e79fe4d0a618ec663584b5a,6,0.960189700126648
49916cefdd058f3a92d952c58159bb3b,16,0.9472072124481201
8b4da9f13de53dbf96dd773d46a3677b,10,0.9690932631492615
73b9b301dff87333440f70ba991a7def,2,0.9827283024787903
bfbe556ad55ea36a259fa9dcfe1335e8,7,0.9709479808807373
89131ad21a870f6493379b800f50e367,2,0.9761107563972473
df0ca0183983ed68129d7335f008e0ca,23,0.9525203704833984
29b501b562056d3b197212256b499d85,10,0.97141033411026
b1fca2614c0b9557283da7b92bb55628,21,0.9306469559669495
b27c746bb0e8c59534ed3b2d81dcddd6,0,0.9805856347084045
6deaaca2d853fd5b1d2d52bc390088a5,2,0.9808394908905029
d0c7fd06c05347c638ba3e401db21a90,2,0.982700765132904
c2dd3cf2f6245539e23a70490f0e7df9,10,0.9713695049285889
1e6036bbdf54fd9edee3e2418a1d2513,0,0.9805476665496826
f51cbfca807835e4d7254adaab4113dc,2,0.9430384635925293
4788ffd74a5abd99a0957db12b84c846,1,0.9650967121124268
defc80572efaedf7b11b10fe17cdb39d,0,0.9801684617996216
3b9fc3b7693054b65e3371132f6fff83,0,0.9803464412689209
e9d40568765f5ddca6a23744c59830ad,18,0.9254015684127808
31ad916e3c4b43cd2084d9a2631cc05d,2,0.9827451109886169
e5247bc22c0d731ebda7ce75dc537bed,8,0.9570503830909729
4213a806fd6022ba299cccc025c22e4d,3,0.9327108263969421
4fd46ab484da4a0494e4e672642d8ff5,0,0.9805707335472107
fe33a8046d6fefd6320a8b948fefc26c,2,0.9812551736831665
2444e2f391c2e72e31a6c919ffb6961e,15,0.9517730474472046
c328401f849e628f50da056c654a70ad,18,0.9339088201522827
06fd2669e352ad60abd879bfa12e6a17,2,0.9828187823295593
8f1138b76ddf2a181668be6d40949322,2,0.9823662638664246
be24005750a74a7edf23aecc53567aff,12,0.9220781922340393
c87f382ab36d401ee2b9a1b37acb7f7a,19,0.9156748652458191
15bb31a1a4f86262e0a1cef6443d38e9,18,0.9314749240875244
6b6550ad8f746f6d8b1d4736c9afb1d2,8,0.9616761803627014
9647c6e73ded24adb3c6af51a6e47de7,2,0.9812027215957642
60d321ac158da2ca91c588a0adf74a37,28,0.8302391767501831
08d77ee0eca24ce22469617b23a09e67,4,0.9496636390686035
b62963cbed6759de7e791d3741b459fa,21,0.9258023500442505
5918d1b69f892ced38d0753446d56c1b,0,0.9800758361816406
ab904b0dfbb646dbf26c930d0b77d7b3,30,0.9026686549186707
11ff71923538227b2008814a33179fb1,2,0.982573926448822
ddb8344d4ef4d768d84081ef108db510,33,0.8550699353218079
5a3a441ca805f27ffd7299385b408d32,2,0.98226398229599
a1ccbe36f001f28876030881e20833c4,0,0.9805998206138611
99ecc00ad9d76f585241f39e1b4d255a,1,0.9639796614646912
2cc2e0189cfafcd4cb6d248fca87d816,5,0.9700948596000671
ff96ff172508d31aa491615db4e6b19a,25,0.9123491644859314
2aca1695614e9cfde421e3e4b787c41c,2,0.9825884103775024
8e614f295bed471e5c6274df23151929,21,0.9206241965293884
7c83dc98e2d4dc97a0dea39c9a51e758,20,0.9604025483131409
192050908f4863ecaac6fd07d7123e5b,4,0.7301560640335083
d0106dda14515e874ad7c99b5a7cd6bb,5,0.9704560041427612
0ea280d35cb0289cbd4ab3b1b8a42ba8,11,0.9611612558364868
c9ed361b2bb75ec0f392affc96b539cc,3,0.9324671626091003
b5f57c7b9ba6f38a51bf3041a126e54b,7,0.9707467555999756
5463b70d255889350315e87e71feccd3,0,0.9806680679321289
fa134e076ec2c134abd154273f7cee8b,20,0.960800051689148
ae11938fa74d98a56274cf5516fa6602,2,0.9825465679168701
c3cae3e770b1141c695fba69118b9cb0,26,0.9269906282424927
394de3132586b6ab0e84938db54dc79f,9,0.9391782879829407
06f1c607152a1068891f1d9fb6f9421c,10,0.9714852571487427
203bbb4f6ef5975256a8db9169893e01,2,0.981860339641571
7509725c069dcf22ab5c719bc41221da,5,0.9703908562660217
c98d5cbd8ec4a94e30f7be23af1752ee,2,0.9827046990394592
01a0784ea59642c6cd839941d121e64f,7,0.9716717004776001
0ba055f905bb8e6b82ef09b7bb6cd7f6,2,0.9822435975074768
82b590c1684b4be05056f402f7b8e226,33,0.8565036654472351
aeb71f49972a3bb9e836af34854b513a,28,0.892850935459137
ccd64fc6ef74065d36afe4f0fa106f68,2,0.9419835805892944
a716c56e46bfa2848ddc5c63c1163828,2,0.9826159477233887
a8f5c63e82ebc9a5966757bb1c6a0668,1,0.9648241996765137
e9eb7b6aace5835e6092f7b1a050ae40,3,0.931947648525238
abbdd600d70bfd70ec8a93a89234d9a2,2,0.9827384352684021
2b9ce6f2186618fe603fa0a57a2cae2e,11,0.9615238308906555
7575a7fe487279b797c6b87031bb0eea,0,0.9806342124938965
5816c542e251e628fdfe0dc7e731b7c0,8,0.9614757895469666
477ca6252f77f3f9b204440978feffeb,20,0.9605639576911926
85d54206704084e5aab8cea8e3d9107e,10,0.9513646960258484
fbb132114b0b2e22199013770022dc85,8,0.9614217877388
1daff5985906211671ef327fd94b350d,13,0.9596131443977356
775d03d9ea991a104d9877ba6535cd36,10,0.9712517261505127
da6d39b002264c7cd24db293fd2d1577,5,0.9700208902359009
26aa702986df3352b29907f09cf282c9,2,0.9826516509056091
76aaeaa1563fdc13de3f4a49b43ec19e,4,0.9513713121414185
6f15e5fada760b4e2eb7896d4f9de6c4,31,0.8746435046195984
0545f83c545f91959abb19889f1611f8,2,0.9825483560562134
249afb015c9e0bc2702f42503fee5aaf,10,0.4076116979122162
0da7e54313ea5bf2ecb0628c0581d2b5,20,0.9576467275619507
39b37bc62ec1c4cb922413ba0f4e8de4,18,0.9337432384490967
54e6daac03194ebfc0b10c46164c25e8,18,0.9335734844207764
970e0547379070d112f6a035cfbc7e4e,3,0.9329261779785156
0b7678686034afe958dce827647c7464,2,0.9824839234352112
ebc6d1621591c6b29d4cfc4444af51c5,2,0.9825010895729065
046c9419cf958d23988403010058d36e,2,0.9821861386299133
8c9ed3890f135491eee0a41d1925c220,11,0.9608871340751648
41499f44c1cf6ca573e529985b84ce3f,2,0.9827514290809631
481bab50bf8c0eefe639e7255f116a3b,2,0.9828232526779175
fe9fe535acf85d15f46e7573aaf1360f,2,0.9776947498321533
50933499a6e9514f3848c10261e0956f,13,0.9619390964508057
797ed6df006f696d8e36217d618b247f,8,0.9616817831993103
24f4775fe912be72e183804da47f19d2,15,0.9534946084022522
12c80508af687699f8f4f978a55ff84f,24,0.9534828662872314
4fd2b810cf9478c2482386fae1888912,0,0.9806504845619202
debe2c29fbeda42a3dafa6930f3292ca,10,0.9695377945899963
4276c92738628ab5ee7b46e8b020e8d7,10,0.9711681008338928
9854ef83afdf8c07acab3b2841df9aea,26,0.9266344904899597
59149e6398b1730734770c90d2e1543c,3,0.9293893575668335
9029c77612f612b2c6042f77bea9f898,0,0.5136002898216248
d39d71e369a93e7bcefb6f1253636ae9,5,0.970386266708374
8723d6cf8746c3e1bb394e15e63c50ac,11,0.9608456492424011
ed0fa4745e6a8ea9203f1c5d64f67cb9,2,0.9827317595481873
4ecf1303e575b22d437da4e9df5fd0bd,11,0.9611631631851196
e8cc0f451d93aff2b257ec263d8e2d48,10,0.9714510440826416
75f5f77b51d0e386fd09e5f2714381bf,0,0.9708070755004883
238e4901c69d2d42acd6987bed58ccae,2,0.982326865196228
4a95f51b7357afdd7cc83a296ca3a6a5,31,0.872090220451355
845f17c69fbaba5c7dd2a727d0dfb4ef,11,0.9610153436660767
2e9953b25ba7da520c3c58878072230b,18,0.9198830127716064
88b89c6c0d740140c324805a833b9360,4,0.8584249019622803
ed67d72c8ce3e297c7fb1124c5b069d4,20,0.9600809216499329
34cc49d459f5ba208f26d609fa65ee12,23,0.9522605538368225
4fa74b4bfde1ec87d55c490e5b0f9539,9,0.9404066801071167
7b00dc7539e3df0e9f297745ee8aa2b4,14,0.893154501914978
67480e621ca7778c351cb74432d4c3b9,0,0.980679988861084
fcd4282461801d36ca1f0e47afaf340b,17,0.9380512833595276
9423ccdba4c4e7105ad4e20bb6dcf17b,1,0.8717415928840637
be76cb3a7d7dfcd501094892f27c1f8f,8,0.9404086470603943
1489f709a757c3f3b9027c7bd4613d65,15,0.9524816870689392
0bcf846dc2049a5c18594aaa941dac76,11,0.9612706303596497
42bae5f29a6550a5dfaa1503798c8f0e,2,0.9738237261772156
a3ae7f9d93c1a3c963b1632a9bec89f3,3,0.9324920177459717
8d08feef573a749ee956de9a060461d1,8,0.9615260362625122
c49e78d7280f77f71c17faa6909859d6,10,0.9714685082435608
77168139150b50c3913c6fc39e2aa96e,5,0.964033842086792
6211133b93a8f02dfef4053af2476e25,33,0.8413585424423218
b93558a7d119840e54b03d6c4686ab21,28,0.8954249024391174
27d152a043341ca405360cb93e18c966,0,0.8444921970367432
d9b6083b57956d8fcd5d0c435358c4ee,8,0.961475133895874
12bc25e05d0d4055c05def83c9d6ee91,2,0.9824480414390564
59a27272f1e4ddee173933755b41ebe2,10,0.9715082049369812
63e874d07eac111f53325545722351f3,0,0.9805209636688232
f00652cd03e7f284df439d388d4ae433,20,0.9607980847358704
7638bb74976992b4661fb452cdfad7ed,2,0.9825458526611328
6897b9454b0cec4dd4b00eba7d1ebfa4,1,0.9653992652893066
a2fe7958d8ae55e71ac38b793419ba3b,11,0.9606928825378418
f4b4f6e103840149031deec4ca1077b4,6,0.9471831321716309
6f0854a49cca7fedca352a4f5923dc5a,17,0.9369907379150391
a5e37088e202b22306ce6b94478d0c47,10,0.9714727401733398
2a98c3948ce04c3ff3a20feb0388bc18,2,0.982016384601593
01e0f01b06f1dfe591143273a0912351,10,0.971492350101471
9c2dffbfe3525df70183342aa6e9b744,20,0.960765540599823
17abdb6937588ca02956a14c0bf0e47a,27,0.7834591865539551
e53f69c6a9929a281a9e47ab22e69e9d,26,0.9266466498374939
8a4b9b572fecb03cd97f787ffb254799,8,0.961670458316803
4d5a1286a4e6e0b80b9ab13369b56d52,33,0.6426087617874146
41ce666052438831cf9c9784e25efcb1,26,0.9266202449798584
2ba0d04e23f1c203abd6fa0cc0e9fbbe,7,0.9715609550476074
f63d45c405ec880a0e7065af590f75d2,2,0.9825512766838074
4ce1ad55775715ab030244f5f1afbe76,1,0.9653189182281494
ea237fa34a5531eb89f42711eaf67175,8,0.9611691832542419
4be3b621d867bb56bdf15f1589a3a995,31,0.8767336010932922
a947a891ade068a90a54a1b26789091a,0,0.9806293249130249
198dfa2fb20a0a6ebf33d655b2882660,7,0.9716184735298157
b3dafe42dd7182fe8205bf15c25a8936,2,0.9760774970054626
99dd1ba6edf21eefb7334dea339f1249,9,0.9397382140159607
200e8424fff9fcdbd86cf4655302ca0b,0,0.9794530868530273
78eeeb299096c20188760ee99a47893c,26,0.925658106803894
532c67ea95b57e3197b5f5ae0cb2faa6,20,0.9606385231018066
4ef55a9ecd912e9e4c85e55402ecf548,29,0.8921063542366028
c98bfb778ea3ae1fe3f936c652100c08,1,0.9596382975578308
766842212a6f5c51bce1b843e4cd225d,7,0.9718753695487976
d18b5ba23d3c9833d073ab44096ca89e,18,0.8763266801834106
558375d1e9abc7a40e91aea4d00e9d39,13,0.9624954462051392
ece54a968b084bf4a2106f5d20b64384,6,0.9489302635192871
2f603b1d583949253eef61ee130f5245,25,0.915240466594696
3b9857c5c4d5d87b401bbc2a939bc1b5,5,0.9638997912406921
600f59b40fd72c219a01d1ee1f3c232f,0,0.9804331064224243
3bce095afb25a58f49c88c310be66f2d,26,0.9258872866630554
71697b0b90c9a9065dd1c226eb37899e,20,0.9602875113487244
54f604d0874e233e2c5829f62d6c6664,7,0.6762424111366272
5923c780a854537c096cb5c6dc97362f,31,0.8771663904190063
91c829cd6a6a54a58646e696e400d6b9,1,0.9655854105949402
ebc29971ea8fb6976c37fa1039eb9bad,10,0.6204959154129028
e251f855536306f2cc2e1b11ffe6c175,11,0.8737747669219971
11788ba310239ff009c8f8c63e5fbf86,31,0.8569897413253784
c0d71b845301604daab636e7c82e1bc0,11,0.9118494391441345
9b832071ec0b06daae37080d5d5096a6,4,0.3887264132499695
09584bc014bef26b1f4287dc26fad8dd,10,0.971335768699646
333ba0bb2f297c428b907bc419c5f6a9,28,0.7057300806045532
49a9861584282395c8051d5d28c7a339,4,0.949636697769165
d5e9979ee712ee6143cfa953c7a8b400,28,0.8498572707176208
c1e4f97b59641d3f2f226528256161ba,4,0.9511157870292664
0ce684d800915277206c6d4456f8cb90,10,0.9713703989982605
3ce9ec3fd8f4c27b280989dc70e8ad73,3,0.7240479588508606
34358db9149c1a503b1415d11bd8d563,16,0.9410368800163269
602fe6bd924be268fffa96ef69cfb76e,2,0.9792085886001587
fd58fd93d719d966749a08031ad8a71a,7,0.9711478352546692
1944dca60ae7150b1014eb2ad50e22c1,0,0.6743941903114319
45a01d478fa1eb747a8404669fdbc155,2,0.9824029207229614
1ca03cefd7ae8e868c7ed4873fd00d86,2,0.9827563762664795
73841892831f3c1ef700eb44be8803af,1,0.9653945565223694
1431291ded0bdf9896a9281269af558f,0,0.9805441498756409
e274c47fe30d16979e91c16896ebfa5b,5,0.9705125689506531
c709208077ad1f9e1cbb090a36569ac5,10,0.9713060259819031
236eb7293643c0df44efae6e42add94d,0,0.9803557395935059
6f17f86d0b4372c6f07f6f6eb1a7910f,11,0.9611400961875916
8a4970d4ee6797ec0039d708271245f5,20,0.960728645324707
a7ead4a70f8e130d5b514fdda41a5aaf,5,0.970386266708374
072f448d9bd25f5080d43c75fcccdb6b,7,0.971724808216095
7f32b42bb43c94f04e2690b3f77a5fbf,31,0.876426637172699
b242ed798302f43adbe9d60a96abce66,6,0.9591267704963684
3aaff7f89f2d132ebadd9e2a0bba8e35,0,0.9802104830741882
43140c058211389eb6cfded660e63441,2,0.9826202988624573
f7af64aae4b01f45cb36b78af6662488,8,0.9604132771492004
c64d85cb363bda5038193d36d286ac6a,4,0.9431159496307373
b2f7c60823a284527a8c00d59192b0d5,5,0.970481276512146
0209648bb1775d9f8459cf1cd65d6477,0,0.980708658695221
6d105611a3efcb0016ca438bb5ae26f2,1,0.9654650092124939
dbab38abaf8e9b9490c2a61066661a24,14,0.8889647126197815
932121f2dc9605252b8dab3b09351de0,21,0.9243196249008179
7c7f96816e3e7fdbc8f203bcb14d5854,2,0.9822494983673096
8a69975ecbcfd826a653267126a1e4e3,20,0.9601377248764038
59d960f05c36838c4171cfe3511163ef,2,0.9802363514900208
52cd6925795e76d716827f6cbc889093,1,0.9415702223777771
43afbd585d3b27821c2e8958cb1b1661,2,0.9819555878639221
d09d74ea0af8ee0a66ccb96e7a45fe9f,0,0.980409562587738
eb7e6ab62485b568af2fbed7ba60a9b1,18,0.9328064322471619
1681d01a8644345c2bebd9ee349a9e25,9,0.939954400062561
67f0630288a7d38dc772062757ec2949,30,0.723242461681366
9b582d65a143ba3b5d4303f969bde5be,2,0.9825631976127625
6cba4c729de924a84997a1479b9b1185,8,0.9609755277633667
fc37056d16f5486d94f41af405a51a14,20,0.9600449800491333
c2d11e063a52c21d5b7539a354c727ab,8,0.9612907767295837
6075b1f3ce2a6c50bf9c705b99d50839,23,0.9523442387580872
27b8a3d1a8779ab05a268af1482c42f9,25,0.9059980511665344
6fa4afe3b084be3caec5a2b42bd23f89,27,0.8741052746772766
88698363b3a6ea8fac90b33d41350898,2,0.9817728400230408
210ea47e47967ee532bd7cc474d7224b,6,0.9325234293937683
edbfee46a573e088063e6d03adaf8af1,2,0.9826608300209045
74c2adfd9c6fbb8781f89c7eea1df329,11,0.8960415124893188
ba315bec2aa1dad8fe31e0dd11d7b555,2,0.9818713665008545
33778b8a17b13bb20e33e9116ec68a1c,18,0.9338868856430054
165a86910ec0338c066e7c0de5cc6115,24,0.9528435468673706
05900272e494bf43a4cb9f868a064f42,35,0.9319059252738953
6a108ca1970fbb76a1eac80ef0deaf91,18,0.9341526031494141
f5442cacc765d5e934dca9d3cba7257a,0,0.9806483387947083
42949d87eec5747f7da8be75e2ec1b87,11,0.9610032439231873
9d5acc4d49ac306e831f532eecc71789,24,0.9534915685653687
748494aec40033d2edd1a7b92d2aff8a,2,0.982604444026947
d9633d43960277c5e2db7f6127bf0962,24,0.9535489082336426
fb40f13aad3ee8acc27eb32cb629c703,31,0.8765749931335449
8d6b1da5f5edf4e68e1de78f68d5e03b,7,0.8653608560562134
b7ae6df95bebac638f0984d7b1a989de,15,0.9527940154075623
ed1c837c924f16ef6b49d0fd1c264d88,2,0.9819707870483398
03b3ee227e2c5f2a95d18177d0a9aefe,20,0.9605680108070374
f3c11bfa7bd58a13f4e4c61fc4f88e0a,24,0.9534261226654053
ee65cdb23704fc3a9a8ae8ef74624ae6,5,0.970283567905426
d7665bcd7766cf5c7420bbd78b901aac,4,0.9443931579589844
974fb70cf52b0b0364350e11744f8433,27,0.8877596855163574
2e43b11cba57ca8bb834092f70213d7f,16,0.9461804628372192
30d23c7c769925e2c07a5a7ac1e95174,23,0.9525531530380249
17dab2405dd3b5db048a4b71aebdd1a2,20,0.9606565833091736
967bb4d45cadb599d017a7be2d73b1ef,13,0.9618317484855652
a581ddfea9c9bb019a154730261d57ac,0,0.9805032014846802
90e7e35166d3c29f8cef6fbcbf065d64,14,0.8825209736824036
c10bec0f7cc0ba4bc708454b0a722905,10,0.9714466333389282
cc1d003c05c92f20eecb1dbb2b5f454b,9,0.9347034096717834
abd08732f9458c6fcf4765a2cefefa88,4,0.951198399066925
f6a48ad0a162d38ac7e5d6338d6c582f,10,0.9589016437530518
28c8aaa04618ba4e3b2d5ef4face04a0,2,0.9825561046600342
047857eda35c7552f30febc42d9c5ce3,7,0.971723735332489
e7d855b34e1c7befc4e4d79d0c10fba9,17,0.9341217875480652
ffebb0fdf69757fb400db83c60e1a2f4,4,0.7829826474189758
e4441a45ada8e7d822b146121741273d,1,0.9655751585960388
8a5f795bb43e999376910ad40672ff02,7,0.9715288877487183
5804fe374718fe92392d3f2ed3a1c863,2,0.9524177312850952
1cbfae2c95889d14b7656f4fbf1848e0,2,0.6721143126487732
982ccd0d5b1769e09522c0dc1c419388,5,0.9703753590583801
dd8288109498808f3691ec8a2ad5c649,17,0.937827467918396
018665e1eac78212a7f67c858f07c1e0,3,0.9299002885818481
1308cd1c2ac1b1499ea63d3efc283b57,0,0.9805700182914734
c0476c7afac59824b36d78d258393c3a,10,0.9711247086524963
8859080900e516021f3444c97176e043,10,0.9657585620880127
b47e3eaa59fcc59da1fff7f3ad6d87fe,10,0.97147536277771
46d8f89e1dfc229588398e10bb72e233,2,0.9827060699462891
ee6e6e6f1f65a974a12d74f065b3f2be,2,0.9674686193466187
3b89187c489834b0bc6ef68a08b55d26,11,0.9609053730964661
4817743662e522fe0e522952223f266e,0,0.9804480671882629
8db4f3e5753898c51e9ea4df0d412585,2,0.9825084209442139
68b2d829aa5d093174bbb1ae9b5a4046,2,0.9805154800415039
f9b0f9f744159165a27fff2c93008574,21,0.9250045418739319
914ef0d919b985be1a52d14849b2865a,2,0.9826170802116394
9e83f64c156ba958de0f25d346c1b689,0,0.980593204498291
7dafb8326c5d46cfff6268096c5374e7,2,0.982801079750061
1c00a6e936df9a4934732ee1e3f9d025,20,0.9605044722557068
cc79bc88b7e11264ad2044bc526a4c32,2,0.9824355840682983
67399d3fa169cae884bc11c4733343ed,5,0.9703931212425232
125124a40c63b961c99fa2b7d0ba53f2,11,0.9571526050567627
69970471c6c70eb66479c479ae71a78d,27,0.8482932448387146
9d7b0c3a82b2605e06b5bfafa3e16797,2,0.982288122177124
0b440343a7458bffa310d2f7f76b9768,11,0.8401488065719604
e59fd47a295ac300dd35ae9d22fac117,22,0.3601047992706299
8a858f582ece99d4bb5cc1e817505291,11,0.9607406258583069
0583bc9de0d4777dd48a08703586f614,21,0.934542715549469
270a3c064b5583fbc8be3932c60aaa3c,7,0.9718936085700989
1038c5e93d96969d1df47612d357fad2,2,0.9826638102531433
23359604d6b74c85dacfde0027177b6b,20,0.9599223732948303
4884e874e5d1349014268b103e87b77e,5,0.9702591300010681
7bc751a70da507acb840b7e6f07fa9e4,2,0.9813485741615295
235d908f9365f960c85363c7a8e2b35d,24,0.953494131565094
55d7bb0b427fcc78786ba7ffdfff9288,0,0.9804835319519043
655af08ab0d76327e426e823850a5f6c,2,0.9823154807090759
e5ab829bde3f154f97d50244597a0e8a,7,0.9718285202980042
8b1d7e819ab5576a1cc7bea3cab22666,10,0.36707803606987
6aef742347bc8d0c50c1ed6088220a75,5,0.9704108834266663
f1a411fa18b40fb696b0380baa0b845a,0,0.9804314970970154
77e925f2d4f04bf8b0f0d7ab80c943f6,7,0.9713413715362549
b4f4377766ea1d3b973d84f251300979,0,0.980530858039856
03af059db7c64e3cc990a10a68d275b2,6,0.9601313471794128
3d96c84213782167fddacc8c38a770c9,2,0.958432674407959
2fb79125c62e1f837bb7ec3cd21fb8e7,10,0.9713607430458069
0a107da44727f593efdc79e3fdd6331c,11,0.9609845280647278
065821321bf7c84383b405d320eb3f78,2,0.9824514985084534
93fcee2a58a0b8cc00ceeae70692a430,8,0.9476782083511353
3da53bc44afa6d6fdce7c92d69b4b57d,7,0.9717670679092407
a205f678f83f789d57dd5f256235c908,11,0.9610345363616943
6eb4f899f8ed106c7f51f3d13ab1fbf9,19,0.8671783208847046
6656a2057ddbaa68d0a2cc6659944340,2,0.9814183115959167
64b515f6997d738120e34c6aa7586ce5,6,0.9601966142654419
d1344e8e021d7092c2c4f96c76edf783,5,0.9705483913421631
66c1b14ca019d812d89d55e43dc52dbc,2,0.9825511574745178
7c2fb318e49fdb41f4f6b35a9cfe8bcd,11,0.9613989591598511
d6a67ca3cde58640bf9bb10ffe37ec93,10,0.9715511798858643
809492204f4386d583b1cb2031c6dc6e,2,0.982703447341919
44240b885fdefa0e1de005f891e3047d,10,0.9713844656944275
f22a91d0200f6b1f82471d3ccd29d1f5,2,0.982099175453186
2e670298dc7d57f9d0d3b4cdce8b0a9c,0,0.980766773223877
0db2ff74f35202d2009c4d7d2b94ceee,29,0.872468888759613
258035a1f7d36f7dc9cd78b6110e8e26,34,0.9248192310333252
77686f29416b1da9dece51b467e13612,2,0.9229949116706848
f63f26d9a577d541d1f4f5b3282911a7,10,0.9711451530456543
a335c96ac27a423f40ebd4a963b21146,0,0.9804627895355225
c90d6c93b5afd5ee1ca395a31c7f5c26,2,0.9827422499656677
f639e4830f8deb7884a0dd77aca2c58d,0,0.9805864095687866
81a265e76aa349a45098f8daa570afd6,0,0.9804273247718811
c766653b6ac92b15fed848814861c44d,3,0.931854784488678
f2d539806f740d8cd0efbc715c994700,0,0.9804805517196655
8f95ace70fcc98a3c325e1b6287028f1,22,0.31816810369491577
4e7198e4a47d9341993b2e8753d825df,21,0.916083037853241
92afdfa0e23e5aca6c2fe16a96b36e83,23,0.9524968266487122
a6cd19dcbd06133062234cd747c3f242,17,0.9399322867393494
86ae3bc6c37f94320426b98f0ec30f5d,10,0.9714037775993347
cd4d7d375f80eeecdda4282bbe712ad5,29,0.396028995513916
6403ddd623067438ae0ba7f8f73d9ecf,23,0.952078104019165
d6caa96404607423ff43368366ca6122,5,0.9702885150909424
b8f7108fb616ac8f3db9ef24aff9fa7a,20,0.9607915878295898
728028d93d79dace41be20b40454e2fe,1,0.8753325939178467
e50109eb1a0534cc010a251cd6cf751e,13,0.962722659111023
d897d75c6d81ab5884d3e18162719d80,21,0.9330271482467651
b7e93530efacefcd9cc172bc723ef371,20,0.9601470828056335
5d53608cba097f53619f936994bcff26,30,0.9037665128707886
9acffed2d6dd00cf2107b820e5f70c8e,3,0.9311060309410095
7522914ace884f7942dec42dcc7924d4,13,0.9626720547676086
01d3594b5bc7c2859fe3d915a3fca684,2,0.9823839664459229
566aafc896874a64c605d9d5b97d622e,10,0.928124189376831
e6505dcd1f6810afef59ee7051cf83e6,21,0.9349287748336792
3ab7e46617c6cef18ba6db5b31721e58,9,0.94014573097229
0cec98a534fa24a1829df0ff55603a59,5,0.970352828502655
b98ac1c2684498cdf56927778d1a568d,24,0.9528759121894836
5fb7996ae9c7d17d5d13cba4d9719608,1,0.9648357629776001
b29a773e40260197a54a0848d5ef380c,10,0.9624403715133667
6db938c1a761639e11106b966bcb5094,20,0.9606834053993225
07757def4089197fc3820545a60d9da0,2,0.982721745967865
011be71329c040c77770cc6535e5ae92,21,0.929829478263855
4b9e00094a1fad16b518e3fa2475a0a4,2,0.9827301502227783
4b32212ff355decc98f50e4afcd9fe9e,5,0.9702126383781433
aceba61d2c156d9eba8729220ae8ba10,7,0.9717912673950195
26fa168b35a21add7e980114610bdc54,13,0.9625623822212219
bfd655a8df4164c40dcd4429662ba7e1,5,0.9704833030700684
b7f0724d06a7c2f0615d94a70156d134,4,0.952552855014801
bbd8fd68a2980932ca936b908fe10ed5,2,0.9821563363075256
ca47f829eb04e9fe8271031a72656165,15,0.9537174701690674
0705b36d60b302ed7d997ccebf9d0dbf,11,0.9519774317741394
c543a58789fb5e93abfe6230181b1c6b,2,0.9826667308807373
bc45fe381a73bc9746b5aa2a56c88c2f,6,0.9480732679367065
8a36bc7bd369a9a85cf981a3ff095beb,10,0.9715020060539246
0e7420060fe4a0cc2b5d2ebab8a3f55b,18,0.9341107606887817
5c48e12b3c493d03c29992b0ab2c8aa0,10,0.9700941443443298
c366380930e1f77daf3815abf878eab4,2,0.8079603314399719
59d564dcb409db6aed4df12aa47a5679,2,0.9825671315193176
7383160902534c33c4ff13959680b66c,6,0.9425274133682251
c6c93f2e2c127716d4e7761208dfbaa6,2,0.9818398356437683
62b8605c49a36653f06e170449331ea8,11,0.9612042307853699
95e535a645f15d5c00f40228764f9dc8,28,0.4122360944747925
9cd69840a4ab99ca68f19d60f1dd11a0,19,0.913382887840271
8749b67b9dcc01bdcda752e8f962c7f4,10,0.9708613157272339
7657e61df33440bb70c313ef874eb8ae,27,0.2919819951057434
8e64f5f19d5423a3d6aabe4e765e0107,7,0.9717813730239868
c1b90cdb14c7970cf51e64000139c325,11,0.958815336227417
4e10b6ed60a4cfa9c845b84313ae260f,2,0.9824200868606567
4253db72ca6b359c8716eab8d15667d8,21,0.9343367218971252
c0545e31d6690370cd181172ef700a5b,14,0.8603902459144592
67ad90d9bd43ee85c5fe97cb15d36966,1,0.9653582572937012
8631dc2d3fd2fadc38d38df49e8b58aa,2,0.9822450876235962
2dfa3de8922b396db48eb616fd59c1e4,17,0.5482082366943359
bbcb3107286c58363397d5fa946fead7,7,0.9715519547462463
0b97928e752fd34bb312f4f890d64d47,6,0.9541670083999634
ea2fea99e1f6517c8cb1971570b18641,30,0.9043112397193909
f206295d4bea79f43367a4edc0c1c29e,2,0.9819185733795166
c193e4cbce27f0d7e26f7b50a158f7ce,2,0.9826840758323669
3e09252f4a833367e2f7765c80992415,0,0.9805217981338501
7a92e3644714ee2f51c5755680cce446,10,0.9714425802230835
31de82330158552a54c5fb80cba46eb7,2,0.9826700687408447
3ae036069b6405bfd4a18287b316a6c9,5,0.9706906080245972
12b775f1c5051dac81ade32918d9d176,22,0.9001192450523376
b02e259b760c9c1f238e58f54c7cad8d,2,0.9826399683952332
4bd6f49e1d9c0be8b3e417c7e059fd75,10,0.6336631774902344
67c464ead168d4ea823acd5b84484644,8,0.9616013169288635
98c3a9658321fc7f17c78df85ee3daa0,0,0.9794138073921204
4888f2c4532ae84a4bd86f0a8d245ad4,24,0.9528108835220337
62ca32dd145c7d4b4d846937339328fd,13,0.9614746570587158
4590f47427bb7b812e943ef02ecb687b,5,0.9692473411560059
9b2e23b0d9d94349a226d18b302714e2,4,0.9475952982902527
d2871cef68e78f7f942294bad57c5d48,20,0.9605260491371155
bbb9988adfcb4c7e83ff26f0af5ed2d5,11,0.9605942368507385
cee1db7ad31a8e1c4a884cddd9b23bde,23,0.9526431560516357
0100e9665d6abe17cca58749096833e4,2,0.9737198352813721
47ede5187d2147c238ce784cc205a714,10,0.9711951613426208
637d95f882f24874c68d7c35a0cc3d59,1,0.4558597505092621
1e30f50a264ee0f6b5028438f2d475ef,2,0.9826180338859558
bcdfa005a1077c28df9f9cd1dd7cfb2c,28,0.8928549289703369
fa5e2f353b3d8b99b76d7c701b9fd23f,16,0.9468616247177124
25782483f2076dd2361cc16ede9c9f2b,2,0.9823494553565979
84756c46138951a6f2f857b5e634fc22,21,0.9328819513320923
bfac2405583410c25a2615751dd82fff,0,0.9378031492233276
1f2d08634dae3f6e24a31fb2f19a71ac,2,0.9826017618179321
b047115229b58eee2c95e29443f9e8e8,11,0.9614406228065491
fe22ca06bb66f5859c9cfc3d89fe8c58,2,0.1758890599012375
26feb71eec55f1fcd75e6987c7e41016,5,0.9706576466560364
ad7d3f09a51994be027e749636df82fd,5,0.9675864577293396
4bf5f5ca272e187967640d8b8b84b3db,11,0.9606512784957886
123ac6c259eb7c6bbfa9129babcc0877,0,0.9805530905723572
037d0109e798b4a0e76b71f4669d73a1,2,0.9825966954231262
6ded5927a209b7054d1fe7fcd6332c36,11,0.9608907699584961
254d18637531215e59f481387080a787,15,0.9512004256248474
bd511bd469c531c96c2f515046cb44c6,0,0.9807608127593994
7d34370e3e9e762fd99909d42ceab067,2,0.9820601940155029
1c55a917aeb82f4005452336ccd4c7f6,4,0.9495715498924255
23a1828699c27d307bba6d56cfd9e7f3,8,0.9613195657730103
9ba67800be0b943fc70470f7e95583a3,5,0.9701213240623474
14f807ecdc52d5b6dd4715aea33c499e,6,0.9461680054664612
208449a6fd0689e78eb2952e7335cddf,1,0.9643324017524719
5b7e3e8805503c0e6861d6ac771b3c31,9,0.9400822520256042
294fcfb61abd739b918320dd31217e98,20,0.9606560468673706
5853534d12775dee2b832538ee1bc639,12,0.9225494861602783
24ec38eda28e8bc1008fa05e9f970e7d,21,0.9359915256500244
1d9cbd816036f71913662a469d2d4681,2,0.9828020930290222
42d13523da6b6e279febdf2af970f6f4,26,0.9257782101631165
26bced9c3cb257b865af9228caa73158,6,0.9601269364356995
8d8ad9f2605186dbd5237a5c61551092,5,0.9701637029647827
97475d500a8e6ba60230f46ea71adac5,23,0.9339923858642578
6bbfba8f13a8dab6b94f583007c0274a,8,0.9616715312004089
e7045840cb3f5d104d39b82370783b90,7,0.9717466831207275
6d4b8b2d5e04a37efc13e3d4c881aa35,7,0.8917983174324036
5614152dbd72227a2c106040304b7288,27,0.8884690999984741
5792a1de4e67001f4f7f76fd561906ae,20,0.9606764912605286
9ee4c30337260416e2236a208d04a0e7,11,0.9612771272659302
69ed0b226006803204ee6f762d114429,2,0.8729141354560852
cd3942da4b4ebef4b9890f733bb803c1,5,0.9695899486541748
2d10c1dbbeddb9f47b0091184de5b78d,5,0.9702578783035278
3b17f02ea5a7b3d713bd5f1f649a11eb,11,0.9612014889717102
eacdf95ac3c6b1c61a01cd2beb891d8f,4,0.951444149017334
57ee8eedaf4ff407c5a0e37b42fec014,0,0.9806740283966064
66e9b3b467527a304b10f0aae88c70c5,2,0.8979606032371521
c9fdb6ad97d8f2d3ba2d252871d8a853,11,0.9612957239151001
3e7e3dd80bb0b47f708a28d35999d03f,6,0.9601784944534302
5b7283ca3af22e0bdefb7e0eedecfc9f,8,0.9613564610481262
6c32c14b7704dd841f7ef868792c6b36,5,0.97027987241745
7b0e247d38c1c9ec90abec80ebf67165,2,0.9827393293380737
d74db16d6483e4a8a42e94dbbe3860ab,20,0.9608018398284912
b4ba8b4ba8ed12e3133366b29a4a91dd,4,0.9371457695960999
f2178c8702f321b0dd8f41a558d564df,2,0.9815801978111267
7c25bf928b309a4e57f97526bcb4985d,15,0.9528357982635498
1acac50314baec6453e0c1e6e73a41bf,2,0.9809904098510742
7818617b8c6d37441cee239d5e2b2368,13,0.9621865749359131
8c5399dd714af6274264311cca7cc8fd,21,0.8410710692405701
662fc62e51acd616b924bb227e222d51,11,0.9605845212936401
f7eba9fa821815f6078a474a78181958,2,0.9815694093704224
9e46677e325da64c5fc58dd2bd71aadc,6,0.959200918674469
0b9e5e1aef863c5ad5594ccef784f479,22,0.8983155488967896
7277576b81789ac9aa3e9e90e09fdfcf,18,0.9339723587036133
8f40dfc93997a7dca3851f9f11b597ee,0,0.9801540374755859
b9c21aaf99ea20fa9a4a6b901418a54f,5,0.959513783454895
55277a2ef5dd7c91cbc9531b1536868b,1,0.9655283689498901
d577a4e3543fbc425a39b56408358e79,20,0.9607170820236206
0131f14bb87dc8ab51a939fc15b316a8,33,0.8529070615768433
ae5806110b1dcd93100f70c89df3849f,25,0.9149860739707947
aab55fdb40599a120859c9dde9e6842b,1,0.9639809131622314
404f7b01351c03fafe825c0d360f813c,0,0.9792258739471436
90a650830b57a10acc7d1c10c7672eec,2,0.980979859828949
a0fe3404bf2b0016e4337ba844bf9fb5,15,0.9536282420158386
7046fae05fa577e7b8d393d13619e217,16,0.9473157525062561
b528f576d0b4e82a99999db532caf69c,10,0.9707146286964417
c92b10d069f274ebc91ac8f3c775db5e,1,0.9654476046562195
3676f9b108e370941ed8c695ddcac8c2,10,0.9714127779006958
030262f2cc23e8cc7616a8299259effd,7,0.9718154668807983
97fe37f09925dccf5efb4183ab52679c,9,0.9396710395812988
9671f6e85f26af768dbe34b31209dfc4,17,0.9315229058265686
d881a13db29f7f97bdaeda354333576f,17,0.9391987919807434
a3ce0c600521b758d4a624f20e02f6ae,25,0.9138065576553345
b8afe551639df9bee465eb2059a0a0b8,0,0.9806655049324036
90e93755447dc943a1ce1874351efdfd,0,0.980531632900238
f68b59f69850f8dd4a7a491f83a2548e,27,0.8803999423980713
ff7e4e76e163100f9a5085e63fbf4695,20,0.9606670141220093
873682b2aa54609246b712f1b5b68b95,2,0.981627881526947
e86fc78f2d8dfc5215054aa4f970724c,20,0.9600167274475098
ce6c7c2ea720b006389d884f1d8fa579,0,0.9520226716995239
719215df00dd623e42ecf2e6ff4661d3,17,0.9236045479774475
32bf4b089329dcb3350703a23ddf7d62,5,0.9703254103660583
a2cf487763ab60851e178609f9ddc2a7,0,0.9803890585899353
f1a80971285caf502395b67baf6bfecc,11,0.9609462022781372
6d2e81b5c349af02be3eb9d747720564,10,0.971342146396637
f20cc515fb7c793b8d29037561d6d6e5,28,0.8948929309844971
5210175318c561bdfb7430bba5ee94a9,21,0.935613751411438
a1a52b95221f411760caa623efbb70b0,9,0.9398637413978577
b1716aed0c83054e96f092d4c70435a5,0,0.9797675609588623
b389fddc3d13b1adef4d069b47788593,0,0.9803071618080139
c218e758bf352e1260f7caceb4af36ee,1,0.9651159048080444
158a8b8580fdffe1d0d96a0910642cc8,17,0.9393953680992126
c6979348e72b6e021ddc031196cf2229,0,0.97978675365448
bc2527921542ba3e4c374872805f3db2,15,0.9521743059158325
184ffb75db2a5cd0bc12c41a3b0ee581,10,0.9714875817298889
17aa130ecf7fe3230354c6e099240090,4,0.9523280262947083
d9d9e08dbe77a3eaa26e8ed24bae1c0c,2,0.9828134775161743
cd55c9f3a4fc66755ecc4c0f6cb038af,14,0.8953781723976135
7639f5b4d14d70a215131c0e40c2a393,13,0.9611939787864685
60d5a2ea66314919e36788527f576568,28,0.5273246765136719
0f0226f8a5b41d515bcb9b679be19f8f,28,0.7585907578468323
1e2eb90ed67d9c36f042c93e588b1a9e,0,0.9802578091621399
e90e67a07a408cae7a8de8f889e87442,5,0.9704998731613159
dc17b14ef64b57a46f87373619b43ba3,3,0.9265931248664856
1bd194626e190d8e6111acdbe7ef48bf,2,0.9825469851493835
674528b945a99b75c73d4114f739ca0c,8,0.9616506099700928
692041238109ca27f2cbf19601c2c8c5,5,0.817865788936615
450cfacb942bf057f204ce89b4bac13f,8,0.9068987965583801
2c2b83f74e2bb2deff27e9bb9a2aa17f,5,0.9701429605484009
8418bc20c186d055cdab7c908b8d8c6a,15,0.9423158764839172
7e9d6ea0e7de9b51c0d684c60c8c5420,5,0.970403254032135
59835f3a480ecadfc3369e957860c12c,7,0.9717836976051331
15cd4facbf6f19f891d0f63b8a1aceef,7,0.9713597297668457
3f3027e1f28ad8d8d0a523a07c7d9788,2,0.9826571345329285
683833875f41344128222350acda753b,10,0.9700703620910645
bcbe62aa18800a54b600afbfba7a8e07,11,0.9609494209289551
7933d4f54ef25dcdb7d171cd11243734,1,0.9636606574058533
9612f3d459fa6a8c9bb4034ab0cc4ef8,13,0.9623553156852722
fc180ea3b1ae0d9afe1f7a8fafbb4aa7,2,0.9827874898910522
a539f2274793328ddea3482cd119270e,10,0.9713714122772217
52b0fa30fa1cdc8810cf13cc23e1ff1e,20,0.9605825543403625
15051eb64e239cd035ca4508b7760b38,1,0.9629665613174438
ced021d629e6edf9469ded37983425b5,24,0.654990017414093
aafb75ea11cd8171d3ec6a33fca71c0a,17,0.9387418031692505
daf01d18ad1fb110d3d1b149b99fc920,1,0.9649497270584106
aea22a00d4c897eadcd1b19ad054a45a,8,0.7673302888870239
02cc5486cefcf2afc38580197163e9dd,11,0.8732680082321167
9cc381c0530a330ba661afb64cd6565f,2,0.9825708270072937
649eff09b3dc39bd77ec9e6846d00299,11,0.9588839411735535
4e19ce0fecf2e8be1d1c1ff6aca2377c,5,0.9702098369598389
71cc070e4ef0f942c48d054c887c7a26,3,0.9318887591362
19e66d47a0dc2ba2b64e48daa1384e66,5,0.9705550074577332
d6ead1abed7bcf35fc20f513417f707b,15,0.9523549675941467
0ac12bf84f3af99ec01271a21c19bdbd,2,0.9826816916465759
93c8ae97846a95620c5b6335f9d9063c,17,0.9391806721687317
a0fba8d377cae436d7b660537e073c8b,7,0.9715262055397034
c9ed971ccc8f9efbb538f42facfd0e19,5,0.9596736431121826
8da33e2226e0e03b6b618012a73c4438,7,0.9711359143257141
24f512bacbb7c01b6f915664ed2af166,0,0.9804875254631042
e890f80deca18195444cd7e92c8d4640,3,0.8890082240104675
9ce24e694367873b7393da0ae16d37bb,7,0.9718939065933228
69f020fa26edaabf71fc7ec7ccf7ffde,26,0.9267776012420654
efa8355945a65ebbb57d7438d341e768,24,0.9535908699035645
fd006aedfb15bd05548b70b6472d85b8,6,0.9606417417526245
ce397392827d1748081722de98ffcfaf,20,0.9607846736907959
9e16f58677c1316de0751feda5505826,6,0.9593440294265747
5192f2ab775d158aff9958f1a6519ffc,10,0.9711639285087585
18748a8dd2f75bf203a56564d681af05,10,0.9713907241821289
3a1462e59386f0233fcc4d48c83145e4,0,0.9807743430137634
f2215dfcb6586e53f424f3c6177b16e7,11,0.9610075354576111
d97ff1228c5b18b84c9366fd2e244126,7,0.9718393087387085
a8633e41245916a2552bb33c4de867c4,30,0.9041737914085388
8116fbe52e8f84dac9a4a72c6ac2a36b,2,0.9825588464736938
55f2cdee8f3adacb8dcfcff5378e46a8,8,0.9613641500473022
461783f656cb86c19be119cd11c7f518,10,0.9713689088821411
9a4a6db51c111a681989032ee0f726b3,10,0.9703273177146912
4cf9b4d6521c9c102c2dcd120a3a44ec,17,0.8884716629981995
fb9b8c0406a643911bd67d6ec7cb3834,7,0.9716530442237854
6a0e443922857484fb34d4af85538f4a,1,0.9649389386177063
e7d6fd29b598288d4d6b311f4c865421,31,0.8766036033630371
a1ee0d37f3383187e4679236c822715e,10,0.9714634418487549
e6795158511129e29be5a4b0a0be417a,24,0.9531691074371338
a8cbedca85ef8c3eefe3a48d91067d2b,6,0.9603583216667175
4dc74246b89554b6e36d7c5264b706ab,0,0.9806485772132874
5711e3f7cb624d39dfbc534ee93cf700,8,0.9306716322898865
1799f7b088d57827099c2192609c9404,23,0.9526938199996948
11058f5920c274e332384e10827bce93,8,0.9616273641586304
15a2840fb74954030ff82ff668957555,2,0.98259037733078
9a3ea1acbad6570e8d40fbd9cd55cad1,0,0.9790847301483154
1e7da3a8364e7f8b4b2b2b475385c637,7,0.9534772634506226
e444e5024a90794fe76a52ca668ef947,3,0.9268773794174194
8e686c62cfd2055ab54bee1a757c29ab,0,0.8717253804206848
73374ae3c7b819c37dae8857c053f1db,10,0.9715067148208618
db8b9af65dfced2d788a9b5ea63d090a,8,0.9337432980537415
3f2bb5a7fa7e1582aaefffe4c09110e2,31,0.8773488402366638
08b2f8ad855565f9979a8301a1611087,8,0.9612941145896912
744c4f395bb473c9144e1c56e6cb8fa3,30,0.8246630430221558
b752574c8ed2c0a72d89514684d6dac1,13,0.9623380899429321
5841125b25cbbf8beba773519c773ac9,8,0.9614400863647461
83784c2ad8fd3dae53c66d6d392db4cb,4,0.947197675704956
aef093f1785fa9569480dc2c3f5db66a,4,0.8905739188194275
61c13889abd9ddfad9aef4b5d2fef271,6,0.925115704536438
5a35a0c09d0c1091a057c5821b7136f0,20,0.957243025302887
92994bc4071e05e3df2d61b30160e8dd,2,0.9825447201728821
b41b03573d99e953990f77e773e37655,15,0.9529234766960144
00c6fc1df55d1415fc672485ea34e585,19,0.9149295091629028
ee2798f5854d831218a8e4cd2bf2436b,2,0.9825968146324158
e282eccd614704d74818b72357d3fc73,4,0.8524340987205505
e7e5ec9fb5cec6c132f9b4745f793143,14,0.8928504586219788
52c3c5cb9258855c4e7d65b24f6aee8d,0,0.980726957321167
0bc15f8334df2a1ddbe66859082ddd71,13,0.9610939621925354
0d77ae65a511630eaf73029cfb4451e1,2,0.9815778136253357
31ce0b8cdd0bfd2f59c39f4fc21b4612,11,0.9570537805557251
d289349dd14d6cfceb7a1b9a5e3e8402,11,0.9607628583908081
7d1e90c360a352c9f7a20041c50c7fec,11,0.9610192179679871
972eddc4945cd063e3c64878c94c2ed9,8,0.9614989161491394
a5168d19a1e5493a6ba9e1ed0511ec65,30,0.8995419144630432
3e83ac94bdcfa4c67abc646dc5c263fe,11,0.5302478075027466
6d734a3f746b4c1c1b8fcdf511bc4f9a,4,0.9416570663452148
a6af1e0c3e91ce2fbe7b1d8a9fc4f48b,0,0.9805206656455994
ad4f84109c7951146a50dbab4aba3143,5,0.9705826640129089
50948ef3fc2aa9ae7babedee766a7e76,0,0.9804397225379944
37fe73a887e3e7816fac02b9f357a7ec,8,0.9616698026657104
5c902fb6c6f97f04a1f640ed18c5c479,0,0.9801817536354065
99ab3f93bb29e86d07f5c27a7e9035bc,5,0.970465898513794
5c47bd415a282196c789bc1f997b72be,2,0.9825692176818848
19d22ee6f22269abd4d3f8e8a64f11bb,10,0.9649854898452759
7f6d961cd9f81394132072761005e8d3,1,0.9645107984542847
6df53d5798d50e1edacc41e7b48caf3d,13,0.9625596404075623
546763398c9668e01927aece0559d5b4,24,0.9536240100860596
09f0ce5a71b4f3d247c41e886850a16a,8,0.9595796465873718
8dc9c266fbffffa80c09da08e8221d66,2,0.9820407629013062
eb7041d1a6541920a769fa1a4c08e249,10,0.9704946279525757
efff0f3290b3d2ac3876ec87ec171650,10,0.971169114112854
d47d0907c2cd081ad20b4825ba1dd8d3,5,0.9704877734184265
f906af1dae55fef391a5f0f0beca1124,2,0.9827819466590881
3fa4df3604512fa79e45addf68ed04b3,10,0.9714675545692444
b0d3bcd8ba61c659887c974b6710a03b,31,0.853691577911377
2560893b8ddf2fa1963fbb65094ccafd,5,0.9702504873275757
362ba61c52e0b1d447b9828704835200,23,0.9525805115699768
782c35daedb3861e33db9f9959930cb7,10,0.9713405966758728
c92abb49b8a5bf0a184938020772ddd5,6,0.9592455625534058
49d0f0447f5c28c73a116ed609d8c126,24,0.9505478143692017
3d6edf8d2df23dc05aeac51276779a3a,6,0.9469156265258789
b0fa1ebfff6ea26ecf2ef4054bdf968f,1,0.9653708338737488
fca36969f28bcdac01237108757b7bea,13,0.9617789387702942
d97ffef8a00a22e1bc1da55b2c1885d0,16,0.9470921158790588
7a78c5050a77521626ad858cb7b0a6eb,2,0.9827049374580383
a21e866c1853234d6ad37c5c50288c4f,13,0.9625415205955505
24ff5e379f0eb4a2fd260c2f0d23e0b8,15,0.9528934955596924
65172eec15810d097c4f8d803368eb48,2,0.9810691475868225
cdfd215a74057d1653e464b426573d3a,9,0.808697521686554
3d450cf697f997f48d2da74ad5e7f251,11,0.9591684341430664
994cd4b50035dbbae76ea578d95d7e7f,21,0.9293822646141052
183d37c8bd0108e04ea6a9727b442576,34,0.9266654253005981
62884d47ff1cff9601497a2bf628bca7,8,0.9615591168403625
787128438cb87cdf3fbf692cdbcae0e5,5,0.8211932182312012
a20a8914620eaad39c14d90593057d25,21,0.9311999678611755
c0d1b247d8e0760ccdbf991f7de79fd7,7,0.957719087600708
0488851d9dbc19fc64c8c9ca22b45fce,9,0.9405781030654907
3b48a6c9925bb98a5e07d9371424c10c,20,0.9587986469268799
f96d5283e22bb0d42d030fcd9d9e003d,28,0.891272246837616
1164ac672a4e9b661b7cdf0976a02edc,10,0.9619634747505188
68579d05833b7f56b3deab10981814b9,25,0.9106337428092957
491e1fcc8129de7e4e5217901e8635c0,10,0.7284716367721558
e9f3faefd1500b80ad61aaa5b50e496e,15,0.9529281258583069
ccaea11c4155b2b4bcdc223a429734c5,10,0.971351146697998
fb7aefb3bcb9247ad4a358738c81ff0f,13,0.9625378847122192
cbd76ef84b715a63a2eb86704d1eff7a,11,0.9595389366149902
62e9917b500e11ce93b0d3c06f733bef,25,0.9136946797370911
547a2283025e92bbdf718bbdebc27a53,11,0.9608579277992249
a7ac385690197a3188b843d16bb3a39a,5,0.9700784683227539
af0081406f673b38e99fb0a354012c9e,24,0.9536405205726624
79221876c37fd3ac6d0e402900e05a63,11,0.7100996971130371
e95f0b8ab7be4fa91111ca026ea30822,2,0.982631266117096
35811bc0f293d6a74fc370294bd986a5,34,0.9266695976257324
cc1457407ff8c05b01f1652a2689b2f6,1,0.9654542803764343
4059527b7a7abab3c9b29a3ccb73b925,20,0.9604007601737976
5b708075ea058fe3641ccc5d1062c503,2,0.9825670123100281
ca09e6bcc598bc048ed983a05e98a4b2,13,0.9626944065093994
4f82b51bd3f1b024fa031fb52fe6408c,2,0.9818593859672546
74a1bc69bf37691bedef78edfc88d835,4,0.9451494812965393
c8863f9e9a0146a28e622ff5f2c027b1,20,0.9591960906982422
14d38b7479ce7e5da18c81efa6fd2ef6,11,0.9588058590888977
f10d745f92262bdb009ccc45693a8729,20,0.9605579376220703
e8d58bb71db5494d49e41b638241f519,13,0.9612612724304199
47abff374a7b9fa3235bbdf4c5cf63c2,11,0.9607104063034058
bd2bf08c39197b964969ebb1231785f5,0,0.9806442260742188
e52e27bd08b819f69a075d4246e034f4,0,0.9686475396156311
48c4b33e1d6544da73731c3ce405be73,2,0.9821710586547852
4c761db338f347e403d913f394493a96,2,0.9643247723579407
9b4041cd08a1b73b332b116f686b8cb0,11,0.9606236815452576
6faf9fc647ec6827b943ca6b6c71ad51,1,0.963261067867279
2857c05f879326d0c31c5be2d69573ab,2,0.9825634360313416
fc2d842da7371ae587a9e9679053c40d,13,0.9619840979576111
a2e7198a52a5c49f4cdc790fd1e302ad,0,0.9804651737213135
66dcb7ba85dacadca8df9fd3df164265,11,0.960930585861206
66453a60a1a722a9a8a1f888802522a2,2,0.5211427211761475
b0c6eece3d96aad9db9000ac9e67390d,3,0.9331159591674805
685bc128acd3e821de1cd5dd50bf98b7,8,0.9615126848220825
317ce420ef2401543427df14ca393eef,0,0.9801836609840393
deeae9616b0b71dc66da54590fb40ad3,20,0.9606219530105591
ab342cc9af5b57fc628bfcab6999e3f9,27,0.8870776295661926
3494921b7281e07abe37bec8bb40a80a,31,0.1979578137397766
58156109af08b7878e6ece99b8c7a9ab,2,0.9826192855834961
e1da64bec9d86d943f9a96aa036613ba,10,0.9713765978813171
3958884e5bd3848346edd5efe08aee09,10,0.9698188304901123
d353f93635889dcc825a0ef63c839ace,2,0.9826498031616211
cf715bf201e0b079ff8371f47c93f4bb,10,0.9714180827140808
ccdd4894659d3c42f52d886c82d1ae94,23,0.9526206851005554
de87fa75a5c961962ee120d0f067fa23,2,0.9819738864898682
a0c42098f18e297c86da8ab5e006af0b,5,0.9707293510437012
dc4a5e265461256d2f532c7df978e1ae,5,0.9705843329429626
79e7aecb37f8251f42e413187905d49f,10,0.9713850021362305
a221da1eb9de7911590863637f4dbc6c,17,0.9367055892944336
e72a532693fd5a8704f3159434db0ee2,21,0.8365447521209717
beb7912b3384ff57a851b909b2669650,2,0.9823856949806213
3d28998b5e6d9ad544c3fe9568be0da7,14,0.41568395495414734
7df851b5e6132ea81af74aec191cd0b2,9,0.9406256675720215
817870fed78407b011c786df79dbec91,5,0.9703841209411621
ace918cce953af12f4fba0d67e525a7d,2,0.9751750826835632
9d710d9e30c94e9ac5c9dfc8c96b6376,10,0.9714288711547852
9a45df4a2a6ca1377fa2258e73382b74,20,0.9606870412826538
4ce60ec6e7420a3e6d0bfcd12ac45a69,11,0.9605876207351685
253ac41367fbd52d44df6db203d44187,13,0.9591509103775024
20ebff3ae659d774aeda8523587bd121,8,0.9601917862892151
69cc315284992a287ada28bac859f5a4,5,0.9701153635978699
ec4d6dc0b3b7871e2cad96fca4e44285,20,0.9605379104614258
8d1a37d52aab63be0d86e4e8daedc926,8,0.9612033367156982
5302714d60830c99112a86fba69f7e1d,20,0.9598253965377808
c9e405dbbad0bd841972cf79ee0aaa84,1,0.850192666053772
564b7c0bceefdeeaa789fd8cce824a65,2,0.9791938662528992
d0d258946316001a00aa7a307c0538ca,6,0.9596140384674072
e928d23c848a000ff677f0dab10b3065,34,0.920630156993866
abe855c6b30f0376216c4fecbe0fb11f,15,0.9521769881248474
9bf244bdf88a21017aa088eaf9ac43fa,8,0.8501065373420715
32d5d7f33a28c8307b7484544c521520,18,0.5423644185066223
af12ed6344ac9a76d78674c966a22d55,0,0.9786834716796875
2915792f9e32f5545b0a4daeede1e46b,1,0.7843751907348633
7902667fbea60c7bbcac8e6fc9d7e39e,2,0.9813916683197021
d23d6ab970c2d3b77367c02349d7d735,0,0.9778850674629211
c433008588d4bf6addf42c822ff1e1b0,4,0.9522432684898376
280ee1f273f042bc152ca6eda2fc0b99,10,0.9648954272270203
0534652f91bd99987d6bf749c536984a,10,0.9712949395179749
970572eccd4fe1b147e7ab78c0efb2b7,10,0.34458932280540466
c3e46538c946c9988fce6d7ce11398a3,2,0.9826608300209045
6a2af4c9c4232e6df9232a72ba850328,0,0.9807298183441162
1fe896edf35b489c7c3260d8401b8fa9,6,0.9597752094268799
b1f7e857df6ee7257f5e97cfcf6353b5,6,0.8270998597145081
f00878090d246cef4a30cc83f084629e,2,0.9827638864517212
ca3e4f7260fca1cd9d8cd93423dc4a26,2,0.9822200536727905
fc880ff8f6116c3080e6b2f02e9c74dc,0,0.9805518388748169
29c8cae864c4d60adc2754042b18126e,4,0.9243923425674438
4631f99980595328ffff4d95dbdd6761,15,0.9522047638893127
33a8afa695640db8f6f96d5a59cc1908,0,0.9806617498397827
93af554861f8c01905f39818f490dd0f,5,0.970481812953949
e46a2d2e4c626eae615da2a3b27a6516,2,0.9828014969825745
718bce4c73c0f83157e67660574e8abb,2,0.9822809100151062
2c9de03f22cbeab07b8b4ffe899a95ae,5,0.9703154563903809
056603e6910818151888f5e39ddddf85,2,0.9827526807785034
4e99be635f832a1599144279e2a3d872,0,0.9589980244636536
ec74683af2019c04bc311ee61522fb1c,13,0.9620609879493713
ad1f7c4097c9cea804a7a9a827efaf89,8,0.9314435124397278
6e0b2c26dbe83d8da7338da9724466a2,0,0.9805882573127747
77f39d116ebb78f07ff2c9eac78dacc6,21,0.931614875793457
0cfe22cbc9e76a49ed55811be99dbc9e,2,0.9824221730232239
cc444b2b87663aa970eb239f75320ea5,2,0.9827333688735962
2c55ce33f8439e9a489fe1a3f749e3f9,2,0.9748777747154236
4c4ac6a152caad87bbb696170909a9b5,21,0.7876191139221191
b20941f4ced20ea2cab9d1f15a1558e7,5,0.9701749682426453
8a1cd3bd0aa0357d7e11f693b090d5f9,5,0.9703332781791687
e7ba2a114210bb8f1dfd43c4c3e32ba0,7,0.971880316734314
fbf7dee83b8e387fd485f016a46e7b0d,7,0.9709347486495972
c17151294eafc9fd4e51a41cc6dfc0ca,0,0.9799293875694275
dae4aaa35e2aa02cfdc5500ad28ba3a0,11,0.9601131081581116
032a3d345a285e1c111e5c3ef1bc2598,10,0.9706321954727173
000fca7d83a3df5cb32e836780991759,13,0.9626150727272034
94dfd4a64bd47bd2f0696b91d253d218,20,0.9608256220817566
f242b47afabfb2ff753a3434996580aa,27,0.870536208152771
c0612158c59562e5ad04e33305a8877a,10,0.9713990688323975
a1c7bb5b8e7df4ad843462850b1b21e0,20,0.9603123664855957
4103d45d64301e71d46612e1206188ad,8,0.960465669631958
78719169600b2b2469321c4651e4448f,7,0.9718679189682007
d33f47291e2fc1939dad8f820649a23c,10,0.971419095993042
f595a702136271d00e2cde14bbd0d7a5,11,0.9610562324523926
8cdd063a649d49fea42a5cf95bdadec1,2,0.9823875427246094
d973fe785fe47bd4d2f6dee2d2d23889,6,0.9602944254875183
517065771f0f7425be955afcd5b9ae32,30,0.902973473072052
161cff54045f69c9a245d0170a28943f,10,0.9715409278869629
ead097a40d18ce6441af49d62ee726e0,17,0.937879204750061
9967c74f69472a601b72f806896c2483,2,0.9822063446044922
471064119b56619158634ef0eaf36481,3,0.9260470271110535
c61c6cc8fac7826002acda45aae0d9d8,25,0.516612708568573
85b44c1e640f96ba642f6ff25542646c,1,0.9655404686927795
ad6086e9023435903c50912aa770f9cf,6,0.9602324366569519
e339851009795717111d93e98528834c,20,0.9606776237487793
7e945daf57d25e1a749703533bba4c9d,20,0.9563158750534058
877bfc96c98f90458ded830cf9ae0a90,2,0.9811710119247437
026154f121fc8456ca417ffd2f01a0ab,8,0.9575914144515991
72263b45e9b59efb05f572979e59c96d,2,0.9755149483680725
48d8988ab8baaa3ced4aba20b89bed0a,0,0.9806366562843323
769c8562932bcfff408e87229046bf13,11,0.9609416127204895
61a40b77cd25a8c8bb57426139601014,4,0.9511986970901489
f7f5615ccf2742a043d62ae966adc5e5,6,0.9529902338981628
05cd2c39b7ba13a7fe60a4a731cd8d5e,25,0.9133039116859436
ff3b9c8825b0acd9b98aa18cf8c579fd,16,0.9472026824951172
9390d09129a09e1be475b5329064be33,2,0.9828180074691772
8a3e7717925c384726b1bdd82b9856e2,5,0.9700943827629089
3b5c9bdb040d1ce2faa581d4af822e56,4,0.952376663684845
ee77618f4f16f75eb443712a1e4bb9a8,5,0.9700791239738464
152d67e81c356bd51b037aa0ea130255,1,0.9643955826759338
0c86ca55e88593bb94b92095f9e1bba7,2,0.9820587038993835
ef7913c67841bd9210267699126624d9,1,0.9642775058746338
b90f6074d8e96a53c4c0e09033a7bdc4,11,0.9580942988395691
960c3d685a1eca00856dec05488dc324,2,0.9767481684684753
06b93bb78b5d912a7b979619961d0b60,6,0.9265888333320618
c1eeec6d64558acd3624d346bba09610,5,0.9702491164207458
a27229cc7c3b0ca2aa5a8007d250fa4a,29,0.8938954472541809
3c9aade8c84a2bf966e5dd4f5fc9157e,2,0.9827954173088074
2411a792c4fe86f78b817b1890292604,6,0.9604905843734741
b3f9277e92bcb841ec46d37759d8baeb,0,0.9807698726654053
81c3589e9af7ef2afbf49ea3363fc2a2,0,0.9783965945243835
c3a22f4ef812b41694b530a646a2636e,28,0.8821023106575012
c726c863e0418a757fd83ab3c7cc8ca4,13,0.9617632627487183
df62cf3e2e27ef40a7b46a023459712c,5,0.9706313014030457
bc150a6888c4442bcabdf763b8e0d553,2,0.7708043456077576
3f8990505edd2abd7af5279bf4e97d4c,0,0.9806345701217651
7284fab7b95cd12fd55530c5302bb106,4,0.9474202990531921
ce549ee20ba0088ce5bee5391be18533,2,0.9826356172561646
b4c5864d9c9edf8d36df9e4d454fc0de,10,0.9696188569068909
bb73b55a20c6186998a5d84f459a1f1f,10,0.9710701704025269
b485a59de275d3903902d797d1114775,13,0.9621588587760925
3bf862ff73461fd3e1134e96cc672b95,10,0.9677248597145081
2290b97b85fb9c9671a1feb5892ec417,0,0.9792415499687195
ef35c49e4c4172799dade5d0cfea81f4,11,0.5739647746086121
2ad9fa959223e7e436086451023d5c4e,10,0.9710986018180847
a868cb0db7363d83a0a99fb4848b4a2e,2,0.6300336122512817
18b55b5c1d4facd9b8ed1bc78aac799d,34,0.9249803423881531
79e59116ea8db519d90216ae7b34a6b5,2,0.7389745712280273
78507a05a608baa27a6615240c6f26f4,11,0.959779679775238
9c66f0c9b651a21db7a1c1c3925a5c93,7,0.9718738794326782
df810a3f069e54b2d5f1bb31d152a5dd,2,0.9827684760093689
d44d7a9618141fea40aefaadc9a898cb,2,0.9828099012374878
9e601f42f660671946bd2ac1e6da668d,8,0.9499779343605042
79416e89822d1117f6fd0c699730883f,11,0.9611843824386597
f1e23f3632977cab03d02dee382ab6f7,2,0.982399582862854
a174f7073dddbc1acec0218761dcd796,0,0.9804316163063049
8669a815d226840702a5b6f2a348f9c1,24,0.9534514546394348
70ac3b72e8c52625f2a000ffabfb4e48,1,0.9655781388282776
d0c957841f4cace7026dc751e0427db9,1,0.9653212428092957
3d9d64f9142c0e56bd2b42d277d1ea64,4,0.9306554198265076
ed2d7fcab10a84644773cbf8598544e9,0,0.8258802890777588
16c3189b3915c165718a337bebc9f140,4,0.9516943693161011
daf8da079071a6878fa297275b48b20d,3,0.5941814184188843
55f5c39305f73930a35a4f82c54725b4,2,0.98183274269104
947b80986a9d4348ceb956b2caedfec7,11,0.3505612015724182
39148b2cfd6dec5074dcdebf373d23e5,31,0.8764626979827881
c3ac1869b075a7bbd45d157839dcb3cd,3,0.9325637817382812
925512314f65eb45d6a19ea9c539287b,21,0.936000645160675
b8daa32565cab426084bf63f690c12ed,2,0.9152247905731201
aff8ea86a89600e0920dd21fb2ef0b4b,0,0.9806883335113525
08cff96da47697ade6263044f026e169,26,0.9245667457580566
70b61694caaeb1f155cc93b1cf2eadf3,1,0.9654661417007446
42bf10ec13b63f72f7289450bff97a1c,20,0.9582720398902893
ae8499c63927f0121a698fc34e906210,34,0.917431652545929
45689a3215b8475e3f8aa07b4e95c17a,0,0.980476975440979
f17cc3761bd1f1e2de5479992e0a2b53,20,0.9582067131996155
c78300a7cd5cfc29aec9a012daa41cc1,10,0.9708999991416931
438fd4b648df234459a2df037822ea6b,4,0.34678056836128235
559d2b179eff5081d439726adbb40fbf,2,0.976485013961792
75df2ef3f8a7696771ea7c7f106e812c,0,0.9792839288711548
5b6645faa8b2642b44729c4d8e8ee90c,15,0.9532938003540039
74438e79b3e03a6f53661e2b196e362c,20,0.8984231352806091
4b3d684e3d9e77c1fbcf17c656370e36,11,0.9615105986595154
c1ffe1e9ddba2f7cd3f584527c0b24a1,6,0.9605894684791565
a42c6dec78f707b2cbcdbfa5ce3f37d6,10,0.9709028005599976
e080d2428a9d9cc97504b54bd20fc8b1,2,0.9825114607810974
f18a2fc8b903c909688255aecb73df78,20,0.9606513977050781
09e60faa36b1227d04c3713f47bcaf4f,17,0.936600923538208
f2e969a2d7cd419082ffc29d0294b67b,2,0.9825634360313416
eb7a6ae988ae2c7ffccccdfb01999ede,23,0.9522356986999512
5a683782321c2fda7347ef40528b99d0,13,0.9536544680595398
7c19af91448c65626e8d78e34d7ce20e,20,0.960486650466919
b6bb2ed1169c5d0efb6a624861c99e4d,5,0.9703686237335205
c66614e509a748d862562f7253078590,1,0.9653187990188599
78328c11322f798a509ce5dc2e16c1fa,5,0.9702407121658325
fea7cc5dfb430ed22a3cf2f876b7979b,18,0.9333470463752747
74c0faf13b33092473e316f24dfd93af,6,0.9602136611938477
e23c002fa8694e72c5391c5b0ca7d044,7,0.9717934727668762
f9f9f6dc2f56ff7a9127f24e786abe60,20,0.9606055617332458
7380871844bd30fd9e3e99dc5b9c8456,2,0.9804132580757141
6c711d99d5fd451cfd0af83b73d4c526,1,0.9645907878875732
12c2bcd39cf08dcee6f7fca009b3640c,10,0.9713040590286255
d5b8187f2a225c3603f031ffbba62df8,1,0.9656063914299011
83001671fb538b04ffd06c3dd5ae6895,11,0.9607758522033691
0fccbf28a662ef7f88d840ce1cedb934,28,0.8159272074699402
69fde5cbf0e0bd8a5fe4430b61af90df,10,0.9715207815170288
5cef9040b5ee0247efe52d2c6ceda3e6,4,0.9367567300796509
a3ea48efec9755ed0517db40150a5580,5,0.9697607755661011
043307f16f876e0e03d92f3aebbc80ac,20,0.9597144722938538
16dc54c0985c7cf7b796191bddd9c184,27,0.8779283761978149
1ba1fd2ed18c8098236d325f3c17bfba,27,0.887836217880249
4c55c099edf51183b5f89fcdccd8c55e,17,0.5991422533988953
b4bd05979d8d21f627f16a13ccdc46dd,15,0.9513317346572876
60da1891fd4b8792ec51a70517eebbac,0,0.98069828748703
2a2d5938ac7359912eda78f94888e6e6,5,0.9702944755554199
8129406eade030e9777f6a584843ea3e,10,0.9711616635322571
ac3d80e84dfd29a89bdcb9606dae5648,13,0.9624407887458801
bb3c4bd33776806c3f81fc297c7842d4,7,0.9699600338935852
dafe8df3996cdcabad0b264487d98254,6,0.9606915712356567
653c5aa840676fc42275977e374c7530,2,0.9821873903274536
7c08c8845ff668e55567bc5b50ce8d16,20,0.9605863094329834
324702cb54ef303b502c8cb74ac678a3,2,0.9085308313369751
3c5e423877280f065eca85b6bda802c5,0,0.9803086519241333
5fba2ffbfb3eeae4e1285fe0d5d507ac,1,0.9655491709709167
47c128bcbf7979628e3705c9bed86270,20,0.9606356024742126
566c4c5622dcfb1fdc1b6bf2ff370c3c,2,0.9826599955558777
50496438493420d4f7cc3aca69cdf14c,5,0.970328152179718
7eebc82f52ccb3fcea546dc7fae49074,0,0.9800093770027161
ac1273e73517c5322005cf50a9929042,5,0.9706751704216003
606f54f5d22c982126bde1d31080edfd,2,0.9809503555297852
bd7995ea107cb92d968e27e02a735964,11,0.9559248089790344
7d5f104e18baf762a615795162c4eb91,10,0.9712901711463928
feb71dd03837574f13024230a5c8004a,10,0.9714741110801697
38e465aa21e2491953061fa3cb507269,0,0.9805814027786255
95225088947ab56bc68a420eb304fdb1,0,0.9767743945121765
dfec59214e1ac03bfd4d3bc26f92fb7e,20,0.9607638716697693
b4adf5ab59e6cd3a215825537e409142,11,0.9608097672462463
9482b8c6c30fe30903a3bb449fdd0578,8,0.9586326479911804
93a432bc0f138f2abf094e092e77e4f9,9,0.6558696031570435
2105473d37c555066f9df2f9c3d79249,10,0.9713237285614014
49839120280a6ad5e631b1a154969d9e,15,0.9532618522644043
99ea596f365e4a41c0c7310094fd2bd7,7,0.9716777801513672
f43a363ee80b0131486033f381b8d135,3,0.9233006834983826
21b11cb90c4043aade7b6bbd9ad821e2,6,0.9585970640182495
27b143331b08611474992bc23544f16a,20,0.5328463912010193
58b3be143995490475712adeb0252458,15,0.9205827713012695
39908ba5e9212c6e2af008d1e017d79a,23,0.9466568827629089
8bd2e4314fe4707fb648ecff4d034d0e,11,0.9603266716003418
901d986636170bd7f35d6172d12faf1a,8,0.9615753293037415
53450e8ee099291bb954596ea8c69673,10,0.9701383709907532
7a1b0657581a67fb6fc038bdec95b2cb,9,0.9399622082710266
4f6e82814eba0e8f0d3e700409cd9422,21,0.9330466389656067
04779b045b5d74545fe67ee358c04941,8,0.9611597061157227
11647abcd35d0bb9f73d9215e55b8167,7,0.9715613126754761
bfd4177abcf3bbb4261106f758fb0fcd,15,0.9522698521614075
fef3ed3b2f600a9211356beaced0c8c7,5,0.9702057242393494
b7df6e497af28c881e5f856e4a7f827f,15,0.9536095857620239
a4f699684dff22fcaa032e834d68f4b9,2,0.9374274611473083
b697c3393ed92aed7bf7df80149e0281,1,0.9642167091369629
6e2924152810d177785fb30e70ac1338,10,0.9714654684066772
d5a21e43ac63ffb33162b8d0c6295ac4,7,0.9713423848152161
e20b49e21a16538bff9729eacdea6e10,26,0.9221635460853577
b2311fd3ec68fdd69ebf0b00c656c840,2,0.9636548757553101
af5ee746b1f825741df0d67580c7fe61,24,0.9529484510421753
c31c615da5813040074e1253c7cc4dbc,23,0.9521514177322388
c356a85f2a7785bd06cc41101ee38fed,2,0.9806052446365356
ea179c468d6e12830645b1b52526bd71,5,0.9705699682235718
e62239e89abbacf26062444b7c6fafa1,21,0.9280987977981567
41d4dba890d0078ef0ecd8098b5b7be6,10,0.9713185429573059
bb2b230e34300493cfe66c8b58264fe7,2,0.9823040962219238
df051a6ed6ab7cfb0ccfff5ae6de87a9,11,0.960576057434082
23b82dd74bdc44850be5c2ed23232155,11,0.3676440119743347
5c624a4237707f0b4960f1daf4247f05,0,0.9807305335998535
23d03e3b954ac415f8bcf98b163b4570,16,0.9468791484832764
7bf89a28dd675491e60458275ea1c109,11,0.9610938429832458
388ae3909e87e1d5895bd731e2a61f03,28,0.883517861366272
a5f0880779492711c4051a086c0c0646,2,0.9827951788902283
168824babcf57b10b8864ea4edefe974,10,0.9713720679283142
63b300449212c512b332f915e7ac64e2,20,0.9603519439697266
13369afa8feb5f5e84648f7f25721f84,11,0.9612160921096802
e0b57bab9393a0cfb8a7289035cf4ede,7,0.9717612862586975
45453b715753fcafa4ebc21fe15364cf,10,0.3082260191440582
4a1d8e1ab3cefab78942474c59f8a57f,2,0.36995643377304077
3a3a7e65cf77a82cd887d37a37321713,13,0.9624705910682678
7409aab8f395767bf0328ef59ef9a743,2,0.9827127456665039
bd6b22f267254dad14975b8c6a706802,7,0.9716317653656006
272b0ec38ba9be132fbdbb948b1b136d,4,0.9521859884262085
4b0ea0e09353fdb386fef0ddf7563674,19,0.914035439491272
c3b537cd7e468028f255cbed96854ac4,10,0.9709530472755432
c2f0cb372a70124ea1f4b2b114b1d6e6,7,0.9717050194740295
2fe62d6e7a77a7f2221753ecda65449c,0,0.9723438620567322
1c579b2aeaf07f87030163c966964c46,34,0.9269804954528809
f74d6cc57fe892ee39f675953ca5cc79,4,0.9471046328544617
7aa3b8669bd9f5fa064d32a3b3b4c295,2,0.9824339747428894
99201e9425cd5fcde2bf4dc2ca130f16,0,0.9802500009536743
6fd62eb10e81a30e726516b072b0a5eb,20,0.9602202773094177
15a80f3f44b81b43fd91ad542df3c549,11,0.9606063961982727
e672fbf910ffb72c3f8da861d699271f,7,0.9718287587165833
226514484a6c99038a2a39174c6b1b15,15,0.9529464840888977
f87f33c127b084e7c3f50cfed90b1753,19,0.9151123762130737
3fe12fe39a1e60b1cfcab4f70a5a8005,18,0.9324687123298645
5465ef145511ab859a12a8a172a6beec,11,0.9607840180397034
53f82eff35b5483b0bc036c4e83d0a44,10,0.970779538154602
0fa27c99e2b9fda4e63c6f182bc5bf60,8,0.9612533450126648
7f5f6d70e86d331b8cc6bba2e9da61bf,6,0.9603416323661804
0e940a27acce4d4e8eea3c1fb4efe9b9,23,0.9521068930625916
fdfb31e27316bddca00449cfe3c16aa5,27,0.33689457178115845
eb5d411655b2c4d38a10557c0d305dc3,25,0.914706826210022
8a8150a74d84a14edb439f52370314a7,2,0.9826582074165344
a4bb56d06507e5a6598d5120ccd463de,7,0.9717987775802612
fdfdaa199ebcda8e8706bb9ff224ae87,28,0.8740347623825073
587fec616d6571d7f9e935ae1d6ffce3,27,0.8886728882789612
9b8fa606e4e679d9c99c18ab764a59c1,0,0.9806217551231384
8d0dbb38ba83813fc154939e5c2e57aa,23,0.9525681138038635
1afc1ce4e6eaa1538ded1d830b7991c6,0,0.9452269077301025
0b8d51b3bf10c1bfe12db45ed420c1cc,0,0.9727914333343506
8583f127b53e092a9571b5cf0fc9b447,0,0.9805348515510559
14f2c0c0578beead26bccb92a65b49d4,10,0.9712671637535095
b1166cef9e2ad188c4739f0e4cec5142,12,0.4181196093559265
6768426a7950565afb68591bbf6b7aac,21,0.9297590851783752
84d0d327bad2d06a09f84d7fe3b115cc,28,0.8905053734779358
cb12a0873239c2ca129152d933416927,27,0.8847837448120117
234e2efa555d25c42b3611856653335f,11,0.9608682990074158
dd2feaaadbf13f8f2cd25ea58648eaa6,18,0.7353585958480835
9002ea695fa65e015763607db9e2da30,11,0.961004912853241
4ee6baf7299d739f7083612c5ddabdc2,11,0.9611747860908508
cac8def5cfe365590fecd4e40729b474,2,0.9811159372329712
8ba6191a68431b7a15dfc86bbfa71b12,10,0.9711822271347046
109ddc08b8428c518ab45cf7da49b19f,21,0.9359753727912903
709b3290dd5e58f9da82a1d6ccb58c01,2,0.982488214969635
c310bd07497520ce3097ffa8721a006f,5,0.9702767133712769
e4ccd0d4fea9e712cd63f1786b00a63f,0,0.9804777503013611
0cb7afe1a14d547fdcb8518c084e1617,24,0.9534759521484375
a19e842f11069a29e715b3add5640c2f,0,0.9805790781974792
10cfeef4336084469e004c91feae953f,0,0.9806452393531799
9123a100bddab2566e33ef52b1807d5a,10,0.9713907241821289
9feb47387ccae90c5725b4f272c8f9e8,11,0.960293710231781
e7f6a2f1eec7009e88b327aceb8ec044,0,0.9804681539535522
1b4bfa888dcb67e7385db8b74e788c80,2,0.9821498990058899
d9b22efa2e1fbc4da8d1f1d0d1373fca,30,0.9025804400444031
aeaa3261f8ac7bd50f353cc65165f461,0,0.9803732633590698
54f5c53de07374db5e2362c8268f17d3,2,0.9656450748443604
c003f4a67cf93a40cee9b4d306d516f1,1,0.9652607440948486
30e116ce00bbf42ce085f05b28e65b32,20,0.9603891372680664
d02bd8490dac21cf2f937749fcf60696,34,0.9148328900337219
4e7c8386a5c926fa4741c32fe579d3fc,0,0.9803653359413147
6b7166b6c5a26b9df0c91fff234144ae,2,0.9823761582374573
10dd8c7c8c3b36ed59e737fb2301d742,10,0.9712628722190857
42feb1bbfbc5cf03ca693320e606048e,29,0.8935996890068054
511adc7905b830be9bcddb8ef448c576,10,0.9714857935905457
7c6e9d83a194e22934a5c674a2a77231,21,0.9225029349327087
64d762f23b89a64f82f62bbd9c0f6450,16,0.9464260935783386
810d62a8880c0c85ae0b9052fc33842f,10,0.9706977605819702
6fa228ef8a3deadd402f62df075a42e4,13,0.7059581279754639
731fa398b7aa62de72b29b75ebfba480,20,0.9574213624000549
9b2bd67774363091399847c926af9234,4,0.9034978747367859
602955739300b4eefafb5b281efaa1bc,11,0.9608801007270813
7a71f141511988c3d1a6a459d72b63e5,28,0.348644882440567
d7ee880d028ce1a4d96b4db6873fdeef,1,0.9654623866081238
af21d70be89aa7670b4db0f769c1835a,11,0.9612979292869568
86773b927f55500abd66f1d50a48fd2f,14,0.8933310508728027
97f809df73bb4815f8ad1e4bc38c9964,13,0.962176501750946
9f88f29ecdeea91b3cbc46e4d380d74e,11,0.9612181186676025
18dfdbc4863fedfb19db0dead422f50a,0,0.9704148173332214
ff0b335626a74bda4c63af0e0068c288,2,0.9827356338500977
310d555037cc8e24cd4169a5469881cc,0,0.9791441559791565
cb7911a8670b0e7b2bc36e241c4c6890,0,0.9799982905387878
8162af2dfc598864966beaf996b1124f,10,0.9714691638946533
e65def6fdd93332e1e2f4f19ca076dd2,11,0.95947265625
83b561c2b9ecf135a593324e4d69b6ef,13,0.9622267484664917
c52590d11fb2bfd3baa43e6c2e933a0a,11,0.9607724547386169
3651e9869b56bf60833a7e7bdadddac9,17,0.9295848608016968
f1dfb766c5f9106595d8cd7940b4acaf,8,0.9610989093780518
4f0b19b4448a6082817e0e8fbfcdc286,10,0.9712192416191101
4d01c025d8372d1f1330f67582546917,10,0.9712533950805664
2ddc4ff31c1228f9a5ff98695202a847,0,0.98037189245224
1658b61153daae55030d899dc19245a8,11,0.9432135224342346
01469beb9769fb20135dfbde0ab29d5b,21,0.7824575304985046
fee0419f34ec6e1c83cd340d6a364dd1,6,0.9605593681335449
24721bd36c3db6604dd6e270548ea60e,7,0.97157883644104
ca5b20e737a3bb2d8b7ce4c096b348df,6,0.9581553339958191
c24c9f965e81366cb206913f8b2073e0,0,0.9806869626045227
6f4cf573583edd1dea0e9b4c916747eb,8,0.9614771008491516
0ba645a00494ab69cd8d825a449d31ca,20,0.9606125950813293
28fbd2cc267f97ae228a27bbaa6c174a,16,0.9434493184089661
048ec4d85962ad5d1749883dce524f4e,17,0.9394258856773376
09966cf81b2cc3757722ee8faba45058,21,0.9337421655654907
b15107675e818ab9526ff356aa461c4d,2,0.982337474822998
e5720126aa9e2ad1968791175c7a6b7a,2,0.9821703433990479
e2355d1efb2695e06e4fc03e3949e92c,0,0.9733962416648865
85e7ff0f30a089d24551d64e46afab2d,1,0.9643039107322693
a419983226b9dfef789ce46de8b984e7,31,0.8760046362876892
2c0572d57d95fbed2198524c1e1c3dda,10,0.9714949131011963
70e9ef5dae8fc9483fea9e9b54e797a9,25,0.914422333240509
01f2fa501342d26ac0aae381a1adf097,33,0.8510645627975464
6d33278d3200402612472d42ca8dffe2,10,0.9713103175163269
7d0da27fc472d7a4c20b6f2c8bec1178,2,0.982654869556427
864e9fcf5c78331f89d76697be912cf3,5,0.9703649282455444
b6c65c6b5a57bb44adf8136a1f533f89,10,0.9705365896224976
568043ee96980a9cceff6f5a765c0585,4,0.4811883270740509
57d81515c5caca4dff7884ee0e343842,13,0.9625188708305359
3c3a6dd8a8fc068db4d52731f085ef3e,1,0.9517867565155029
82a8bb63f544f8b3a38e12d8c28dc90f,10,0.970905065536499
60b3b185bce472178a9a9dcd93937588,10,0.9708057045936584
f701f02a602c3ace93f4539d5ab37bca,2,0.9825425148010254
c4a4c1b675e155497b766a4956b9ab7d,0,0.9800102114677429
118d17b2030404b6151ae791cde522bb,4,0.9526057243347168
a7697901999132a307aad19d861caa76,29,0.8930698037147522
c18f5fcf964a6132da6ed369281a8aab,7,0.9711284041404724
4e91d0d08b4fa154bee02fb75995eb3e,3,0.9153108596801758
b2fdc3dc4b028286644cf4527aac4af7,0,0.9803101420402527
fe3a714a362dc98fb75d5fb4aeaded3c,10,0.971592366695404
e27700ae152cdcae3f0eb54b87ee41e4,5,0.9699805378913879
df87b6d437fc66741d64c123e5df867e,7,0.9719060659408569
6ee7bb468f5de4cace4de1100de07565,2,0.9826835989952087
836927cd22679861b8977cfcee88bded,33,0.8567802906036377
c14509e4d831a80bdd496661735302f3,2,0.9825029373168945
89c419fef43e0116b8e1b3816e2eedae,8,0.9613138437271118
42ee751a479e102c9d1302034055b9ce,11,0.9038596153259277
ce3dda2fc4405b2defa11247277c1b97,1,0.965137779712677
f2069e2641db6e1a331deb3d38071faf,13,0.9623323678970337
d681c2f07781c61d3d3d9acb4aaf2eb4,1,0.9652908444404602
57b58b99492182a828c44a3834909d5b,11,0.9604701399803162
0634d92708cbec147d56d1f40d799803,0,0.9805586934089661
8bba21545fc29c945e5fba49d6b04be1,16,0.746745228767395
da070e96efc9a2a953f1f7eaade4c3a7,3,0.9066843390464783
e78c2383e06b3971afae448d2c0fd7cc,2,0.9760944247245789
7a6844786a77ddc48f9fe055d599f279,2,0.9820520281791687
08a59071f3310a5da26cfcd44c57d856,7,0.9717686176300049
c674dbca7b149e13c249700012e2c2cf,25,0.9149823784828186
e40af89de681dd27794b10e488f5dcec,7,0.9707216024398804
980f47266816bcb24865d5c896e5b9db,24,0.9501364231109619
93211456b77a8a0ed3f259b268c09a49,10,0.970242977142334
480aaa9e647a8b2933432f38d646c37f,19,0.9161377549171448
09858f85e4e9716b7afcff37b84103c1,18,0.9329588413238525
44b6566875d23fe164b1687bc0f19210,20,0.9606086015701294
1c0950b2bf82400ec6d56231daf1f127,7,0.9717602729797363
50c2d837a83a89beb554c041d7060098,8,0.9615603089332581
5dca44fde818761bc84aced8b10d5d1c,7,0.9716675281524658
60b5340ef01ccf05d11787be9e0a0c56,13,0.961886465549469
ca1d7ffd7aeba56a3e532847d6a203da,2,0.981726348400116
df701ad76afe59095eed5c6934b54cde,2,0.9827061891555786
f9a53840774c6ab5134eb9ec007e9aaa,0,0.979403555393219
9a9ac15c2f23acd8e0638f756f75d81b,11,0.9575425386428833
c00f3dc70d764c74d62bbf86cd5b6020,2,0.9806371927261353
0e1322628e39760944ad348e0cb2783a,5,0.9688757061958313
e12ae94985e5fb6d647fecacc899bcf5,4,0.951561689376831
2fc96a243327c9a74a90c1c05a40c21d,30,0.7634069323539734
9f3e30c1aab96ed5cf8ae16c6d255a4f,2,0.9767791628837585
534661935e5783aa6447006ecca8675e,22,0.8997800350189209
ee121d1a951c75edd0c42ea641aa4a1a,0,0.9800469279289246
e4e52c6959878e7c896733bdb214d7fe,3,0.9331068396568298
4c2eed0c720a15d6731f9b39678e631b,7,0.9705969095230103
aee32ad933d8c866dd1dba947973b355,2,0.9516143202781677
d93ca69ff3fa12f751fceb27b3f5a6a9,4,0.9527655243873596
1fffa055646ee8021c9bb30203ccc4d1,2,0.9818577766418457
6c716858dc539dadbbad0fe70489aab1,1,0.9649314880371094
7d87fc5bc15cac61d3af598095bed5a3,33,0.8143512606620789
515a2d3f05b40d5a423d57ac8f75b9c8,0,0.9801645278930664
52fc0d91c1ed3c7898eaffb9ab8ea628,13,0.9225143790245056
6089d46572e2b4d872adbc89a1c0e436,24,0.953057587146759
d11f3dbedeb25e370fad49eeb53e87bc,5,0.4718700349330902
78910ea0b16fc823473f0858bf135ad4,2,0.9827277064323425
3d3e70f173cf11d21f12e9d1b0031590,16,0.9466362595558167
d9b6def6f24f5d3d7fbce42f66a4813a,28,0.8612001538276672
65eeda1d5cfb8dbb7909a92690fe04b2,27,0.8899675607681274
fec2999c6d8d584cf940ed7585307524,11,0.9607377052307129
06ce5141b78fbbff7de544093a508e7e,19,0.9113895297050476
7f3853c79661d788e4498b28a1910e73,9,0.9020456671714783
1be4adf90ccb813de1492a58d1a59ad1,10,0.9711934924125671
926226cc9e2c07b0785f7681e9cb5338,13,0.9616428017616272
04dd04130086f5a93682569bb85f7e6f,13,0.9623222351074219
ba271fcfcdf48d668fc3f4d65ca7eda6,11,0.960593581199646
527a7a2869f0e0677a3b7d14c59f5637,2,0.9826024770736694
0d5c00203041f8a1a78085e6b9dca5ab,0,0.9804979562759399
185622f46169c8026ad9dd096abddbb2,10,0.970289945602417
594b15b7dc198b6dc84fb1b332758134,23,0.935315728187561
bae961e1452b5a04451d69f590736a67,13,0.9617520570755005
f3c9c3ba52fffafef57fdac266b00e98,11,0.9608744382858276
e6de0226e8b1efd7fdda241d38dbd8ef,9,0.8147027492523193
2e14a076f11ff20a554fa76c6b8b9ed7,20,0.9604638814926147
4e9cf0336695a5f2c10ae9dff5eb4ad2,7,0.9710958003997803
298528fc679aa30d21be1536a581d335,20,0.9606693387031555
87dd67958a23967b94d2edfb999bc0ad,7,0.8234310746192932
ad7a000c16680540a1e58579c739e723,20,0.9569189548492432
2e88aadd015dfe7fd7e494641b3a6288,2,0.9826280474662781
a81e3a0c80ffb169d1620381bf185778,0,0.966775119304657
78bc0d00294d496b49eb0391026f48da,16,0.946946382522583
94a4dc4a9708ff307e7c8d6cfe7dda9d,31,0.8625752329826355
ff45e6e7f53e2fbe873fb415b71fb24b,0,0.9803510308265686
4a5b6a47d69d9416f9ab1f0120bb9d4e,7,0.9716581106185913
95006d7d1805139dc433555d09a310d2,2,0.9811089634895325
b4ebb539f3a3a61b54d0a1e6b7624161,2,0.9816399216651917
e91d25c8c8b7ecab7f92691c8eb264a4,0,0.7601542472839355
521999a1856beebc55b4307bf354283d,11,0.9609893560409546
5128444d42da04de92f8ff83a26cc26b,10,0.9713358879089355
b0ef370aa6b56ec90bcfb5b62b5922d4,10,0.9714974164962769
e6d032227ce94ae6537d22cf0dfe3b9c,11,0.9609587788581848
2cb479461e21340fdeed89f008d7d2d5,0,0.9800673127174377
349453478b455a4dbe4f59de49e84eda,13,0.9615592360496521
0f33f27b7bd6d41dac9962dee4af1317,15,0.9418913722038269
25b29941bd0232d0e63dfa9563927e2b,9,0.9403268694877625
ec0599dbf4c2b85370ee56af125a3778,7,0.9161636829376221
b19612d2be48d6cfdf49da99a8850e85,2,0.9822921752929688
8190972d7995c8c3af39b35fea98eb41,13,0.962658166885376
fbb5be8325d2f9421eb319e327fccb0a,34,0.9250149130821228
6b6dc2f148597360279a5d043b7b9f64,20,0.96071457862854
0f6a11767dd17e32b1b4fdf2766255dc,11,0.9599013924598694
c603e6b32b9ee5e3c8a7e5aa4be81919,10,0.9671374559402466
fce7089e8d61a3f74cba6f89cc80ea04,11,0.9608708620071411
a60540a38c03e8ea09354417f4c55c20,2,0.9808862805366516
1369920ba918ff7d7b90e3db6301c67f,28,0.43283718824386597
b09adaab2371f6493944d1c1d0a30b9a,2,0.5294463038444519
09068ed1d122c455543b093daf8ac505,11,0.47088101506233215
ff92c0272625e3dbfa4b068cb34fec87,31,0.8769659996032715
80d2a5cec85aa01baadb074c86aa33ba,13,0.9618080258369446
3995ca4aa2a512924c10daad5419fc2f,29,0.8929511308670044
f1fc754d37572738737ec34061b78a2b,2,0.982763409614563
40a61503089670847a2aa21024eda40f,2,0.9826219081878662
78f1b34f555ec4c07bdf50429c14048c,10,0.9711045622825623
755a8f2dac6a3f58592f0ec70e60d708,2,0.9320805072784424
fa946bbfb52e49ecbf43c3c1a22084e6,1,0.9633758664131165
837dadbbc96122f9bbca3d8ba1dd26bd,26,0.9270872473716736
ca1f64179c6c55709bb16704bed17839,19,0.9146761298179626
61782ce260de926df556a823d7393589,10,0.9713700413703918
3c3ca50e51195a1ad0b3f6b543ea172c,26,0.9241963028907776
1d1d3d3b385fceac14b32a0916ae6cd8,13,0.962752640247345
b135167d704de5ecf30974dab3830d22,23,0.9519678354263306
a39edb73e6279bc7a28adb8fc7297152,20,0.9607000350952148
aaed6cf5f65ee1277c1a8024e5c686bc,10,0.9712816476821899
c743d0c6ff98168eb4eaa3137be3f3f9,2,0.9820183515548706
bb2ea68d9d2afb3947efb9806eaeb789,13,0.2573937773704529
e934b33c2ce126bd7f922a2455f7458d,18,0.9337203502655029
6e81baacdd25d139b37338f05fd992fe,21,0.7749857306480408
dc6dc2beaffe3d85268c7ee3bfab7110,11,0.9599930047988892
725bf2a6108c4ac11b31d7a7b04e810f,2,0.9824485182762146
78659f73d0787e45019ea03c77ba7a2e,26,0.9224922060966492
70f15c6c1aaa4c4466bf8a64068abdf1,20,0.960528552532196
6a15de35e31cfbe94442fd1d4cfab256,10,0.9715357422828674
fe77b51afac8c8193288c1fe11f85d28,2,0.980499804019928
7bf06a5204fcc9b03015f6be569e0afd,10,0.9711549282073975
a03407c0667838c636991f2d88b29eaa,13,0.9626796841621399
1b4c2d9a5eae9eeb802d03cffaeecaf3,5,0.9703060388565063
f155dba4cef07906d2bbb197c0ac91ec,7,0.9714619517326355
5c273d52055df39e8fbc39bdb864eddc,11,0.9611143469810486
ab5f0ae9145438a783e2b51f70c96240,30,0.9038892984390259
21a437a4acac39ed7542ab6ca7cf127a,2,0.9826036095619202
6a16d5c6601b410fe781ad78e5b346b3,6,0.9605449438095093
3d3941f64222b4b2b89daaba708a5eca,2,0.9824309945106506
812efba94000124ecc4ac872c312a137,27,0.8873838186264038
906e58d6d3cc02738a044c397b345d16,24,0.9427707195281982
c1117de11177654a7ca51e3c3b28e801,23,0.9527367353439331
9cbcac284d148b5c1f5bcd44d0927bed,18,0.9333412647247314
c7f6fe0bda91f0b0e092a0593d901772,10,0.971518874168396
979e6a83fea229dbb6c44b2dbc4ed750,0,0.9801477193832397
92e1b52a53f700227741b7791a692a0a,10,0.9714590311050415
de0e65cd179d8c09bae5853ec319e332,2,0.9814018607139587
e2596f28a1891b7206397a303f6f3bde,10,0.9705582857131958
1d40f4cb1bea1bc214bd78ebbd91616e,15,0.944011926651001
df3771a0768b6f3af56b7a858c93956b,10,0.9713881611824036
ef2e50e30f6eb7e2d531981d51bb2547,9,0.9399751424789429
37c0365fbcb85d8011ad97ab23902956,2,0.902293860912323
dbe3f5a44f24bc7ab3e66cd55851a01b,0,0.9805967211723328
152bc9b0af0e5b2f949d3ae22e997387,2,0.9824589490890503
fb64620b7f3d804bcd3152b36ddd0393,10,0.9714425206184387
8fb377c78e7bfc5265338d817cda40e9,16,0.9461179375648499
35e40f6e493bd554bb230900ab8bec14,2,0.9827760457992554
66d8b386b063e82fa0f66dde2d80bf6b,2,0.981312096118927
7366d7fe2520bf8a0d40095bee33992f,5,0.970356285572052
ba7e813ec0ecc98a3bcd8cfa7da5a3a3,4,0.7557639479637146
66f9c155129df6a7d139cfd9641e8695,20,0.9607996344566345
3964bb0ae23850c11970148d208a2c80,20,0.9604412317276001
a39c861cf0e4e97bed99143395c136ed,27,0.8897421360015869
9ca80096696d449535236e603b937385,0,0.9793184995651245
5d1072727883aacf603e829c08ab9707,10,0.9715073108673096
52e730ea5be8303a2c6751a596670038,1,0.9638453125953674
52a178b7ff4e91d0b9bb74c47de48969,6,0.9589027762413025
a7f0a7c736e96e53e90ebeba18bcb8ea,4,0.6952503323554993
0a40c78298f267d2d0106c80cc8835c1,3,0.9228759407997131
f9dfe0e16f4183a16a935532e65d00ff,2,0.9827787280082703
51dc76ed0a69eb7d3dc04253f08da852,6,0.9603958129882812
13cdb2b3414c1d3aa442b07a826d2f73,21,0.9348094463348389
c367840c9f4c27a33236eea61d11dc82,1,0.9291472434997559
06a7d7930b004e16acbad043c151bdf6,2,0.9815477132797241
87e1736b1c43bb7d847ebddf53a3e649,5,0.970425009727478
80d88434c188c172f6012b118971519e,13,0.9617985486984253
3269b98e7821e1621a6b7eda8661fa69,13,0.9625192880630493
c6e21c39c354d071348299cd2fb3f8a8,31,0.8766382336616516
743161ed5cbb3173ab5c6fa8f23c25ca,26,0.9223507046699524
5b2bf397418f033901792bc6d529ce53,0,0.5137662887573242
359da846166acc4105a0e4e9ff4a453c,8,0.9616777300834656
f750bf67e5fab5269bc654321b959d17,0,0.980445921421051
5f35ba8e4830d87965ec4b0333bf433c,2,0.9820224046707153
883d917a95a63c4036c6a041cd4350e3,0,0.9806913137435913
5205aac729cacab8b71ae87625adb0e2,10,0.9704896807670593
4a474f4979432e1c0cd1ce0b84b7f570,18,0.930402934551239
94352bebf78e94a2473f1d2d58f28cb2,8,0.9615579843521118
5eeaaced0f4ae38380e22e8da05bfd5b,10,0.9484419822692871
55d48dfb70395942d1678660388c6a60,20,0.9593584537506104
7adc687b53f1fd880e15a6aad2ca942f,2,0.9775980114936829
97133e662bbfa1d875540a6fa3a44f08,10,0.971200704574585
a0d758dac9d810d15a98fab5a589208f,2,0.9823424220085144
a8fe103c8670bfeddd324d0a91d7bc5b,2,0.9820989370346069
389e1a11cb798b7e977c9865c2bbf9e7,16,0.9461313486099243
4355b090b375a3bfac55bdffc18be1cf,5,0.9697209596633911
47398a5e41e693486dd9c048cfc7d13f,2,0.526244580745697
adf0b432d5b3b111e039ed099f89b266,0,0.9804794788360596
edbd85ccda50c8d476f16fa42afa2deb,2,0.9818965196609497
009d60554db21ab351eff3201b9ba4f6,5,0.9704936146736145
6c041b4548e8432b6a8895f01f8373b5,5,0.9703723788261414
623cd3fe918358a9a66cf3aff0cacf53,0,0.9805044531822205
347b6edcc8929ac173508e2c90cb2e37,8,0.961516797542572
65f6c3d5d25fb40d263616862ed7ed9d,2,0.9825708270072937
970ff7829c3699918f0679ec92e9a244,2,0.9813063740730286
3bfbe6fa084e13a0f21eea03b1b6b7dd,26,0.7889541387557983
91886224c06e410dceb8886e64257027,6,0.959363579750061
2d52b640b1bcf3582c6dab8ce6e2fea7,0,0.9803318977355957
9e9bc0f9d18567221f13e811436060cf,2,0.9822485446929932
a1dff90bd4aae6f725989fa67ed4858f,5,0.9706219434738159
6d3d5f565060ced677b09b31c120cd3b,21,0.8961412310600281
12aa778ef4af69b07acaaa9bfd94a1b7,8,0.9616398811340332
f31c46685dc79b54fb441dfd41808681,8,0.9604061245918274
a63e85287407db3c041ccb8c31a390ea,20,0.9606733322143555
0aa2ee754a0c56cc8e3736773decf48d,1,0.9640994668006897
01fe76f2e7ad05dd0357618427aa8b22,15,0.9533933997154236
0cfe4ee177d0f1ed9bc3197f8b280efa,15,0.9500322341918945
0ed3b6eb5d2183e62d1976eb52113630,10,0.9690706729888916
49a2ad88c361e22fb02adb713eb2226d,22,0.3224219083786011
cdbf22fe439c0f33269fe56b08d13d1e,11,0.958319902420044
a0776e0db39824df3151be7eb886e533,2,0.9827714562416077
8de08bf76b97332b147e06ba7aba743b,2,0.9827575087547302
ccad10e89e2b17bfaf462e35edf0fc82,11,0.9601210951805115
d9f9eb4d2f0138aed6bd916123a8815f,4,0.9516212344169617
ec46429ac0bfcf648e4c090a0e359b0f,11,0.9599700570106506
78ed70f37cf6bb705aa1927226623050,7,0.9364039301872253
cb088e6fe8c93ae099d8044ef6617496,3,0.9089589715003967
88f99ae5c01596729d4cda29bad6e837,8,0.9616971015930176
6db63a21ce964ca0a2fe3bcad41713bf,8,0.961614191532135
f11c17ed2cfeb2940ddb55c414b33cf3,2,0.9827619194984436
af1f504885fe3d996ead612a1652ea9c,7,0.9717732667922974
235cc43c0c2b92cbace31ea0a0c223ec,16,0.9472232460975647
8b515a0b03b35ffede7c9c04723e8832,19,0.5713682174682617
0dd17734e295ae5863327afc4da25776,0,0.9805718660354614
139eda3c147c98c4e53034ef74f4a147,3,0.9328184723854065
6c32b9506546df7ff00aa9b744d0d5f9,14,0.895500123500824
65bc70fd22be56eac4bc5cffe502eb6d,24,0.9536553621292114
f8eb15ffc097667ad82a6c4dcdd89c50,11,0.9513881206512451
bdba78c998bcdc63b8f84697fcdc4834,8,0.9616521596908569
19ebf23e9d66715b08abbd4c0b268b87,2,0.9801105260848999
feb61a4727119eac41731ee1406a51b3,2,0.9817987084388733
62d55b929df7a87606455930ae09e99a,1,0.9649645090103149
586202810688f7dc50dbe1b23a9fa2e8,15,0.9527313709259033
79f2a13d34362e8cb2fd514552099b1f,11,0.961081862449646
9ae44a0ee7a5e11bc3b94c39ce9f2998,2,0.9822611212730408
5338b14331d8147c2421b71cc1e4e87f,8,0.9616537094116211
2d149632196e44e00f1c719bd43a9cad,20,0.9606618881225586
048081c5797f1670e7889ebdf607a27c,2,0.9787909984588623
594a110a77f2de45ddd8ec78f3eaee6b,6,0.951196014881134
21076763a4eb58637fa3cdfad412e7a7,18,0.9338205456733704
cb29099a3547b632061d9cec3c2d4a36,17,0.9335370659828186
9cd5b20992aa4691a801dc08de52dfc6,2,0.5640134215354919
f00d861c77618971dfee729ceb9db291,8,0.9616519212722778
071e006ee76bd577d02eb5e3c50091d7,3,0.932478129863739
81402ed829a9067fd551c7c448fd2457,13,0.9617239236831665
08b3c9f4335d11a3763dd784b65f85df,1,0.9654949307441711
14514619faee4842259473a46bcf2293,11,0.9614986181259155
fc0df8fb0b0b61be55c0dd0f4e496cde,0,0.9791569709777832
a298d08e66037907bff34b82836e2916,2,0.9827566146850586
105e126e5ceace458ba4fb5645ec3d3d,10,0.9713565707206726
91411d6a2d26982211fd84680bd548cc,13,0.9366588592529297
7fbc4ec6e3c184133d1b623f95deaa8f,2,0.9827108979225159
b17c2aa228c9c8ef42ad052afba15c7b,28,0.8917012214660645
fc46fff4a4aca8c24eea6c3f983f91a7,4,0.9213101267814636
45aa78aecc625ed35633bb65cdbc379d,5,0.9577230215072632
fee5015fb3d97fb6ddfde4aea18a089b,8,0.9612461924552917
6e2f9714410c53dff0921437ac2d4d7e,10,0.9714431762695312
12d9c185f518c63dcbeff3848b7c86ca,0,0.9805788397789001
9dfb729a49876d4dc45b30a32c596e38,15,0.953405499458313
59e0fe4ff3405e15c00c58dea76a3cef,2,0.9826363325119019
d0be45dbd5ea8bfe6dbf8f8924f5137a,20,0.9573349356651306
fb9dc10c175d2788f108856705fa6532,24,0.9107533097267151
7fd43a310f9b6d2796c7a28ac0b61838,7,0.9589252471923828
739e3d0bcfe77c35a501335bbdcbe31c,10,0.9713412523269653
1dd43e3140e5da316fcf073b57653d86,18,0.932681679725647
be3f3ef7b76b335c15e9d276ad2228ab,8,0.9604248404502869
fc774f6362a58d9158f863639ebe89d7,13,0.9621955156326294
d45d0604e555b265c7c39b0469889ef9,20,0.9603734016418457
52d9562aab1a24bf80dd282c8fa8e149,2,0.9817872047424316
496154c964dfb49f3c12081d8164e73f,16,0.9462071657180786
79d366fc125fe8656660e3863b5a7f66,8,0.9616621732711792
09e97c3b83d0c641ed6a95eeae7e61c2,4,0.9525148868560791
192977befaf5fc4a16fcf9fd60c89319,14,0.8970752358436584
2c2a2f70039a2d2150af9236522cc6bf,15,0.948813796043396
a775bb5311f88f9db8ed4275952eb390,0,0.9803335070610046
1d007d34e3eb802be6f951e16c80d88d,4,0.9506565928459167
5b105757d9e40bd4b04d5f5cb22a534e,1,0.9653552770614624
53f2bd709d5abe7e91cc4483d57a67f9,21,0.9297769069671631
3932d443164aa35b20cb034c95fea176,2,0.9824156761169434
0e1915dd9fe517e132c3aaf7d24151f4,8,0.2604013979434967
e7202a5bb0a2f735fd12498eb700b670,14,0.8973750472068787
cedcdb2f400870401b188c8b39fabcd5,2,0.9819468259811401
01fa248818bf7d154bf0e93f6c51bb33,6,0.9606693387031555
d700020e1b0589f252b8ef02b1b897bf,0,0.6817046999931335
70175f7f0cbf4d412ebde9de9c805802,9,0.9393638968467712
7c2976156eb3192064cf40011cab3582,11,0.9603607654571533
d0748508323620e5d31cf9e4c0e4f76d,2,0.9761049747467041
8ef5f33f54aa2d793742998152edc3ed,0,0.7403489947319031
ee5b8a80fb58674fc31f036cd02bb61b,7,0.971713125705719
383afccd37b0d84002535f356a350344,30,0.9049927592277527
19078c06222305a2f7b58df414a74f99,3,0.9298251271247864
ad5206477b93a8af970b534484e95c0c,8,0.9617127776145935
4bdec68f60282427b3294d838a2c90d2,2,0.9821358323097229
7ca3ffc5221590cb1ef836293e178357,2,0.9825129508972168
a9f7e550d98cfcb98e65c383626d29e3,2,0.9797844886779785
d80c8ff84e7257d5619bdbf15bce6c5b,5,0.9700718522071838
1c7a53e55d56414a4e21164c9e65f6db,18,0.9125651121139526
c3bc2236bf235164e91c50836e2dbfc4,5,0.970569372177124
a4668aab8faf375d3261988c06d3ea20,6,0.9478561282157898
07317e3a9e4139d9e965014840fb163e,5,0.9700160026550293
28a644ef3033b8dc2af633fc8576fab2,26,0.9249259829521179
edc5a41fab672e487c9393d17caf3a15,19,0.9050049781799316
bb00c20e8ef4dfbc8fe6f17da7bf46c4,10,0.9713283181190491
0357ffd0b08186fd98c4d7c0a6fe40ac,11,0.9604443907737732
451be4289210c10805c420776044f53f,20,0.9606650471687317
1b0a30241bcd029bddaa2f022ef06a25,8,0.9612112641334534
83d52eb11b5f6cde9adb6f7578f6f1d9,2,0.982545018196106
121b7e21b63bb34c15716699f4e9e009,3,0.9318476319313049
1da20d3637f8771bea763bf3e3ee00e6,20,0.9603419303894043
d447ef9ea6aa7ba908f658fa1fc92947,0,0.980549156665802
e9b4f289d4a085320b7c33cb64ee2d0f,24,0.953211784362793
91e96de4b866ee135ff7d10a9bd6c472,11,0.9607259035110474
b2754b80880aa71fb754b519f346878e,2,0.9827096462249756
8b9ae493def74e8997020d33c1680054,5,0.969458281993866
19b41422c24d07e66cdf66c37da479d0,7,0.8887666463851929
a5a14f0adb150d8dfa5d8f0bdef0bd08,20,0.9608780145645142
e96f1f9955d7c43d8ce8b7bea91e936e,6,0.9605280160903931
e25dcffa2c221013fadfab8aa6116fba,4,0.9519367218017578
e653c40b398b17f7b8079ecc8edfc0ac,9,0.9383538961410522
25ca5de89c2b5d7c848ebd9c521d00ee,10,0.9714909791946411
998bd225fe622b428718b7183bdc9889,5,0.9695881605148315
1f1a24e38cd4fcd053724f6257640e48,5,0.9682513475418091
b2720a5bb8ff559cf5d1a02930f10d2b,33,0.8550521731376648
65e95735e11bb8d4c315dd072f25d403,28,0.891564667224884
743ed2c304c0f9758386fb8262d0866a,10,0.9714463353157043
d6fdf72bf7fc07df2f26f53db0fd6341,26,0.8595058917999268
5d3c68805c2ed2dd52fbf2e894b6c312,2,0.9827793836593628
1e001d3f8c982725d3ecacca64c627c7,8,0.9571426510810852
41e46bca75cbdff5a970d50ca052df66,18,0.9334246516227722
a021f6cea8724b7057037892512bfd19,25,0.9028778076171875
6d37a143af2a280ce89eb8a80f9cd8ea,0,0.980639636516571
c498819396a1ba0aa3fef55afcff6c9a,13,0.9609991908073425
c75fab7943621bf3291c6dcf67056e3e,10,0.9713607430458069
5c6fb8daaebb6aeeefcd58b73c626794,1,0.9651476740837097
90246dd5380130e0e4b49f3ab98e0fe4,22,0.8842262029647827
2fb81a57930e2a87ac9a4df27e9fcdb6,21,0.8955398797988892
ce553076fd4a67ad6e1de9937c2d00b2,7,0.9714468717575073
1370d82753f2804802d7e14a8d09ca29,0,0.9793160557746887
61fe03f761eff94d4bfc6a09891cb2a4,2,0.9818583726882935
07c2398276a9068e4b1e225f9750dbe9,7,0.9629585146903992
97f356a50cb3a4e2cde72c2b097e5550,0,0.9807046055793762
5d7fb99afacde5152408b86c3d8b973e,5,0.9706107378005981
724d058374d5efd7a240a98b5b1bad9f,6,0.9579269886016846
e1d2ab4c8200065c96445d7757b29a8c,9,0.940552830696106
d2713dcc1eb728980b3bb5dbdcffb553,8,0.9289966821670532
2432dac368c743a301c6a6fca71c4312,4,0.948094367980957
8b60de81a7399ffc5396a0b32c580af9,2,0.9828018546104431
62b6d3dea582efbafb4a13626772cf2a,2,0.9705341458320618
313a1f5024231d274e7ca72d21c72d49,9,0.8911860585212708
ac4c01bf9ce74b7f2cb21418090363fb,10,0.9712706208229065
9c2828721f531ef359600549dfd752ae,5,0.9705459475517273
98a51703524558a573d61d0a408bc086,0,0.9720937013626099
982ac39738441c526a4030d6c84f76d8,2,0.982860803604126
4c2072553977204eb069a68e85b2c431,13,0.762761652469635
d9cff5e4d450d0813f234c5628adf34a,11,0.9609763026237488
919025873fd97a6e971d82aecb33e1ab,34,0.9060962200164795
652b631d65fd1b995721d69d13563f97,2,0.9823641777038574
072e69f53cef44cf511267e3367fed40,16,0.9464558959007263
874cb9a3527082d867d7dfcdb8625484,9,0.6815111637115479
e9b63705ef40700a2bf71c3cc8fd5c44,20,0.9606646299362183
4232917ff232a48fd062da064fa17da2,15,0.9095317125320435
559641866e0d81621f7440e0168b7cad,0,0.5558797121047974
0ca86027b61954beb405ddb1ac61933c,11,0.9609694480895996
455c94ab64b559e71b318bf2518b3b28,2,0.9809119701385498
6f73ed1f8472bc0bdf327fb6c00341f4,1,0.9653863906860352
23a53e141438d28dcd6183db0a1ba5fd,30,0.8990530967712402
79a33634654102829638e8057bdb83da,8,0.9615764021873474
01ade920974e62f1c51556448390a086,1,0.9650193452835083
b3f9a56e4baeb3af8f1d067a235a5663,2,0.98260098695755
631c3c738c28d3623513c79f4938e2f8,13,0.9623590707778931
8b00ed8f9608b54aabead06d27c670fe,2,0.9826995134353638
6af67a58db647b8096a9fcdf527d902f,11,0.9614368677139282
61ddfea5bd976f9dcc5fc9b6166bd936,7,0.9717097282409668
ee52c92ce3cac42978ba1df67be7b4aa,2,0.9826693534851074
69b433438683b779139db6c9b39d0dd5,20,0.9607504606246948
38e367d34747747b0591033f5b4e1d95,5,0.9700189232826233
e5b3a3847e6403b0876a62c17e5d4ad1,2,0.982696533203125
3dfe650bb538a90c859e5d63e4b4e92f,5,0.9703544974327087
efccce27e2105b92204f022731917293,18,0.9333509206771851
5089fb12ccf6d76bf28b70f163e7ead5,11,0.9003018736839294
4635960b12960e03026640f97085e04a,2,0.9826751947402954
838e62453d44b539bd34825cb6c47d5b,0,0.9806683659553528
669f09e26f7c9e456d515dfdb5b24e4c,7,0.9714267253875732
647cb1d209fd93ddde4fb505e8710348,19,0.916921854019165
210c6d2351d748ff63de1208dd6c0cf1,0,0.9801737070083618
82227f8851eb9107b6399210d7e2b130,2,0.9827848076820374
895766454056eb65085ec5e4d3d6bd79,4,0.9428122639656067
add38d3d0ca35d4dc446bc5e5977f677,2,0.6823828816413879
87ddfc0ad3d22c5343e296c46b83b671,1,0.9655630588531494
057a8a6c6d17a237d42be6e6a214a3e0,9,0.9396770596504211
71c36614bc424d595ce6af8bcc10fc5f,29,0.8935533165931702
9ecd6ff129329228af657c196e264d69,5,0.9704871773719788
1249e604479a523a874586a12edeef50,0,0.9804752469062805
1aad792844350f35d5bdc7481d146718,11,0.961539626121521
816ef51b553e58c3ce5db2e77e32ff42,8,0.9604326486587524
0ebf280ddd818b116d30215ab6928630,11,0.96120685338974
e8ce05c1e9bc56fd266d007f3d5786bb,1,0.9654788970947266
6c0983668123d5927c89abeb304ece7d,27,0.8887007236480713
236affb3be8419565530e6de276a05eb,10,0.9651908874511719
87046b79860f86839db2173f6abf8a26,22,0.902594804763794
bdddfa3fa227749e4e464132dd1c5ecd,23,0.9524680376052856
cc2ca16d24774cfca83550057bba7a6f,16,0.9471127390861511
fa1d76280695cbe4159b4ac2440e088c,2,0.9812740683555603
2e57182f5ad7c38b27acdd8c43337d6f,10,0.9714245200157166
3fef07149c05330e72b93ca0540942f8,7,0.9718888401985168
f0a5f43a9bc39725ff062d3c618c8db4,26,0.9267313480377197
75cabbea528b463b3abc35f44bb19722,2,0.9827102422714233
8c484a786abed146f197e561da3ef6a2,2,0.9775592684745789
c44a1a468e4694dc82f1909ea82d2a17,11,0.9611876010894775
280930624fcd3b8807ee3dcba13cc684,9,0.9394040703773499
5548a43ca8b23dc8c5cba7535dd41716,1,0.9642382860183716
22f9a535ed20424f84bcc42df02f5a1b,0,0.9807465672492981
b53f1e1c8c5fb933490e449871247b8d,11,0.9607434868812561
8c7d6602ee40ec850c1a9f75612da181,10,0.9709436893463135
abd7c70a2c0ac54d6fb87cefd958b972,9,0.9401993155479431
d71642ae91ea4030ca12e35e6269e217,10,0.9715214967727661
1fdf92435d6b4343c6a946bcc00a8c2e,26,0.9267815947532654
da92387dabab27b9a10c19988558565e,0,0.9806391596794128
0c3297757bb31d883ffcf3101a844794,2,0.9821111559867859
40b77cc238862cf9062126fe7a04616f,2,0.9821028709411621
4893cc3af01962b3b80b8653813e0126,2,0.9824994802474976
be21ef9e1be233fc24ac1f9f956f59be,0,0.9805769324302673
fa71a18e0fe292387388e828f5fcf863,11,0.9582204818725586
1b0998f788550e70a69859b1daa8dd20,30,0.9022810459136963
86e5fd8a62981189bedb58f8c698cdc7,0,0.9805517196655273
86d76141cc8dcdebd6b559599a3e579b,5,0.9667887091636658
9b3a0f9425e9a793782f57a5b487f532,16,0.9467582702636719
52253acd397c051bd5f5a58123b7e6f4,8,0.9615499377250671
84a4f7a1d2328a8138410f9ca52f4168,1,0.9647036790847778
b2aab1046e69e66f4a70082d74fefbec,2,0.9825884103775024
edf979c7cc58a029e70d3cbd696f7cce,5,0.970472514629364
8783b0e8023dd079836c8054637d4b1a,7,0.9718657732009888
5a64b57462b3f68ed44511c146ec627b,2,0.9824973940849304
67ddbdef0db2f48e84de775039c28544,15,0.9531822204589844
24d3041f3e938085cc29cbda21303fb6,21,0.9350264072418213
26e1a2df52cf7c23ceb5f94aadc5dadc,4,0.8550705313682556
41c467b78e0a0f4a2b7746908de356b7,23,0.9525664448738098
2518a2267b0d98059ec231643692145b,7,0.8574339151382446
0d2b6495ee93cb6b05aa35ed5d0e2add,11,0.9604321122169495
4b07c7825307d7047a6bdedd49bc47cf,1,0.965584397315979
4c6b16a2a05190bf3397c0362275231b,26,0.9263092279434204
16eaba300b6543c257951dd158f5f800,11,0.9610918760299683
ad44b6c7cd9af19f777b615b4df08907,15,0.95081627368927
cba66d9abee2889e34c736ac9bea634f,10,0.9705358147621155
4b5af67f8218920bd782a7fa5b1e4843,4,0.9455946087837219
48cf123d5f5481d21cfce69580513157,2,0.982804536819458
7de20a1b98cab06381366fe9253aa0ea,15,0.9527880549430847
8ff77b99ebddc230b8c4f27babc38bac,10,0.9714633226394653
b6647bc0055e7f60acd62b8191ed1b87,11,0.9607577919960022
21eba795ea42acfad2124abe288da06f,0,0.9804942607879639
bc2aab24b15f97bce76c89e52bb72f4f,2,0.9825923442840576
4918dbd8612fe0e6d772caaa41caae81,2,0.982698380947113
c13c12efcd597298197a77bcd02252df,2,0.9818389415740967
b9435b742fe9346a8ed0ab30cdce91b3,10,0.9714914560317993
b5d8a266e729e4ad76ff9e01cd363b49,0,0.9774391055107117
bcdc2a9eced05865028acd9ff0620f6d,6,0.9604707956314087
f0d4f50aff435b8ff74967e0fc889e83,10,0.9713671207427979
594c6040761796ba42d43455bcba5d24,3,0.9329166412353516
d1a81fb591322089daaf47b901ea4be1,17,0.9390802979469299
9ea3c6a7abc1a84f1a0a7dce6e4bcb47,10,0.9714462161064148
8bea754286e7793885cfc236f0293c3f,5,0.9701494574546814
236264152144d4d12908d1f47ee4e23d,18,0.9337694048881531
0982b7659d27c926d9b8b90b60f30d6b,2,0.9821681976318359
a23b72d66988021db08bf8ef5d9f0a14,21,0.9302030205726624
7164d5d8133f74c5865b411bc5d2052d,17,0.9383228421211243
77b5a84114b809ac8260a049d437e83f,10,0.9714854955673218
3305495e2f97eea0b3e3466871aa53a8,0,0.9807738661766052
161e50227c475e88bc5ae71aa989552b,25,0.9148081541061401
e631730652cbc6381005dd03bd0242d0,10,0.9702802300453186
029b3079b86c0644883af6748ca7c4b7,2,0.9827698469161987
c339d8784e3ccae7694f2f10dd9638ef,9,0.9393783211708069
e2147d87ff2405d7465b782ac8c23df8,9,0.9405986666679382
173a02c4c1ad674b05c5e9269c0be47c,8,0.9616780281066895
8e69fcb84a0e16c79227bb527eb9bcc6,0,0.9807352423667908
46d5af3deabeb5ca9347a33655471e68,21,0.9331088066101074
c5232fee91d18e50f2eff988c1a6598b,20,0.9602894186973572
556462465df7c6127dd400c319adf361,6,0.9599911570549011
0f05872dd8cf9d952b26111f83e73b3c,2,0.9827960133552551
e7958bc64f5eb2b6d674e369661137f3,13,0.9626589417457581
cb0782ad41d87b2ef99a9034845bef4e,11,0.9612551927566528
0dc75c11abc9aa3e69c1e277864da0c9,27,0.8885718584060669
aeeb929f8676c050e189fd607d3245df,29,0.8879982829093933
e87bd3efd5d094f3a7bdb23d11c00008,24,0.9529753923416138
6db462cdfb458f3ea7b1869dc17e05ac,4,0.9522872567176819
c30deb4acf076dc840fb90633757e6df,2,0.9817609190940857
038572b6002402ae7f34fa355d7bbb60,22,0.897922933101654
37368bdb45c68af02a08d6de6f754b99,5,0.9704833030700684
da7a9a205839c6be0c3ff5560dd42382,0,0.9803377389907837
2890bb9099ef4259fca70ba04e3e45fa,33,0.8532601594924927
a5053fadf5f4fb0f4b595bbbb5106443,29,0.8930613398551941
395bbd90d7b89650ce85e205ca586d12,16,0.9462701082229614
933881d9ece2b52e20244e71e6803142,3,0.9322512149810791
3172a747953431cca6e823ec4d98e6ee,0,0.979300856590271
00ffb5f9ecab271fa4cdf3ebc10aab41,20,0.9606860876083374
34ca3004de4ecc20934e809ec216852f,30,0.90561443567276
5d4128951d6f4c5a99420eb61ff37f18,2,0.9826148152351379
42d1903a6c47bfb9e97e2e122fd17063,20,0.9598740339279175
e2030ac56c717459d1b0baa761c9fa4e,15,0.9528890252113342
601799126b7720a5d63afd0f8c076477,7,0.9715920090675354
033e149cbbf0dc8fe1eeefe7f3d87215,2,0.9827548861503601
a0013a8536d83b70f13e506b87cf298a,15,0.9526962637901306
ca946147cb4637afacebab4a1aa4a92e,15,0.9521028399467468
df57b2bef1df40099b75996531b57ac0,2,0.9824076294898987
0db2bbece39ac28f69c10f22dbc97f11,2,0.9826418161392212
309b2512531102ddabf6ddc795c342cd,31,0.8732946515083313
bfa752f5293c001460265e16605cffb5,20,0.9608810544013977
e697f666e7a87f39b341759957a353f2,28,0.29503703117370605
cb50c4a25020e03d7c48ab7d8cecb409,2,0.982384204864502
95fa21ce5af73ac0ab2661e4501e0d5e,13,0.8642181754112244
bb501b6158dcea8f44adf44f5706abac,30,0.8985515832901001
2b0b265177f05377bd7f32769c73d7e9,21,0.9309667348861694
c0bf6dd44ccc2d5c5d69a2ccb74ba56e,11,0.9608421325683594
03dfdccd93d209764749485b44205a76,0,0.980502188205719
4c95b282e34aef7d790f6279a9f0e39a,10,0.9714822173118591
19b4990985e07f2c61e62df6ab01f9ed,4,0.9339515566825867
bcd8dab5173f6ad0d1d65da13d52c979,4,0.8181897401809692
a085c29191554b2afa47d411c026ab68,10,0.9713354110717773
e246954e08a3487965c2492ef3b459e1,1,0.965609610080719
ff91ad6dd7fde6ee41918c719f70506a,2,0.9823859333992004
fa6f9d567e22ab1bc6c2a4fe2ddc3e3a,13,0.9626401662826538
9485061e76926c7d2a5df35df81b6da2,20,0.9375264644622803
abe7e6a772f0aecea021a9094ac55527,29,0.8935907483100891
2a80ce4b6f097e6ab7e33a58b946e5b5,26,0.9248149394989014
119c51d7408088dd2bb5200878d48e46,24,0.9534709453582764
9c10c43f81d205277f93905e92c12dcc,2,0.982642412185669
f9a972c90eb05d8d5733969750668649,5,0.9706048965454102
00b98a2ae843613a4906cc5469274fe8,28,0.8951123356819153
49e0681ad3319c220b1ce566176c8fb8,22,0.4407782256603241
7e54fff029109dcd966a9a6d5246bb65,10,0.9714888334274292
ee5ad8e7bf146096e01e2108763f1134,0,0.9793514013290405
3afa3ac22da0318c222d08c9a0d1a423,13,0.961330771446228
e3151929b478a962a8d4d8578208bee7,1,0.9180601835250854
1b7da64aa575dd412ac9d66744e3e136,10,0.9712490439414978
73b0ef523d6539e684ba8d331ac633be,13,0.9621936082839966
b4bbc4d3d1e156e4b5d0dae7e99747ae,7,0.971561074256897
ce37de8a697f2ed0ea4188ecc57ace21,23,0.9524794220924377
fc9a61a2d850f2ed314b29bb665caea6,11,0.9610419273376465
a41ba59f425fa59c00ba5b0f4d702d15,10,0.9714424014091492
275d446ecc415526842e4ea5e5730b00,34,0.9271110892295837
be07e85071e89de0a5199dfd60a95d67,6,0.9603267908096313
97ffee3b4832f7e1be142817bc6f44d5,6,0.9527909755706787
7c54f9bfbfae1b850b3a4200f820d80e,20,0.9603520631790161
dc788ff0b3dd7e5ffe269fa82eb762cc,2,0.982709527015686
843fa2d12bbe3f0e83689d61cf492ad2,2,0.9811548590660095
50e5dedb6b4e681758385993145fe7aa,6,0.9607226252555847
73a771fd4defc2bb20d045b4a24f4072,13,0.9354215860366821
6227cd48299461eab59b0adc5e38d688,2,0.9782978892326355
5b49eeb3c80e1f9e031c9cd846a6c7ca,16,0.9468346834182739
78585191f99210f5c04cc0b107a7e0a5,0,0.9807449579238892
5896a1e93ebcd7d2e151a58635f435be,0,0.980591356754303
da7133c08b52c23a80a613dd9075c564,24,0.9454351663589478
e892f6c96bb412e2ca5af0ab5320a40c,16,0.9471465349197388
87532a981414511f2a4269a7b5d9b6cb,10,0.9713658690452576
7df3f4441d5b312e2e0f9870a8412386,24,0.9523488879203796
ee6152d73963531d5e53db9eaa27409e,7,0.9675971865653992
eeb8e146c2914e669ca0db7cb42d92bc,26,0.9108743667602539
5ff7a1871b4d32e4f167af071c08764f,7,0.9718665480613708
040869f6f988e7749a63f7a180fdd224,0,0.9806451201438904
3f1d7fef9153c3d8b90bb961cb25e7a9,7,0.9718485474586487
99be9b1011a312ffa6e8b97fa49b41a9,13,0.9623186588287354
e8fca9836f18d6e772e51449f5f6d949,6,0.9590510725975037
f7a7c73f6f82e65e6d1ae1c58ec91342,0,0.9790327548980713
f4ddcc20c5953f377ce508e111d507f7,9,0.9379175305366516
de9766b61aee72bee5da1a5eca281446,12,0.9242101311683655
8e92cc7cfdf06ec406ffc4bab78a322b,21,0.9321234822273254
eaf5acba5523b45db9197fde00c1e996,2,0.9823268055915833
d95f3bca50a4c6a50b490b884c78b52c,6,0.9594255685806274
efc1a69ddef5ec2eb426544ecec9745d,9,0.93928462266922
096f5b0619c039a3c1e0425bf4e87fe5,4,0.9521922469139099
358398e8d040331db72e8be80dc5f206,13,0.9626246690750122
65e69239048e11506d394c3f4d4b8ad0,10,0.9714809656143188
7ee6026c092a99178ec3ae684b4db40a,0,0.9788803458213806
a40101e0e9cd6613a51b90ac3217e70b,7,0.9717082977294922
c540d6e4b777443015c42a48750a2aae,8,0.9616094827651978
65dec19ee12d816ae18156358e812463,25,0.9147708415985107
40732660a30c605bcf32b15a0566ae84,3,0.8950038552284241
e703d61e7928339c251aec2fd3f4cdb6,0,0.980156660079956
17685f238e07fc5ae01d276fe4233a30,14,0.8937448859214783
2931a8d226626aaf7ab09db4f0a8d045,17,0.9326655864715576
7ccaff9d914fefd5435ec984f748fb39,6,0.9601012468338013
a12a044c259c55746a091cab51cc8395,10,0.9714546203613281
71e907f20bd36850303f887a7439e2dd,1,0.9636419415473938
9c4f8cd23dd1c8f8d5d73b00045c8e24,20,0.960732638835907
72d2b6c2bcb0be636343c6b72330b012,2,0.9820486903190613
9debfe71cac01c71676b3c03a96d3d6d,21,0.9346158504486084
7c8d43c8f40f144334853879acedc3f1,2,0.9827643036842346
f7b09573cbdd5838d8e11ad2c7406f3d,20,0.9606650471687317
0448ded0fb2b5513b46bc709accf8663,11,0.9614270925521851
9d6300a78a46a7ef3a5096d098d708c4,14,0.8940727710723877
55c96a2f031e7579158dd42c3568f936,23,0.9524710774421692
ec5e3d6b6479c83385ebd114a30d486c,5,0.9701353311538696
3c369fc7c88711b1b362492c23cb89b8,29,0.8914574980735779
2a36cdcf3a839ddfd076286fa3beae81,8,0.9611216187477112
aa8b6d1b4527538b10d6ad665858b811,10,0.9646643996238708
64b18e2a5229555f1e6d776328b31b01,1,0.9650721549987793
7f2c496dcfc0cf5226908b861b266696,5,0.9670450091362
ed576e97fc60692b8352111faff34257,6,0.9594274163246155
7d448dcb210a53fee197e052093aa85e,20,0.9608806371688843
98ab1dc6269410e7baa8395c53a6f2fd,2,0.9826143383979797
ffdd19b96d5ed768aa10f5b83497b9b3,10,0.97128826379776
6e7ff43d5497719cd9b6fd9f8ff61c67,10,0.9709827303886414
0cda0129a00b03aaff665b6e96fc543e,6,0.9498224854469299
1fa0d93eb99beaacfaea0399cadffec5,7,0.971592366695404
3fdff33beb1a8d44c17abb817f6bb797,12,0.9192357659339905
be7bbca1997a5de2d0464cf7205634f9,20,0.9600980281829834
e19501ec4542b1c4ba1cf25cfabf4232,1,0.9624658823013306
14e3b4391ef771d7b11cdc2886a13343,2,0.9827030897140503
8c1fdd7e9c8f9d2dfee1207d99e37dc2,9,0.935080885887146
f70d6153417443f1341c99411855348e,10,0.9714845418930054
ab73843924ddcc2d79de2bc4155bf818,5,0.9700709581375122
5f4fa1b225076e7a0e6e67e709128b4d,2,0.9825772643089294
ff7ed26682b1f4a158d89f232fb46a69,2,0.9764357209205627
71c920666af43f81d9ceaddf5ce8ffff,10,0.9713063836097717
66e7df1ef7703c76ce2542756acf07a7,20,0.960617184638977
66f5a5fb947abe746f8866a53aa92945,20,0.9604513645172119
65421faca05073100fb0dac5a240f81d,4,0.9478433728218079
30ff572f51ebd5fc3898512b15ab72b1,2,0.9827913641929626
8d277c58db25a9a6b667bcea2d8b9e1b,19,0.9161770939826965
33adf2b740eea1fab02fd857b093f44b,11,0.9607572555541992
8877a525adbd6190c3be66e58f87ce09,2,0.44692277908325195
74a476d118cc81ba127a013bc81c7f4c,2,0.9826503396034241
88ae5b6d7e397c2d00e25547a45232b3,28,0.7710568904876709
a60d0bfdc512695907c7c49a1c13f9a5,25,0.8926922082901001
e475dce43aa71bf0ea4e2c53a282b8c6,2,0.9826160669326782
c3c53146e1f6f5a2bf818a4d6d4cf39a,20,0.960811972618103
f1336ca7c15faef1b02cc1b8827bbad4,11,0.9610964059829712
ecad5323af8e281800ba65a52286ca95,21,0.9307770729064941
337a26d2681fd98607c367cf0975dc2d,10,0.9711222052574158
8e9bdeb8e148f4f65d8400cc716f53d7,2,0.9820826053619385
188c1460d85ea64442be0ed467270bdf,27,0.8553516268730164
189e6ba22999f09131fc2c10c595f79a,20,0.9607803821563721
1f494d187fd597ce9ff26e8c806329e6,4,0.8720260262489319
4cc1d3dedc9e2e09a0e58f995ef86fcb,2,0.9823635816574097
4d4f232d6ba3a1d24cb8a74589a9ec9c,6,0.6184215545654297
f50354d95edafa12d43af33b6ee5d2f1,13,0.9626022577285767
8224d917c61d30af6144f4ecee9b7fac,2,0.9792430400848389
c1b976a619b41beba342228204b5ef40,15,0.9505000710487366
b3316d1754374779a7f40636196d7437,17,0.36605772376060486
244e89bde60ba46f6102e1cbcfee4ad7,5,0.9696281552314758
f26712050dd034798dd8774e504867b1,0,0.9805130958557129
0cfa4002292b4cb73f071105ef3a46d3,2,0.9828028082847595
8e09b6ee05ff3a0d8897345abd8dbf96,15,0.944904625415802
be244ecbcd373f021288b4b2eabf8bcf,11,0.9585931897163391
a55ef405ab5234489c8dd38c649e9c9d,26,0.9238253831863403
547415765894ef53de2c94e7e44bdacf,18,0.9337422847747803
626194153f244f625720dd26be850f7e,0,0.9806753993034363
0fb1ea824b4c898e63db1ef48489d34a,20,0.9605609774589539
0ebeb3716a4068b438fe8862453c2499,7,0.971458375453949
193f7b67bb2ce889734eacf72726d640,24,0.9522775411605835
636553ca4f2ec595cc87603fe554123b,2,0.9826703667640686
2d019bcad397007d3efb25ec37ed13ec,17,0.8381627202033997
62ced58f726def32cdae961ee8a16a37,20,0.9608250260353088
bae5568bb225fe954dd3769f680da3e9,10,0.9713976383209229
9a669f432cf6b5a514bc4bdd0498e313,18,0.9337385296821594
c1147eee6602a4de492d763f78cd14bc,9,0.9396429657936096
86e128d91017df43c90c67398af5af04,2,0.9819737672805786
f640c43c79ae6f53f99a8b967cf231e5,1,0.9655441641807556
92359f3798cc91f5d9f54b1c84f1ded0,4,0.9520687460899353
c87097aa380a8755c07afb9393f523c0,8,0.9605323076248169
2ee635148138b23a1c85af4cdd04f698,29,0.8778075575828552
1c0266fc4a629624a813d4930b32753b,2,0.9826691150665283
a1110aa07b9c928a2242f4eb41fce4df,27,0.6812489032745361
bb061ad6721934706b6f6d8d7c4e7234,0,0.4697948098182678
64593a419e7dc688cb38066fff53e4c0,26,0.9232154488563538
19de3efa1256991ab5d339b463142261,2,0.9827057123184204
c05c2145a2b361856bfb3a5de9a20280,18,0.9338807463645935
3016a64d00c49d7b5513f6dfbb7956aa,5,0.9701107740402222
6ca542f3a00e36321f5a3da9294c3183,3,0.9283439517021179
8950b8cc8df9b8f736c5f6a2dfd1a3cb,2,0.979921817779541
369609755f5ff984c8764fdf47bcf686,21,0.9115839600563049
cb6f32a48031d3a8fca9c126dfa5293a,20,0.9608153700828552
5dff99e6cea28ff4bcfe86372f6424a8,7,0.970819890499115
c8acfa644338714b39d72ca93f8334e5,2,0.9825537800788879
9bc7c77823ad02614fc87a5906aa980e,20,0.9606208205223083
7e67d87d8ec37523b7b6d6641f6d6bfb,26,0.9235120415687561
87d31b42052a12ce1f4d7cfa4c707daa,18,0.820158064365387
ac8eba33219cc01818683f92324d4539,24,0.9535117149353027
4a5bf6fb782f1709acd934876540b7ba,2,0.9405825734138489
6ad629906bb8d708cbc3ae917412aae4,9,0.9400938749313354
621dcfade1f84dc883ae10968d8375ed,0,0.9806004166603088
f8114f63a5b9cb93a17b48f497b4b783,2,0.9795297980308533
fc2bad3c3efb761d29b9e16b8d9f0e42,10,0.9713264107704163
2d363b2ba087e117b8ec50e208b62779,11,0.9604737758636475
89776bd3cc4475e4a8a3501ab55b9607,2,0.982082188129425
57d49bc4ff49d00e66cbd470e0e42607,28,0.5106703639030457
6b300cc1bc723dbba84bd2c5445219c7,2,0.9775945544242859
978eb21ab383b59d2fe11b6c147f68a6,6,0.9603592157363892
44a17ecde454dba19a10155f66d5a0bf,3,0.9321572780609131
012ac7a3a91e52dc06719f2bf4a01941,2,0.9777759909629822
acca3185bab3f400b02ec1e30f2ff7a8,28,0.8956190347671509
f5f71cf9f191c6ae302b8e4e8254b588,0,0.9805653095245361
5f020246b5ae16cf2755dfb2f77b8f5f,5,0.9705609679222107
5c9e81e12dbd52347660a323a8528f59,0,0.9804964661598206
9e43de735b4c296bcbf5f2f3129c70c0,13,0.9609590172767639
0ad40ed635fe1ac34e48eb7309c4dba8,13,0.9621466994285583
5c2b9f6e5f663095297e47d6f12f437b,4,0.9519703984260559
61d67e2141fffdd86abd14c02eb825c8,6,0.9595857858657837
516bf8fa0fd060edd0eb5c3a9f209825,2,0.9710472226142883
e1cd377f22d465d21f83756db5d7baad,11,0.961075484752655
83d919260c8521d4f3a914c28528f917,29,0.8928772211074829
53451046f2604dd9b6a8bb80efd73cdb,8,0.961513340473175
126b6d10e3911036cdb87f3d38f6bfad,9,0.9392601251602173
a5c9bf3191018037042f61b4a7a5981f,0,0.9804722666740417
877d1460ee7c8a5828bdcb6b18b6af71,21,0.9039098620414734
d904f2786e3a8fc5be8fabf4c2d430ee,3,0.3800584077835083
337d69af1a94be9e6d094e1b67f7e7f4,2,0.9827456474304199
7b3f116be1ba2a9850d758cd67ed90c1,1,0.9653556942939758
d43611c9236c44d9869639fdee9912dd,0,0.980508029460907
e960e5e034fe2cd0e168243bb87faa0f,27,0.8722504377365112
75c4973e150df5e7b523111f322fc005,10,0.9712779521942139
7bb9ef28b645c75e520cb9cb373a0420,2,0.9824399948120117
017e62ed18f9c52882db57d470dd9f21,10,0.9711201786994934
b6d055347fe6006bc5f5fe4a24678b02,0,0.9800311326980591
71b919b7ac267fc35e2f0d721ab97d65,5,0.9703028798103333
516365c01227a9cf1e1a810bb5316195,7,0.9706904888153076
6f5ad8aa360567390139f716d74f2372,8,0.9608457684516907
6dd070b42f8ee86ed0ab4114f6836bcb,14,0.8938290476799011
08c667d1b7b990b251d6e849efd251e0,29,0.8877754807472229
b67e4294048410d70a733bcdb86552bf,21,0.9349654316902161
7ffb550f20d052c75e4e32d7a87b9a2a,21,0.9210214614868164
8594f06cbbb38d93e69e600d2999b005,11,0.9610024690628052
5cc2f4469a1f785c89fffffa28aa40fb,5,0.9702584147453308
d36b0c9f5ea34983c2e4502f43f15844,6,0.9609159827232361
5f6752b762a239476edf36e7d5a50daf,0,0.9713634252548218
e70d44e5c721adb7e0b33f4ad96d7224,26,0.925178587436676
3dd22126ab49b943e894459c6185dada,2,0.9824343323707581
99993baf7f343b39d0822ea0264473b5,0,0.9626317620277405
7a462f9dd522c54066824fa15690484c,11,0.9611191153526306
ee4246d763311a0318fc90bf8cb78ac7,2,0.9813159704208374
77c29ed4e23c7996cfd5037c5da128df,10,0.9697819352149963
ffb551a2360d0d3b9823d6302f931deb,25,0.9096440076828003
355b9142caefb0950dcf00dbcbf7b231,15,0.9529086351394653
b9c2e62d58eceda1899d61ebbe1be637,8,0.9614819884300232
27123325c0167f5eaf70b4eb7b5c066c,6,0.9601526856422424
24e7822c4e8579bdd8a4232e76dd269f,9,0.9383997917175293
862336743652a8df0403f75b7040eeb5,10,0.966940701007843
286c6ce6e7bba0a4fa05896ffabc2294,15,0.9533893465995789
50fb13eea111d817c781349c9738d63a,0,0.9799998998641968
c8fb2ca4b89e24f238e28ce870bef663,18,0.9332488179206848
452d7bbba9217b789325e667c87295b5,0,0.979245662689209
f7a2c39f352f94b8e895ad1fa853a653,14,0.8938629627227783
77c48b06136b2e146c1e65207c502f28,11,0.9404664635658264
833d9cb2524ea2336c87db6a2c3895fe,35,0.933241069316864
9903c6f9c438b68d01f8b20a960dfa87,4,0.9101526737213135
9d8ffadcd6f9cc95ab4cf46273d2219b,3,0.9311058521270752
9447d79116a0b836c9cd51d730ad8811,2,0.9823144674301147
12b8445b870ebb1d76405b2a268d84c8,15,0.9525856375694275
3cf23d6ffa398aabcfd2a15329c87bb4,2,0.9827002882957458
25fa0d0f8558b2fcdf9ce15d5fb1d469,10,0.9714658856391907
673591acb18728dcf90545f437313c2a,26,0.8134474754333496
4890e0fd246cbdf5e89344a129d94f72,13,0.9623458385467529
7d78f702e09d40c8eb0a1655a4f4ac67,11,0.9589822292327881
b6964db9ae433c5f9c023edb50bd3fed,14,0.8947609066963196
fd07ac73893e66e1ffc637c0bb28806d,7,0.9701447486877441
2c6d55c541fdd55351f604b8bac3f2ba,6,0.9600121378898621
c25690401ec6f89eecc598ce069c6bc5,20,0.9486115574836731
a632b05df5d16f7126b949fc3954055e,10,0.9714522957801819
3efd4514ed7e019acb75af60329bf4c7,4,0.9519771933555603
df5eab4df28ebecb9c698a868e31f08a,10,0.9706545472145081
64f7108d72eeaa26774379c002bf233e,30,0.9037283658981323
a2a41206059e16a1bb36dfd6c88c320e,15,0.9526987671852112
cb744fff42c0745f7e2b34df5d272a7c,10,0.9713981747627258
bc194af3d7acd0d3198f3adc9399bd91,6,0.960548460483551
1554cbc62937f55a4d2b0206ba1651c0,10,0.9713692665100098
cd4fb62b01637820b24aac89710fe8e1,0,0.9806138277053833
8f811278dd0468dea043ba6bc81fd4ee,0,0.9805143475532532
ea08f44afa5e885ae6b11dda1ea70414,15,0.9533155560493469
506cda6654be7a992089914996511843,5,0.9689190983772278
d42c2b51838982e996f6891b73e63953,10,0.9714189767837524
046b212b1403ac67953dc8cb1bf491d4,11,0.9606549143791199
3340896b629679b2a92662b13a6425f8,33,0.854276716709137
a2b575e058f2efa547d6ec69138182e4,23,0.7924623489379883
b8e874788d80aad798a9035048e71b9c,8,0.9295238852500916
9534df66c976e78592a04ccfa40ed105,24,0.9534063935279846
333d7d415d0ffc8cc7661151f6210347,2,0.3394000232219696
978893460c52ed8a37c876d6d0874215,10,0.9714887142181396
b64252cf037da28fb9892701585fec65,1,0.9651381373405457
1866408ff410e7138bcbf99aeb58fa3e,0,0.9803279042243958
37bf5eddbaf38ce1eec62adf4fbab750,4,0.9507840275764465
abf7ae8f4c56831f296d511302c1b945,20,0.9607300758361816
06752034e33c3d4bdac3b40d15f5c8d7,10,0.9657195806503296
e1be1666cc2c6dfd803e9db0fecf9341,10,0.9711998701095581
419e548379a9d0ad9903a48e7af83fc5,11,0.9608579277992249
3006b2d7b1c889ccfe1206441a88a53d,17,0.9400937557220459
31d5a19c113028eba1b9d53747d3c7f3,10,0.9709203243255615
9152f0316734f1edbf5f08bc94944ad5,4,0.9522836804389954
3b1d995159a016ed5667f2e8fb5f19ce,13,0.9625217318534851
30fa7111a0fbeb852e9360a401201a52,8,0.9616693258285522
f716cc5fd7dbd5e53237b8623014cd61,4,0.9476844668388367
4e676ff8d17a05197f134668bb1efc66,23,0.8705248236656189
911cd06ed297d16f41f98ef42410ac75,16,0.9465678334236145
570f38d715c7a0ffd80bc55ff8149734,0,0.9802522659301758
638753e2be3264730431c162d0614308,8,0.9134822487831116
f424dbccacb4e1cc67463ffb6ddd8df6,1,0.96510910987854
7a874711bbdcaf797324c3a7ebc3a39f,25,0.914237380027771
4b806a3ac6204713c88ede45870bf087,0,0.9803506135940552
3a9c6fd10e1d2343602c7110ec55e971,5,0.9702906608581543
6ffe4332d0ae041fe7c1ac0ba9804d59,11,0.9610097408294678
9c21ab7e5432ada540abaa509090df48,2,0.9824312329292297
042617e62cae9d6e88cfa9fab7f14f57,27,0.8845543265342712
79035c774ae2f6689f7bd4191fc6185e,26,0.9247949719429016
a7dcf6292c1a33046cb84aaa14143d29,27,0.8648819923400879
643ab6891aefea51c74d8a96731d735f,15,0.9513674974441528
30b2ae5e94833a1bcbeb2d5b87ee9c7c,25,0.9149823784828186
34312f6c12e1b019065d284b059d5d06,0,0.9804705381393433
4a8c024b6aeb0980a63eb4cd07cf731d,2,0.9820873141288757
5556a8657d2045a27cc1e951f37fbb84,15,0.9532564282417297
c8690a0f876781af3c1a699b3a33a0e6,0,0.9807050824165344
2895bbd6b18806d45a2f014d3dec517e,17,0.940117597579956
84b1316e570514246ccf2b74c249c2c5,2,0.982672929763794
0d3d4ef80291bf22399299236dc90360,3,0.9329871535301208
bbf37eefc3010629ecbc14ff34331d18,5,0.9704760909080505
0d87aacbdb1d33de87414d0a150cb5ef,1,0.9651960730552673
08c776c4a7b9759b4636d46c9d526a51,19,0.9158244729042053
42cc8fad638f1700a8213a106c6799ea,11,0.960927426815033
c705beb5979c23fe6c351704de3f32b9,2,0.3495979309082031
fba0c6c2f151ecdb353db67e232f3c66,28,0.43403956294059753
480c4b5172e4bdabc6f9b01baaa8fa06,0,0.9807250499725342
79602dc9c0653ddc03f5067c633ff547,10,0.9714374542236328
fd0ea9ff192875f3430b0a619146e833,5,0.9703013300895691
fc94528b125fb840d9ca5eb25cb9664e,2,0.9821221828460693
8d829530464960fb9649d99835a5aafc,10,0.9712947010993958
9246adf5c27355506958e1ce8801199f,5,0.9677764773368835
e6ad14b02e38de6110cb5b326d851fd1,34,0.9210717082023621
5f15eac9257daf0bc33fb94d2609875c,2,0.8675198554992676
1c6fdbc073ea578984062f5faa5bddaf,2,0.9827930927276611
e37161218951c3ae888914f28cac1241,2,0.9825261831283569
a082954f586e562414dd9bacd7b6b13e,10,0.9714270830154419
32924b016b4353565cd61fe4dc3a684f,7,0.9673904180526733
d72c1c8cb7435e12b8f27e185f903360,0,0.9806812405586243
094b45fdddc45430c5a331cb87a8dbef,24,0.9506782293319702
37ec3f0c2158d6ae1320d81ff5b3c5cc,3,0.9317583441734314
14771016b44623823195eedd4e682027,2,0.9737752079963684
d1fdc2a27c29fea4675126eb6a66c181,20,0.9607056379318237
4f33320970ffc98e0347881700e9ba0d,33,0.34101295471191406
2fcf589c91b0eeb7640119f115a8d8b4,3,0.9322102665901184
3c514b2646de2f369384bdc1dacbe54f,2,0.9826070666313171
e8a2e66d0089f705c88db047f957de24,0,0.9801038503646851
9e0783b27ffb343e0af91341a305e1ce,2,0.9794925451278687
7bdd54046f575e708115babdb322814f,20,0.9607905745506287
fc6cfc2ec5350cad085afa47c6138a9e,5,0.9685063362121582
d05c09d98d85e21f89b3d44a588ad370,9,0.9393677711486816
95462a1d8cd0309cd6a4c4376664bf4d,5,0.9704673290252686
a40d2f18cd54b8d6e1ff3340afd7ea88,14,0.8972517848014832
189033f1e38eaf888bfddff93c4e7abe,3,0.9323702454566956
c9ccd8e37ecc401431424317993af21c,7,0.9718261361122131
75d838c3abed02c916ebbff36b050f9c,12,0.9190133810043335
948a61162f48b400f617df94ffa0a508,13,0.9625957608222961
9c118bb31146fd14aa6283469c4a6071,10,0.9693717956542969
1ce5843f03f31631750f827bf1bc1b3d,4,0.9504435658454895
c71a948710e29a1a8a13be0ea64c7ac4,15,0.9534537196159363
abc27249398c4620b4dffe257fd7fa92,30,0.7869241237640381
502957e3c640b7fb6564efb42c580ab0,5,0.9706681370735168
11b6fa4b5ad86e6317256cb63ed45ea7,11,0.9598997235298157
f3b9f119ceb5ef061ca3801435bfd09d,10,0.9712967276573181
f48642c42118e56caa75a8f34887f232,18,0.9338511228561401
9c8cc11d598ef627a2bb9a087142b64b,11,0.9612276554107666
cd0f7043946c0f7187e2b6615e6e5251,2,0.9824143052101135
e36442d610a38da2d35850551d34d397,6,0.9457764029502869
25e99ef85e6f485120688ffa01fd5c35,0,0.9806488156318665
b7013952caff7d3587c678f91a2a0469,15,0.9536852836608887
7d63dc26e44fdf875cffcc9404d01fc8,2,0.982397735118866
e5197bd7c432f4eb798d1e436ba17de6,20,0.9605055451393127
0e584062f3562049fd09d55c99037534,11,0.9605639576911926
9452942e099a3adf1ce28873cbbc3ff1,10,0.9714096188545227
a863bd32b18f3f26cb13b6a6eb5d07ce,18,0.9209817051887512
2a0b8627fc5d741efb33cbcbb8c2c6b2,30,0.9027101397514343
dd120bfa125d80fa37e54adc3c199392,2,0.900367021560669
e3a1dc16154a3e318f8191da2f8e6087,15,0.9511167407035828
b77db2b1e5b3870279a19ae46e2378f9,0,0.9805712699890137
50f8c3cec28c5f67ddeddfff5a4845bd,2,0.633838415145874
f6cc7232750f50e5c586114d6777cf84,6,0.9607008099555969
d20669da5c0e78791ed7dcca1663b73a,0,0.980486273765564
da0aede1e0b5059093098b3f42bfdf18,10,0.9715203642845154
899d7533201c019bb1626be7f923cfa9,2,0.9820187091827393
5d2715cdf1ab5a5cd91838370539f8c5,0,0.9805220365524292
761d7619253971c184868e9234311bb5,21,0.9343228936195374
17a2963876dc1fd936ead09395f87906,11,0.9606310725212097
1a1615995bac1bbed6f50c735c11aadb,2,0.6978117823600769
10c781d07c2fd1dc317b98e3141e4895,3,0.9292128086090088
62417615b826bf66bdc444148e2bab4a,9,0.9401523470878601
e503b6c1b1c2f7c7e82794906c577e8b,2,0.9808328151702881
358b21b8afd6efe0906221b488ed0a93,14,0.8906470537185669
0a4e38f15d049bd74bad03c2563d8cc0,8,0.958660364151001
4198a03d842fa29095c52e3c780401d8,10,0.9713189005851746
aafe89edc8b8d41dfbdd9cb1c70a67df,26,0.9262627959251404
26742fb3b2aa6f2e44ede886917ac23d,10,0.9713090658187866
4e85d438a7367f6b18f93b289250f935,27,0.8854686617851257
099836412c40da94af7615c786d13d43,0,0.9806256294250488
b082d9538f82c63f044c6ffac65a6870,24,0.9536396265029907
ebe76c27809d801dc4528d83584db7fd,1,0.9654712677001953
4a61f5913a5786338cad517f43a1489f,26,0.9259074926376343
ff4e53a8fb3fa2add70c570e2ab933c0,2,0.9821328520774841
a82c6c78aee06d02ce5590abf91a41b7,0,0.936449408531189
7d2dce5e296df67e2ad70d1f698b7d14,2,0.9825959205627441
68691a0d82e8e49402342521c5ff463d,26,0.9257140755653381
823f7d88a6172deee696ff2a1ded39b6,2,0.9825398921966553
adce8292072da57f114de07db95c86e0,20,0.9606831073760986
2419c4daa1292902c9eec054719a315d,11,0.9606054425239563
69f08b288d7af5fd1628ef35caa68694,16,0.9469107985496521
7c221737da7cddcec2b762a6371ff2e6,2,0.9826257228851318
24ee341e2ab55f2723849b60a22b3d14,0,0.9776887893676758
8b0a274b81cf1f9494486300424ea5b3,13,0.9612578749656677
f37fc3833305dd756437e26f5dead229,1,0.9655240178108215
f335a74ebbd03d88df22f01b28741705,2,0.9823563694953918
2bb3ea2a73444282597de51bd7660850,10,0.9713772535324097
0be87552b2e078e5798c8e7fdf94a67a,18,0.9335711002349854
12ef3964037516001dfc6c5dfa0d9639,0,0.9798784255981445
78d12897b98d1cba4721078376f563c9,2,0.9826898574829102
2f73e0fe762b696e46c948a836775482,25,0.9143312573432922
83d7daf9d9b8c2802a685bb446689bf5,10,0.9711288213729858
7288bda51cbec8415fe4dcb023fcbeaf,2,0.9824227094650269
9ed1e84e62c403b10ac640c3b4436b66,16,0.9472410082817078
0a7d39ad16c479fd0b2d8de9cad8b66f,8,0.9610051512718201
942cfa7a6699bbcfc292a04ee0dfadd1,8,0.9616310000419617
f9bfdeb570dea52eabcb3e44cc3d0167,2,0.9819334149360657
a8ab08be52a2ff6408d0eda1036b7b28,20,0.9607380032539368
d0d60809e85a5137fd980b0dab5b3d0a,20,0.9607124924659729
2d62659e2b909d33f7f240e38d2b0cc2,2,0.9823900461196899
9eec7d5433925084e8de88c2b8e175de,2,0.9539526104927063
981c5aa8a01aa3c2d0a43e3bae214697,34,0.9264843463897705
5abea72e96d7acdc3d01f6975b58038f,11,0.9611972570419312
445fb78fc8e8b136f549c95e92dd76b6,30,0.9039459824562073
5b269100f3a045d342f87bb065a168c4,5,0.9702808856964111
5ff04be4e6258f110c66403c4d110549,2,0.9826807379722595
cc023124ec789b7d770dff81140df726,16,0.9472373723983765
e718d599f4e4e3112cdcc163070b9e70,5,0.9699862599372864
4060f0076d6683a433fa809fa45f6266,2,0.9820569753646851
75282047e5c403c18a6c6b2d67522aa5,17,0.937868595123291
3534a060963623f1a49dd48f555c0e2b,4,0.9522940516471863
ca443f4f0922747aa45927f62f42dbbe,1,0.9651396870613098
edcdbd7ba4d127c1be985151726fe47f,13,0.9619952440261841
84dd44606138e7622cd0320f9c49913a,25,0.9146431088447571
f6d435cb381d08c624e7ef563fecf0ac,0,0.980614185333252
313b4cc6ecf006363ad6dfd64b1888b2,10,0.9714795351028442
6ef1aef34acdb3c0ba27884646f5740c,2,0.9825429916381836
e13dcb61a65312499a6485d5f9133609,10,0.9708831310272217
e0cc5e990a9390b91e8473abcb6cabf1,11,0.2433243840932846
dc3f83d392f5bc4ed8e08574ad2f71ec,1,0.9651223421096802
6d6e0f0eebab32623d47a63b45780667,10,0.9714918732643127
d7e49e93a9f4bd97d5d28c668f2779d1,1,0.9638519883155823
d52555e2811f5f53f0bf2fcc20c99d79,0,0.9797398447990417
23e30137974e9de575c1df5d46759778,17,0.9373672008514404
eaf4798da187de1f8603bf4e5f45f6eb,7,0.9717508554458618
749e4c043eeb0f142368f4f57b1ca9fe,10,0.971221387386322
b06faa289a10026c5ea3d421fb3c8bfa,2,0.8180090188980103
4ada5300a27a90783a55d68473a2051e,6,0.960155725479126
7a5a4eb33273b92997c802f25ce83c60,8,0.9617052674293518
b9e9566f7a299e6e6640d739374c82ed,2,0.9820922613143921
84b27111b85dbc819b6abdbdb64c94a8,26,0.9266299605369568
74f6e035ee8825a0d9f79114213b846d,11,0.9574767351150513
fd2a0872c14a2df03d7b77671abf8293,11,0.9606615304946899
0ef5d263a5cb21648c09d44261cdd3d6,20,0.9607213735580444
09d0aa80b04f6d2b87c4c04527d8d268,4,0.9521633982658386
8c08ae89f16bdec42181b4d898ba2bef,34,0.9230008125305176
e215aa7b1f3ea74e49ada2a6d521f431,0,0.9805224537849426
56f58061a69c9c6203d0ea8fb16227e7,5,0.9511412978172302
fa2ad28b43296fc38f8bd4c17f156240,34,0.7292273044586182
12e3d3828dff8664e6488addc269dc3b,28,0.8953200578689575
d454f7d4d7ba979dad72b5440b97671c,10,0.9646280407905579
cbaf5137d6a516519f3d173b77c6a968,0,0.9799191951751709
26f051fdf153f65af318f7351df63241,2,0.8512274026870728
5d0daf5a9669b145e7de3bc737e5439d,3,0.9170002937316895
14d0ab3e3a9a2dc54d18ee6b65ea0b6a,24,0.953485369682312
67d9ee9a441fb1fa2f62847609d1e143,10,0.9712689518928528
849d323a638320111fdf749e57686192,7,0.9713336229324341
25d6b5df7c7b5575091ff6b5722c2ac5,2,0.9825913310050964
26f0b52f8a76078ebf78f861a4f69f81,16,0.9472030401229858
bae94b3aaf4254ebb9f397e748fd4522,9,0.9403189420700073
32f8c38886dfae895d0658529a911dba,2,0.9819211363792419
dbcc955dfef978ca1ce14cafeca2d045,4,0.9515253901481628
ef04cb226c1f7a4282e514ab21132470,4,0.8872472047805786
1ed8d96d8340b9134864c15ce5158852,5,0.9703988432884216
d50686c199b286eaca5162a6139a2bc4,11,0.9591548442840576
1f15f66c72dc366fb68d5438019000fe,31,0.8723301291465759
f6b525ca40914115fa4ed4dc7b99c179,2,0.9820636510848999
e4d97c0ff28e6d126b6ea0ec718e2bac,7,0.9712429642677307
6e3f60666cdbce4ea4c9f1918f214ca2,10,0.9713171720504761
7e83afc35f3fbf094f302b4fd377df5c,30,0.8998147249221802
f077a44608898698fe7b985bab3eddf3,6,0.9588685631752014
8fa61e5e3c1f2e3188e853470c0594e8,19,0.9139915704727173
f11ea0841ffd6cbf39b3a9098bfe9f8d,0,0.9803948998451233
7a52c103f6feb9dbe9b18c297490722b,5,0.9705284237861633
bb8b93cd30ce5e0ee32a3c7213408423,0,0.9803755879402161
9f9d0c2f4ee46b210fc30dd3b0fee8ad,10,0.9715496301651001
a386b1fddfadb5929768cb8f627745d2,20,0.9607857465744019
592bba3f0757c3b02ce363c745d7289a,10,0.8649572730064392
1d571238396eddbc792b059cdc0f647f,26,0.9219009280204773
db99b1fe0a35944a67a14c3652bceb67,23,0.9526294469833374
720f20bbd289fe619222922bbb80f9e6,11,0.9607623219490051
c7ee6ba55e222fd72627b348946cc272,5,0.9700289964675903
724c0a5b07dce2de49a4f0bdb2a185d9,2,0.9822185635566711
4d7fa946df4e7a22a487b0431924e959,2,0.9824604392051697
bd555fa4b8feaaa331ec693997789750,0,0.9806715846061707
187d04a0ab74975e79d29d2abd7d4a09,2,0.8675119280815125
6998b9298a1bbced08f712ff735aee74,3,0.9288355112075806
840b09335f721871c26bceb286313221,13,0.9625653624534607
8612a8f51e96e191b44162c6d796a93f,25,0.9144210815429688
27ce0adb326b70f64f873e8561e09652,3,0.9296156167984009
f8c405184617d5e7c9643da7af026053,4,0.9494564533233643
72f233162eee84dd5731ca2456817522,6,0.9604947566986084
abd2950a6087d478ed78536952737843,4,0.466217577457428
2eeb10b6d05b9ff4fe70d25200493ba3,26,0.8984702825546265
0e426de0f383cb20567e3a86b4de9686,13,0.9582444429397583
60b0989bfcd1792587c64a7d7a3d3692,11,0.5688846707344055
81288fc8b0846ee845011e81ebebdac3,0,0.9804512858390808
a15b2e91766e968e20da762e19ceb0e8,20,0.9597727656364441
6656df9771687ba1e3a57fb068bbe58f,10,0.9715860486030579
ab761cc5643b6410d5dde61597ce8956,2,0.9817444682121277
212598e7b8bddda1a2505c9b3095649d,11,0.9611917734146118
2c82009947e5356bcb2ae3c237e6925a,2,0.9828078746795654
f44e87e18caa9472548df42e5f04f3fa,18,0.9337272047996521
24f6cebaa9e219c3a1c5feaceb45a275,9,0.700298011302948
4b781632e29929c72565cfa6d6d2949b,0,0.8856545090675354
0cda6d85d52a0949b55acd3692c5e377,10,0.9558029174804688
51c6b8f67c7a02dec99f2e66f9be1411,0,0.706457257270813
d799bbe9b9e3b0d1d61eaa99da9cdf35,10,0.9713975191116333
3c7c0c75eead3c41b25eefba8435b603,2,0.9826061725616455
66b3a71d48719b8fabc69667cd1810e3,34,0.9259260892868042
152f9bababa8b93c45ffa7426f474dd6,1,0.5717650055885315
5fd9c4fc170cba296294d3e733efb40d,2,0.9826717376708984
c3e4d121bed12ae0568f2e6c00d15116,1,0.960898220539093
6367d8d65cb8f94f31f81e01e0a6c7f4,10,0.9713054895401001
15ad39ccdd41137e8fb2d7719d5fc1b0,10,0.9710516929626465
104e21e92195820ba4fb49172e395c08,8,0.9615614414215088
7e400e1df0acd6579eb7beb334cd889f,0,0.9801152944564819
ae80d8f4134da019cf820ca697c16705,11,0.9612986445426941
843f478c6fd539756461e16b9b1216af,20,0.9605594277381897
90a76264cbfa52f9b74876ce2f3f6964,20,0.9606071710586548
75aa655121946402223611ba471d96f3,1,0.9650126695632935
a45733a768a16345fd7c8f10734ba545,20,0.9604945778846741
7b8b1ba271db5df128be0e6f0e7687b7,10,0.9712050557136536
cbddaf57a191f6b83e03181365880603,8,0.9616705775260925
ccdc62f8ba93a2132e10f5b3cd2e54af,1,0.9654594659805298
b3ac6b2c073abf95f6e44ab6e65e4d3d,7,0.9713175296783447
d94665261076350b467f8458375f457a,2,0.9825814366340637
a395312c2d2559cf51a07570f08d0f61,1,0.9654540419578552
bc09bd1fc8f0bd7ce8bdf8f846df5d5a,2,0.29787677526474
51111d6d13e8c97b79d2cc198e612558,21,0.9352171421051025
1244484ad84aa80437b451281a8dead0,4,0.9391108751296997
6eb075528e001a53b68c18a57392686f,17,0.9400210976600647
055199299f09ae585e12237bb8edbc4f,21,0.9338472485542297
956c542bb12bc729bf2d0067e07bda85,2,0.9827598333358765
7eacd183f9085e29d3ec00e34ce704a5,7,0.9717478156089783
0a66e0f5bd953d55679b8db55b3e080a,0,0.9806159734725952
0e2a6249548fda8b9fce64be72157c36,0,0.980409562587738
977dabf98fff55fb4a5c4120ff34de07,30,0.9044679999351501
5c8fa34e23bb497b5d0782bfb143273a,11,0.8232738971710205
7984b17e25487e518860a73878a3cf96,2,0.9822160005569458
49485bc77f9dfb18277a28ef30d229b3,0,0.9794562458992004
460d4af1243670c57087714f5ae41970,30,0.9049261808395386
d3772e888540f573a084b27dbbeb9d1c,0,0.9806354641914368
cc39c3e3ee600ae1fdaf18777e7f00c4,0,0.9785193800926208
4bdbbde959fcf32df39b9baf0a79d4a3,18,0.9343200922012329
b0ab4f040a473ef28f5df6180a036b8a,23,0.9521296620368958
5286736f3fe3a590fcdbe1f29998e877,23,0.9524905681610107
7ab7652f72d06e9965199ebe7307f30d,5,0.970569372177124
ac671c49c0f7f1658b0c61c4bef927f1,2,0.9791725873947144
6d226b35d5b9874cf7f5bbd61c2e4167,17,0.9394654035568237
f58145165257a872c028e41bfaf5544e,2,0.9766987562179565
27b453e42280ef4044b50201ab54fa2e,17,0.9257189631462097
912cbee22f35494255ac3e77f4927a19,0,0.9807252287864685
3e494bfe68ca718b3114d205c048ba7d,3,0.9276981949806213
c83b6f70736e3286e89ddb3cb90f66f1,25,0.9143901467323303
3e69c81dedc644e1810f6a2e6aa8fb3f,14,0.8933765888214111
2293a62bec6658c68fc49d1c9870f911,8,0.9612529277801514
8d0e29a651a014788fdc5f61b8c04b04,23,0.952260434627533
a2f19da7b6643898a6fecd77ca7e9598,0,0.9805629253387451
67d6cc565b3bb6db140b9d186f6ea52f,11,0.9610670208930969
96dfd449539c4aaec5b82074aa43e5e9,14,0.8981058597564697
5df8c9c169f72558bb7dea8edc3a3958,2,0.9392681121826172
bcde9ab9c9c365a6ed5e89121be3c3c8,0,0.980672299861908
efc0355b302297eb0742c484009970bf,20,0.9607932567596436
f9d7c0047cdc561207738cfb2a086e73,2,0.9826483726501465
c2c53a18539b8ae6d0324a6adbb586cd,5,0.969885528087616
0a29256086fc29ee2753ec5a2145fa01,8,0.9581378698348999
a0a30862cd12371bb0e9939e8f4b42d5,33,0.8499726057052612
e5cdaf3e4f0c6be1b252ce2656c3448d,11,0.9608359336853027
c717766f3d8536fd40ce24d2a169cacb,2,0.982329785823822
f93573b373fc1ab6857812281f3322b2,6,0.9559341669082642
87c1758fc1de158b1bba602ea0f008c5,20,0.9592907428741455
a28f32e5e6d23ac5a7c807df3bda05bd,10,0.646209180355072
91aeb4fc8b4642bdcd7f3c19edafdc9a,2,0.9815489649772644
4d4f45e303d3a25de716de5e7111f697,4,0.9517460465431213
4cdfc04e35ac03ef2a10e085ebf205cd,1,0.9605847597122192
f1be4085a6ca60a9a68275be55c1126a,2,0.9824798107147217
c646cc1f7f1d5289236aa2591cdd7bc4,7,0.9708022475242615
1d5da0c3cac3027258a8d67483b3470a,0,0.9803146123886108
817a77f56a41da0144ea6e83e4a3cb87,2,0.4926466643810272
e48472e768b9b4f51030d4ab60255f4d,6,0.9584097862243652
84db302140a1b1798222fc83dab87761,0,0.9785494208335876
83db2ec0b2557c5fffa66b40ab7ef1ea,2,0.9796802401542664
1d2177f61e2e0f37b62c0652f5f36da8,28,0.8929237723350525
a863d1c011e39ba5b2dabdeef08f2fcf,4,0.9521738886833191
8fe095e01db31d5f670ae020cc2ce951,26,0.9268530011177063
da4c8a84aa74f3d9995c7c0811d4228a,10,0.9714402556419373
53fc5e3293c1a8b11c7a16a7a73c4705,20,0.9607172012329102
b52a65de7887edc6a096a2c6b499d41f,2,0.9827573895454407
ef9aad203914797e1c54bb92ac1b0993,8,0.9614120125770569
3a8785454d6fa03b4d2825ff2f24c7c9,10,0.9709604382514954
d0d286b5b8e3630c9bea9cfc840fe712,4,0.7418834567070007
ee363f4cc0056206ff793cdd57489ddb,2,0.9827268123626709
8ed6153a577fee84f509ef26954604c2,10,0.9709494709968567
812618a65129144c570258dbed4ed82a,10,0.9712913036346436
93a29bd35ae91eb006b9206ed423f3c7,2,0.9826837182044983
c4f8f17bc45d17372b4689a34e217756,0,0.777434766292572
91fe8fdcd3f2cf40f1c22d25c620addd,21,0.9325225353240967
ef47b831f815c524865e4b50c5142aad,10,0.9715139269828796
2dc5f72fd7c092cebe597feaf122ef52,29,0.8917185068130493
24a772ea662d17d8cde5ab6150a1d6e0,10,0.9705760478973389
77e4c5a281a418e8fa7df05862ae4832,28,0.8779822587966919
0102a09f96d0c0c5fd7031fd15e56208,9,0.9401833415031433
e73e4561dc75dd6c5e8cfc352b79779e,23,0.9064750671386719
f888ef87259f781fb3e84e289e0f1438,6,0.9375522136688232
d589c2d9a3d682556311b90bec263d29,4,0.9214239716529846
985f15ffbc8008693faf7543963bfafa,10,0.9714362025260925
89f00d38b097f5a79dea519587d24a5a,10,0.9533509016036987
5be89210293de0ab621c272eeb3afe53,0,0.9803296327590942
ee7dd2712a9f12323d2b692eb7650a45,13,0.9618673920631409
aca10bbfa8914cfa08de55a07848dec5,16,0.9468564987182617
7208e3177b7ae0c4e09ab89c5ea5e3a9,9,0.6983967423439026
32bd0fa40d297f59d60e190e443dacc1,10,0.9715589284896851
e8338e15337cfe953ec8bc19b96f3893,0,0.9806563258171082
c8b03bc749d4225498c041080e9015e0,2,0.982824444770813
9d48a56eec64ea78056f7d0347d9cdda,4,0.9528318643569946
d4e1051aa370b82f4447de5b8c874fc3,23,0.951069712638855
1d1dc73ac2a2c41c6e35a386009ee083,2,0.9826052188873291
cdd4739541db75d58f649ee5b751c9c0,5,0.9698448181152344
d775c91ce904537a08651f3af405a0dd,16,0.9471967220306396
11235d494cef8d3bc3d20b5e58e832c7,7,0.971861720085144
b0a47fccb0c43b41618f72921f5169f8,12,0.9225054979324341
3741e9f64e3669ce9d1d7d99d561cdfe,26,0.9213375449180603
06bed638690329cf56cc6474c1300f4b,23,0.9523388147354126
0772a2b31b13a9826e5d6b23b26aff29,11,0.9613031148910522
ce42743913f99edaf0c1a2c403a7a225,2,0.9824308753013611
6bc967717e09b0712ed13b12b9a54af0,27,0.8881090879440308
b711e921663b16b464dfa020e9df118c,2,0.9795252084732056
b9f03f85feb02754dcd4b4032ae0ae0c,2,0.9820543527603149
b3aef2137e90b5ad3244a2e33bfcf27e,23,0.9457876682281494
c5a1dbb44bb5cdfb1fd90a4939ffa867,7,0.9717284440994263
6608921bc6e2dd9153628b037c1514ba,2,0.9827535152435303
1f73749f89c05638ac4312a07883a2e3,2,0.9825765490531921
9fd211e7a0ec97bfa4b32da576285901,6,0.9602859020233154
c66d19629ac05a02f1693b2e4d247e1e,6,0.9603008031845093
0cc3fd1b15c356a4ab089d2e93c84d62,8,0.9615764021873474
e63ab63d5d51dddb7f84701cb651557a,28,0.8896345496177673
e08e42a0996ef57e169a2b882289c2f5,7,0.9714816212654114
c6583ed5e2dbf3fb6713e90a81783f39,4,0.8202564716339111
f9293b3683dfddd38b33869a6d996286,11,0.944961667060852
0e29ed5877c294039250c84fb40d08ef,0,0.978947639465332
34671efa5e19546ea6571255f352b6f2,31,0.8761259317398071
78299cd727b9b5485cb5e53fad14c013,17,0.9355561137199402
77a0c7ebe9c3f308df5ec4724f0832bf,2,0.9827049374580383
f8ab4ac7e13d3faf3e50884fd7090fba,8,0.9614741206169128
135d2f6b70cee837aed09f33d7dd9141,6,0.46272921562194824
e4c1d6178f4b0962e2bba9645faade71,20,0.960734486579895
b67f1d6105974a6078bb169b4c7c9804,10,0.9709852933883667
283ce28d536c43c57380ef60ff313491,0,0.9804717898368835
7f10a024ed2b1058e844fa8ef673328e,14,0.8809905648231506
da064cd80f83c459a7b893176da6b956,0,0.9804255366325378
a948587d46f27a2186a67ba46a310c0b,10,0.9711215496063232
5939d6e40f90e708428863e5b3b9db62,28,0.8662623167037964
e57c156b532fe1b34172c2dd3de577db,4,0.9526581168174744
e601e227f4ec21d8f1dc173e1438d8da,28,0.89266037940979
ff7acd25f5211cbb0fd7a9b4f0d7b4d5,0,0.9807659387588501
2fbcff1daf956de906b92fa283357480,25,0.9149219393730164
7c8c8e566a6a30541703b467b16b4e4b,10,0.9712114930152893
e6d162b50bbe20d0c8e279c37ad4a65a,5,0.970076322555542
44f88847e4d94af13300e44d8ec2c0ba,18,0.6911855936050415
58feca2b2096a92bb9c86ff4e89a4bad,2,0.9828093647956848
29cd34612db73c12c60b3f7f3a3f2ee2,0,0.9802927374839783
9c612762e7869eb400aa321196f3f3a5,15,0.9523233771324158
2cb57f192da26d935f9c9589af59da2c,2,0.9826207756996155
7de6811fa313bacefffabe940439bbed,1,0.965226948261261
3c9aaeff5458ebce808cd9ecb4ab5672,5,0.9679792523384094
07100311c2c3fb382725d0caf5e2649f,5,0.9703603386878967
63be4b41d5fc522c5f403bde32440a0c,11,0.9602938890457153
5c6c3353ae59ccac2d6ce49f9a71219f,26,0.91339510679245
0642fa98a682d6683e686f5e261eccc9,10,0.9714980721473694
e9148bbc6e2906fce9f5ebe6344cb7d7,6,0.9586641192436218
5e76546a3c113166950ba9b1a66ebe5a,5,0.9702448844909668
f78fbdabf6a3f2b8fd82a4ac3198d612,1,0.9655367136001587
7c3ac6a3b00cb7d4b9e85c0375a8a6e1,10,0.9523915648460388
2044f1f1eb791a21ac96b2ebac6a9bfa,5,0.9701212048530579
35003432dcbb7562190bdfd7936e5c76,2,0.9820407629013062
a6ac4bd75275884bea87601df9d08afe,8,0.9615808129310608
13eff4669dff9d92b42e418b78602581,24,0.9533633589744568
92783063296ab16a7ded8e279c2c9577,5,0.9702569842338562
93531dba47089c93b3e2664a685c2671,0,0.9774776697158813
fbba6a2271ef69bc57f3574a792e81f7,6,0.9601953029632568
6000b57995a19380fa4c5b0affd946a3,7,0.9712135195732117
b852e2b27d8d967646717cad1f7139a6,2,0.9826206564903259
1c0b58652ea5175397100953449d384c,11,0.9609950184822083
60247df641b15ac99e3e81edb4956773,2,0.9825274348258972
b2f3d68ba782248780f6993c3307d71f,8,0.9616280198097229
3f0dc3574a0a8d09ca59c572f187fe0d,2,0.9827665090560913
c0313d792d5aa36ed83efb4ae7d10ce8,11,0.9608364701271057
8c493a53d5ba028185074ad45174553b,7,0.970879316329956
cd6dbfc891d4b7d11ed1c940ace38d19,10,0.9713752269744873
ba9e721424ed86f2757599eead66ad8a,0,0.9804742336273193
4c181c32a91d053db9f962bc17d8cfa3,10,0.971039354801178
9971dad45a2617902a4a2fcab54750bf,10,0.9713506102561951
d006ce4e2b0e2b5de03b37de306960f9,9,0.9403641819953918
c7f03ae54b901ff98604cc7421d84dab,2,0.9824668169021606
2b477891840193102fe498e632474a83,2,0.9819470643997192
d2fb5256e5e42cbdadb70eca35ceafc7,23,0.9526418447494507
7cfcf2aaafb5ecdb59b72ec146e0abfc,2,0.8933815360069275
afc0c54d7b2d758ca50bda6128b6cc33,8,0.9615679383277893
7fcfa75de012647d528d07bec9b623e0,2,0.9827519059181213
a57a676f06304efdace27ff491871d59,27,0.8768183588981628
dfdc91841ae053491c204a498cecec18,21,0.9356017112731934
547821060c1c74f2a9887c7fa387c6f7,5,0.9701325297355652
e24d8b443fc0a63f65afea6d0d92515e,2,0.9827233552932739
902ccedafea94a47c33788a01ab0c065,7,0.971015989780426
9ca7a6b4758738915fdd9825309232f5,4,0.90459805727005
35d2284973cd99af0187662ae01b2380,8,0.9616294503211975
8d963686defee10758b3e9780179a1fc,2,0.9821761250495911
2f7b3fa387bb45c91059b755eb341a23,20,0.9598406553268433
56bdba0c4a4010ab87a960629bdff3f4,5,0.970262348651886
af8e7e8712e7f903b39e89e630cd27f9,15,0.9531273245811462
0b8dead7afa24896c87193dd81b6bd25,6,0.959835946559906
780b595327a78cb8f97b66b57d0d1bae,7,0.9716227650642395
d1a4868d9d03f551416fda289886becc,20,0.9567180275917053
ac7e421c751fc63c959c4b9109067eb4,20,0.9604632258415222
f1c75e23de074dc9caf1f4220e807ec4,2,0.9828181266784668
de791d69d68f3f6bae545e0fefd12b9e,11,0.9611974954605103
25a862cd09cfce9ebf19a86c612d42c4,19,0.916244626045227
ff42fea4d3eb4aed1451122be266b25a,5,0.9109504222869873
9cb9e544d96cb8ee0eac9d9308f778d2,13,0.9564509987831116
a3090a8313adb6194365d9e48baba5c6,20,0.9605017304420471
5d78c6c32ae87c3ed432b82ff2d74c81,10,0.9709893465042114
108095889f21dd4b8a16c7f2c06c3ab3,1,0.9649981260299683
0840915a77e2ba65ecc26fc01cbc3c28,20,0.9590249061584473
a20016308993253e36b52317c7ed8a75,10,0.9713520407676697
9127271cb172ac56cbaae71adac3d0c4,13,0.9606970548629761
1833a60a4617028d8fbe6f5b7d6d20f2,2,0.9828102588653564
aa87d1e32879a0579b14e6617cc3beb8,18,0.933837890625
df9c3c5399d52213bbe18333ea2ec8eb,35,0.9325042963027954
21eb6f3564e6f9f339606787004c8368,12,0.9097289443016052
e224ab5230c14a3d9ce41992b5c65600,11,0.9613634943962097
b2c0d27f84135a5106ab16301971c4d5,2,0.9824428558349609
c706a63b0a04fc85a86f2dc090c6ec70,4,0.9357026815414429
4c01efec2abcdd2ff08fefec0827538a,2,0.9785136580467224
d20929c72fb88b9055a4dbafc8acc8b1,0,0.980402946472168
313cebdea13fc3c8c89ee03f05adf552,2,0.9822063446044922
cac628139352f57868c669c06c03baf5,5,0.9705196619033813
6bfde28efc209c66de69e49226b9e907,21,0.8239838480949402
0fb4d92385047b0d9e51bb8cacec1378,0,0.980093777179718
2ab60ea8be6e7d1b2e8e322b49cfcc8c,5,0.9705595374107361
486defcc95209ea81731091fce7eda8c,4,0.9434059262275696
783067e3773248a092e72fadf5fbfa18,12,0.212333083152771
d139dca1459f0d0c26d60ecbefcd76ac,11,0.9609004259109497
78c4f5ca14046db4839305412de88d09,18,0.8036699891090393
460766d66df87224a88cf66f8e55b1b3,10,0.9712207913398743
af65940136de0f41083d61a4689f0b04,16,0.9460500478744507
f3b9a765c366baea3c26a126e743a3c4,29,0.8905460238456726
41bb90d9bcd1b6a5dbed05437c6b320e,8,0.9610142707824707
2142bc9c2f1c308fcf9c60d268c4035c,0,0.9806908369064331
4015ce48fd8b9a90ad568810edb26d18,2,0.98270183801651
fe29c0990049875ba9029d82e4973628,27,0.8782856464385986
1ecf17c8c3723d40f57cf59c33982f51,11,0.9593930840492249
62028a2bcf3ba3281103266db5f7bfad,7,0.9716956615447998
34c8a3563b2da8b595225a192ecf9e8a,23,0.952527642250061
cce95867555a31e0d651054672325c85,2,0.9819802045822144
9c59e4fcfd06e622246b89599723d017,5,0.969438910484314
322ae57d2507b047d222805a923634b2,2,0.981846272945404
55eb80f67f294dada07d95abc91fbd91,23,0.9525106549263
7fc7b5046664e891348cbddba3af1985,3,0.9290293455123901
d70774a5c8ad1a94fb8a2d6088ac2ae4,24,0.9534695744514465
bf88b22f637b18f02ce43b7716ca9133,5,0.9702732563018799
6a87a7e1729a2b92c75ff26481a59c9c,2,0.9826560020446777
6dfa1d2078fa57bc0ef18cd285d35dad,13,0.9624195098876953
b735d705c746f0bca6d7ceaf31d2f19b,6,0.9016110301017761
6352c806d6e7b0fbe1adcc19147654e5,2,0.9826216697692871
5f26b12f20ac982c59fbbc20d253e31b,11,0.9610124230384827
de7568d9f1e409bcbd7c60a19ad8c813,2,0.9820092916488647
38da454114d0efebddb2aeb37b030294,3,0.9309285879135132
6c014840ee7ac6862dabfb52bbd33835,7,0.9717008471488953
19816135ce73a6b49291d5be23126319,0,0.9807419776916504
12babcf56acbb5d28281e260a4c09eeb,0,0.9796792268753052
6819a2fb1c88fb57572091a8e9e40b88,25,0.9135361909866333
9b4b7bbb896c79f6750b36fd173b78bb,18,0.28748732805252075
56f13bde2acc485504c6ece818f8b02d,28,0.8934081792831421
714618b98c14a29bdd346bb59a25e432,2,0.9809218049049377
bfba1a20aba3448a3929db616809fb87,23,0.9521885514259338
dcbd712c37cc17c9e4cc8cfbc3db7982,0,0.9763052463531494
607d8ba0007a4c31fc386cf273f68c7d,14,0.8932857513427734
5c148ae1427dac7d8c830769f22196ef,10,0.8889485001564026
8e26f7bcce806477e97e77f53fb5990c,0,0.9804927706718445
244e37e2f4ed772315a67b706e977b9a,10,0.9713268876075745
12ad975813ee5e15a59d43e2de4f6bf0,20,0.9606174230575562
1a392aa0a491011a59ae95f659fcd4a0,24,0.950986385345459
652a14fb3d2b236d13cd5e46d2b67cfa,10,0.9713888168334961
44ca6761f70a79a8b0c824835dee7904,8,0.9616934657096863
e777673380d027e8afbfc713e5a1b578,2,0.9737407565116882
b8934e8a85af98ad86b6855ee34e0f03,4,0.5120792388916016
bf140891bd923a2cc482319935e7b67a,0,0.9804352521896362
dd10fb4a4ccf8b4ed152ead82fdb3621,25,0.9138094186782837
59d882ef33ff11a03f2e923edc9095e8,27,0.8813483119010925
462a0ce889c2bae43a70e0ce232cc90b,13,0.9623889923095703
3c7429400f4fb888a5bc694b2703d7b3,10,0.971364438533783
f622556e7f96cacd09f4cde815acc790,5,0.9705579280853271
c49bab6317a8393e550f4c5b11a86526,4,0.951789379119873
94b170ef6c001c4ceadc2c7382545b38,2,0.9707131385803223
3eeb39c7e04b0e661ea043c2bb8caf19,28,0.893627941608429
4455cc3d4ed33c0c8acdf6980ea6b277,15,0.9532712697982788
73e3c0123034d88e4ceef2620d4cad1a,6,0.9599566459655762
062c9717df92564a676af47c3e474c10,10,0.9712730050086975
bc2e80b2ca98c7decd9819b5f5fbec46,9,0.9384464025497437
7dfe563744f67b6e09c682199d20b384,29,0.8940428495407104
ca2901a6bbdf405b74d8ff8fdd3d095d,0,0.9672127366065979
d3c72e9053d3986a186905e7a722b693,8,0.9616373777389526
2529e41722ddc1879612e48c07518802,24,0.9535992741584778
bd401c675c296a6ab05aea741bbbe06f,21,0.936266303062439
7ea643fb4ce8e51e28fca29bc77eef23,2,0.9817742109298706
a6327c796213f0a7d330a168bbaebbc2,13,0.962225615978241
5f985d9d422b66e384250af8b02869ce,0,0.9806519746780396
8c7cf86aef3e21b9c998b851a0b0297e,11,0.8141898512840271
f4dfdf788f82cf7a192cb2237ff78cb0,2,0.9825865030288696
b515050995b08686eec2859b772e1835,10,0.9715114831924438
ec269d50b183d6f2a20c43516ad72b88,24,0.9531075954437256
5e5b03643c6b060894955bb75d71d390,19,0.916564404964447
3e3d436ce23e8f2f9d6543f6dcfafde8,15,0.48867177963256836
aa07ba40f7346465926f1a9334eee5fa,16,0.9464632868766785
82a5d05a09907920fcbf8874e13ff4f2,9,0.9373136758804321
963e1f2bdd45353517e09ac628a08b79,11,0.9611362814903259
d551a71c059c329d074759a7e0cd62a3,5,0.9703364372253418
4aa91e1ab96ae05d81b3a2a2268a1233,0,0.9796059727668762
c32c1455a486b0451e77a219d5391ddc,2,0.9821820855140686
d9bc516f07c28dec4de0b38d2f35aa58,20,0.9606522917747498
26fef3dac682e7388c74042dbd3ff551,4,0.9515804648399353
0107d01141f9f808ed5c1b24c9c5f320,2,0.9827552437782288
a2e9bdc2fc15c449c07ff1d38b7a5c3a,2,0.9822960495948792
f4d7199f4e49d85e4ac7233e672196bb,6,0.9560006856918335
d789cc57ccb015b1d8f3bca020cdf1e8,2,0.9779964685440063
26983f08fceff776baac9543676cc91e,1,0.965622067451477
969c17fda6a866b4c7cc032a18440581,26,0.9165619015693665
9f9e26d303dc6471c207306c3ae47a7e,10,0.9709375500679016
1b71ea911abd0c36dd474ddee9925a00,21,0.9360764622688293
515acc68976d1850bb5afc8749d4a834,11,0.9609445929527283
44dbe0d1cd6d5c37e55f325ed3766fd3,19,0.9152622222900391
2e517b8417abb98bd9c44469475397f3,10,0.9713624119758606
65cc61b57a016c3f8336ab8e9d1d2d18,21,0.9334458112716675
3409c62c052685d9378ce5560234e538,11,0.9605514407157898
cc024c4e4ff19b78a461d79b3bd86d6a,0,0.9806726574897766
beb5f7a1ca26ce4cc27a2a93707e5f6f,0,0.9804496765136719
69fe491f4dc30d0cc88ab3fa65882c57,20,0.9587004780769348
9683cce2a9a1a6010167865205a32d82,20,0.9574725031852722
a9c72a8e02869cbea21a6d41ebe81d3a,1,0.9653812646865845
5d7648ac096e41736c43c0ee1bb85c6a,5,0.9704177975654602
d75cedf84a00760cce03278e4fcf17bb,2,0.9827956557273865
1d5c45dd6f82ff65de63425c8d9c0b51,5,0.9703932404518127
44cd58a1ccafe64116a9798bf4d6216c,6,0.9602523446083069
f5a9840acf1ea83a06c31167c8bf1e6b,5,0.9703872799873352
8ad7413ac3329bd64c2c8f49f2054e36,18,0.9332011938095093
5f39d4a5d4055d24f858f47abca0484b,11,0.9531022310256958
dd3937da477c2b26fd716c7602cd804a,7,0.9717626571655273
eac4758d2fd9cad34eb9bf8d2354fe86,21,0.9064234495162964
1171364037e281e2735466791fd3731d,26,0.9271138906478882
ab6b6a41dabb2fe23f1cca80579fa3b1,11,0.9609509706497192
ec1d10979aceda58bb6da177bd8c8733,0,0.980515718460083
9b7cf154ef7175945eb5daf85b2ae37b,2,0.982761800289154
93dc5503f7d82619441d2a550250cbb7,19,0.9164010882377625
c1f86d8727e473ed08650682a5e7a52a,3,0.9324295520782471
af9bec5e4d54d8b55d3747de8d852975,2,0.9827269315719604
9cdd85b309b29dfd014c91cb503ff17d,6,0.9607888460159302
f9c86ace10a7515d8c49be95d0983107,10,0.9711435437202454
8fd34c09ce5e6894935e4ed6e2c29ed6,31,0.8769257068634033
89c04c2d1d2607111a13c7176f8a8e86,13,0.9626848101615906
91e08aa76d4fd99fdb6f0df01d8b889e,2,0.9828507900238037
b710a1d249779f5786c705fcc3fed588,8,0.9616333842277527
62e8742fc51e54a2b9556e29dd036c96,10,0.9714405536651611
ba3314f5a8a6e371a090795db944b9f3,14,0.8972963094711304
c4f0b5d4d2592bd6e04f7e56067cdf43,6,0.9585029482841492
5aa6a08011d4f5cfbb2eecfd4de48d93,6,0.9605284333229065
8928fcef7ea892dc0ba3961111c30a6a,2,0.9826540350914001
24a031de35103b54467504f071696c44,10,0.970663845539093
38c1f25e0af04bc72fa90c90ed6587eb,2,0.9826799631118774
36433ab26ddfca9931425e544a7c98da,7,0.971595823764801
4c90b893f6bc4019103a2a2db2e14a3c,17,0.9392443299293518
eb1ebd5c09aeb2ecd4bd0ca501dcac0e,13,0.9618390202522278
be0d9853ff9ce1de7c00ddafc47099cf,10,0.9712308049201965
8efc4d65b05c12b8b56108959ef9d0ba,11,0.9589415788650513
879d7dd984b2f24b5cbee3182f1aa0cd,23,0.9525315165519714
c9a91ae356102cb6f229c429608c12dd,8,0.961570143699646
af020a01f7a55aced53867aa3b7667cd,2,0.9826437830924988
7bb24b1744a4c3789d21f0adb40ef7fd,7,0.9718776345252991
185ad66859e6afc0d705e82b88c823ec,10,0.9714465737342834
e991f38a3ee5e2c7dcf8361e9e998aa0,2,0.9827387928962708
cef6c2c1512b9f7253ffa0303415362c,13,0.8956230878829956
7495ba17d4a0f7982b57733b29f71dc2,27,0.8786749839782715
1a8bc6a02e2130ebedd9f7e573a96917,23,0.9525249600410461
9535b9a8b7c64b81dbc236ab0834cae6,16,0.9460546374320984
a060a210e933524b4f60f98a90eb7059,25,0.9143398404121399
53ca87a5e0cd7e6d68c9a35e6d03c422,2,0.9790727496147156
bd9500e05dc95583997f545aa491ee4c,2,0.9827590584754944
449cd06bfe2d9788a2d7ee9ba53335bc,2,0.9824230670928955
c04a64f1aa35f8f765f31a3abff0d7e6,2,0.9827940464019775
33e5bee97973be4a5be7873f9d1a44a9,11,0.9564931988716125
f665e49cc793a70b69aa9b7cf747f727,2,0.9826159477233887
f4f8b48ca0c207c7eb2eb6058843db3a,21,0.9344589114189148
be776a9bf280cbdbc581f47f0b328ad7,29,0.8927181363105774
e22d6819d3b4320e681bac0dec8a68b4,4,0.7653424739837646
f616223fe4d8d7ad6a5761864c05035e,0,0.9789366722106934
b74fd6825284387c3166a3604b865096,24,0.33369147777557373
104d00556bad9f8ed9f6bb23396efa2d,8,0.9609754085540771
fd2c93f5239d95efa5d35e0cac93b32d,1,0.9647676944732666
8d140590f0a0fbd558583a67e8508d3d,15,0.9521434903144836
8bfa47aa1c1bd61241497157eef623eb,15,0.9500109553337097
622fc8122fecfc93087b416fe65ac7fa,2,0.9642355442047119
2a12bec25e3bc0ac7d52c52d87671693,6,0.9603212475776672
dedc079fa70058496cfdfccfba3baa9c,13,0.9601368308067322
743380742d3639a2cb64d631727264c0,13,0.9613031148910522
c65ee9904855411bd2cf86a88ae29925,5,0.9706963300704956
2b7e0d331dbb20c0887973165fe59ce1,5,0.9704669713973999
4bb92333f62874f5d209a825f829f76c,18,0.9335348606109619
f0ea2378b6594906d523d7d35ee2ffa5,8,0.9617087244987488
153b742d792461a3bcfb151cbddf8c97,10,0.9714362025260925
b2998e198f30b302c00335059c04c863,23,0.9525418877601624
46a9348437ded511d29c16926c85306e,5,0.9704116582870483
f15ff0da5bf12ebb616296e571740eef,2,0.9815102815628052
d812f67181dcf7e0c2a6d99fb753a074,5,0.9705007672309875
2e90d85546ac3d05d9c2f5eb9b1f5775,5,0.39742791652679443
3847d6604304cdeeca105b096b80ddcd,20,0.9607321619987488
0e83657e261352c00c51d22beb65ccb2,21,0.9304602146148682
5b958b2e0b11901dfa86cab6cba37229,33,0.8538307547569275
97aec1dc4c0e09cdf2f1f9b6ff0ce4a7,7,0.9718164801597595
fd76395e8eb09e5af96142de9b1664c7,1,0.9651175737380981
9a671753860c88080db7541a6b4b40d4,30,0.9042144417762756
254812e4f4c0e000bc9fbc4036386363,10,0.9712029099464417
ff97dcd250841d0570a656c27c222395,0,0.9804767370223999
d3d270ded03e8cd35932cb3b944dbbfb,7,0.9718776941299438
26aa4ea83a829ffef557f0653913984e,8,0.9616080522537231
3c451eb183cc4b9d115034791ffff7a1,7,0.9718018174171448
5197321c10c280eb70b5e10f3dfe42d7,2,0.9825223684310913
1b40cd501c47074cbd82d087c759ea2c,1,0.9656146168708801
83396d009be2423c5be4073b4a8b3a59,8,0.9615638256072998
c1289c450e2c860526d309b383fd9349,29,0.8930099606513977
be30f9f90be1c5c69b2e7a1e4e1b623d,0,0.9806306958198547
9efe81f9c7196cd59b7b5b97a0679276,35,0.9334158301353455
f318acd4fda242d9a10f04e5758ab49d,0,0.9798301458358765
79e7b57a963a512a90527f4f1c04690a,0,0.9803546071052551
41fcd91cf445c81cfae7cdff531607f7,4,0.9333425164222717
dbaf6c8e93988b8ecf1b85a141949393,1,0.964975118637085
f63e1cfa990d5ab289fb90cd72860861,16,0.9452958106994629
6e1dc72bde1ec517ce6e7ea04c2cf4f3,0,0.9449633359909058
24971e9f4e7813b6677cd49b2889732f,6,0.959771990776062
b0b329a5a1f4757b76d3e514f368ba23,4,0.9525119662284851
16937841ae55e97757659fddcbcf2291,0,0.9806644916534424
2fa597e5f6fe5c48d39a14c679f77096,0,0.9803756475448608
db1afac022941534bbf70b21801ea39d,21,0.9322007298469543
51bcdaa4854bb482769cf764c58d2b04,19,0.9156062006950378
6877da817c2fcb9a0229f6351d2f7b6b,2,0.9825664758682251
5d8830bd3e14ceb6e4a55c23c198016f,20,0.9601847529411316
398d567f67f84da506c5d24da50bdd56,21,0.9220482707023621
5f68bc7775c3731ef80938fc4e41c666,12,0.9213429093360901
9b8121db4286adf7be4b507ede15577e,31,0.8763695955276489
0d2c124d9f2efc3a00481d1f5bc5a954,20,0.9606991410255432
30ac378d474151ebaa26f5c46a9eae99,2,0.9825050830841064
b909118fcd0efa29f8827b884054d028,12,0.9201909303665161
431709533a6341d7e4b3030d134d5dd6,5,0.9700994491577148
397e4f024bed9f346078fdfcf31ff8c8,24,0.9533971548080444
13cc0ea7e63dd02c1177c2f8be2216ee,5,0.9703658223152161
50869c326958d6a1f97f5c86b6b224fb,6,0.9596453905105591
c74ac199317c3883c91d1113623e4929,2,0.9825736880302429
ab6f2b324786cc1fe3204b8d6d0e402a,2,0.9827991127967834
19d2c5df76fc934f98f3323e576f7bcb,4,0.9522864818572998
a55260e45a910f05e9c9ca05f04d12a0,13,0.9623313546180725
d93977c2541a7c0a9b54e5d217d02548,5,0.9704081416130066
ea676f8f75363d8d4410ad504fc3a5c2,9,0.9378573894500732
be99e44df85bd3a48a71f312adbe13ce,11,0.9606448411941528
eecd579cd3241dc4513bc27a3afc1a9e,15,0.9526866674423218
790713669a547114e817faf33b3a9a87,7,0.9552270174026489
6fcc057956a1f1f1632e38fe5494dafb,28,0.8934399485588074
58868d7333669bf6c08962b914534c9c,10,0.9710943102836609
b42eba312ed2f29281001a11ad161479,8,0.9616363644599915
9b7f822de7b5a8081114d3cde6e6cc6c,29,0.8895832300186157
07b9a50026fa29d3038bd6941e746702,1,0.9652079939842224
fe90258f0249ae98bae4ffe5ce60b4e6,13,0.9621052145957947
f617968a899f2727466f2fcd09f34a33,15,0.9519466161727905
db7bc2c856ce1aa8bb0cc3c517c016ce,20,0.9606945514678955
7cad4327643db2656253d05fc4f4a8bb,0,0.9807608127593994
a4be6065b53c4c4c19bb95b47a5dc427,2,0.9817385077476501
52511c6e79c3a8e32a34fcdf0d6a5bd0,10,0.9714488983154297
160f18c68142d43e55dc3f13e84590da,11,0.9607983231544495
091bafcfdb6150bc906c491d0e25f8f7,2,0.9824070930480957
bbec56f3e81442822fd602241e895d3f,2,0.9826564788818359
5a198468372b6445c4ff815b57a3a77b,0,0.4154764413833618
e005683923354eb7a947ff6118e4a0a7,7,0.9717729091644287
adbcb72ad57ff47b14342c6a0f715618,5,0.9557665586471558
ea538388dde457579169db3a54249d85,2,0.9822764992713928
c4fb6852c4ecab00c383e8783427f935,2,0.9824782013893127
b944c1d290d3b14122ec1c7a786e6d1e,26,0.9250527620315552
7188abafb80fb4b9fe37356dd6fc14f0,25,0.8646392226219177
33154e6dc0f67a78b7e6592446e0c796,2,0.9828040599822998
016f517ecb2df7935a3454c2c989c735,15,0.23119322955608368
b4572eddfa88a5ed538f2ab984955d8b,18,0.9340871572494507
b23e9ae8b05d4be9414d329d7b84c8c1,31,0.8752427101135254
290110e055f338c107f8bf5806e6c9b0,20,0.9605674743652344
829464d4cb5fca9c568f349700d04afe,2,0.966124951839447
c37ab5da664cfbbcc26686c34e00f4ef,11,0.9576661586761475
4ae0567709d88aaa5febb9b10c122f6e,23,0.9523258805274963
00a339471e51e9987747f2bc07162048,4,0.9520074725151062
a857808d0ab81217cbfd13641a37e382,19,0.9152123928070068
f75275c95c29607c6190b1c069b019ec,28,0.4761081337928772
be7047a78461a4b395d62a72ac06215f,1,0.9628289937973022
a433f8aac330b0f9e4e7a25657f9f524,21,0.8038284778594971
14e50a5379c98d3b58b73f3103102f3e,10,0.9713960289955139
67fbcd24f15a91401a16c070397bd2e9,10,0.9713612794876099
6fbe7d321908d37a4a0d2902faa1c61c,4,0.9513340592384338
0064f7f05df0d5a356a78d18690d318d,2,0.9827797412872314
0c01beb53b19127172928c9c1f4e3d6a,11,0.9610957503318787
d8c7b167a4e350b3cceebb94f1f7e447,11,0.9610986113548279
91db1c109b371a0d5a16a2590f710af5,8,0.9612312912940979
ef80021b3b02e4d70204f54d3e03eeb9,20,0.9607576727867126
8ab9f0490ca9496ba50389a3ea6c08a8,13,0.9620813727378845
ac56b2c8108abf631d2b2580e49895b2,11,0.9571171998977661
808b8e30d8b811338978c975b0eebf7a,11,0.9609116911888123
6d6a0244b77ba038b0bf6ed1c73923b0,7,0.9711758494377136
619282373604cf21cbb294d9348bb8c1,17,0.9366227388381958
bb6b226172d47b823fc5bfdd6fb7c562,23,0.9286571145057678
41721b30715ab3326a7abd4272929062,7,0.467442125082016
b94d7577e4566531467145159b4000c2,10,0.9713637232780457
8be37847166b165e181508bbb7a8780a,6,0.9607338309288025
1af16c5f532f838a6561e010abfb5ce2,11,0.9604887366294861
742a46c985d3f6cb95e0251b4e9b7bdd,6,0.9603508710861206
e8ba963c0cea9b93133c81af933af20b,11,0.961139440536499
769221bde531587a757d5c2fc3100db3,0,0.980672299861908
9abf294e9667c47b9fe0a189c4d4bf99,5,0.9700860977172852
f6dedad5d050d8c3f77922d250d93012,11,0.5292674899101257
22111c000847a2daeee6130ada89f128,28,0.73089599609375
f0d0747d985554696c48f315e997965b,4,0.9518875479698181
648f91e3d948c52944e5f36c5154e8db,1,0.7221598625183105
05a9a054da949ee89e0381b45b60dcbf,11,0.9609829783439636
69917879d1800401bc03781639da4e49,0,0.9586555361747742
cf9fbeb366e11874b2643863bef89ed1,1,0.9654679298400879
717b7d65d18bf5453b59db9aea6796da,5,0.9702403545379639
786996e4c5f9fde4495fd4aa22f48738,2,0.9825069308280945
d1012ef23b865d6147210083c917a462,30,0.8950650691986084
78ae824d3fcabe395685d4893409f68f,21,0.9334842562675476
d1576823d2a8044141ecd460600f2330,0,0.9793640971183777
e339d01e7d71a713d83770e5acefa45d,18,0.9338624477386475
1eaa35e8a3a332e3639c066476ab0db0,6,0.9606042504310608
bf1d2e58b8f345132acd92bd69c54f0a,0,0.9793317317962646
2e947c2b9742941b83f42073aec8b367,16,0.9468839764595032
4bb686195e2d1301d3546b2ad4112bc4,5,0.9704924821853638
0e8fd818c5e49a196c62efac4c420989,7,0.9715094566345215
560729c0cfa614e1eb8a6c8dec47a234,0,0.9805771708488464
1b16d766c1726401b93587c58b68225e,3,0.9326977729797363
7c0be239a77acec3fcdd884fc7091319,10,0.9714186191558838
489dc501118571789a3d4a2cf33b4b0c,30,0.9061158895492554
61dae3664c46266c50cfae1f4ff18f8d,2,0.967801570892334
cc332560fcd71af2d18a296279d488b2,6,0.9599955081939697
01ce503ad6f8bff15ea8d7eb168fe2b2,0,0.9806236624717712
2450929b8e0834ae5b87bdfae75b77c0,5,0.9703555107116699
e904ac12aa371068e611799e3b95b851,2,0.9826399683952332
48fce42b10619cd813f2d99c707be8ea,10,0.971421480178833
c658ac64662dd425898fe9e4c3a4623f,1,0.965596079826355
d0fdf021cb14d37e84201daf5fa45eb4,15,0.951701283454895
f89a2c645464ac1a71ed6dcaa4cd9841,7,0.9719097018241882
069ab668638026318fc986f298d829f3,2,0.978404700756073
172cae158aaa28c8c54b7e25f1f81476,27,0.8823169469833374
9b6534ecd05a44a891815b32eeb55c0e,1,0.9652350544929504
cc96b04c3b29b10bb1991b7bc8f5366d,0,0.980529248714447
47479a2aff9eb7f0c5910b62ea09f6cd,3,0.9328180551528931
473f52481137a53285ce1caa31fcaa59,8,0.9616092443466187
d3938ee2a001c0557cb0dd35c0b74cec,31,0.8764575123786926
2147a9844889b3b11c6421d03a95995d,2,0.9826986789703369
ac9fe952e75ddf87ad43ec4362919b9d,33,0.8541494011878967
5aad873106bca18f51520d0ccf4c2d11,2,0.9827479720115662
aaf2b4321e997900bdaf35ad5ae5cd08,11,0.9615434408187866
88e5e9c295db968f4267f6e19dc5140e,2,0.8910812735557556
f16cbd1657d8e4d31b23eb9275ef3fa7,2,0.9810633659362793
6244ee784c563e36462492fe8fced8fe,7,0.971724271774292
698d7e0f52baf89566db8258a17aa958,0,0.9806066155433655
ec2b6e7af27ad2eb0ebf2992d1c12265,0,0.9775840640068054
ac09a28beeab12c84964238417519887,19,0.904502272605896
2954cd6fac81dfb8c882ab8bf3b23eff,11,0.9606392979621887
efb181b7b47b8c3f8db6f6e5f6542179,7,0.9700767993927002
1d52f77918a9fe9419741dd5370423bf,2,0.9803305268287659
a3608df209a576f229da7488c6a58cbe,34,0.9246054887771606
f3bdf6a874ae57031e1d1b1a07fbf2be,26,0.7973539233207703
c808ec5faae595d554717c4c85df83e2,2,0.9823850989341736
4e79480da7e93072a5d04cf6be1a3199,20,0.9605713486671448
0e17c0b79083ad0da12e2dffe3503c13,2,0.505040168762207
5677ffe4731e184d0891032eeef011bb,1,0.9552177786827087
8c7f9a27d0790571efc8f27b5229227e,10,0.9713473320007324
bf9597b571ed954b2533edf4b51ba68a,6,0.9598557949066162
59d455232ee0d8743994c75271b86685,0,0.9802889227867126
b62dce544f7fadd6ffdb00abc289a942,11,0.45326364040374756
22f1aac37db4e835a0d9e2ddde7a3411,8,0.9615144729614258
a664226e8c216241b6e622b7638cf2d4,9,0.9323641657829285
1a4dde9c063ed2f643d6bffcf8f7bb42,23,0.9515995383262634
556d1ccb82010d06d3451456bb01d552,5,0.9704862833023071
62647469bd7ce4196fa883bb08275f88,7,0.9711573123931885
e8ef5edd68944216120eba8da6537600,8,0.9591386318206787
0b3f378fa8cf3d4afaca503b820f7e7a,11,0.9611325263977051
27f4979b808c0c1f7c6d1e8cbaf4ba5e,2,0.9820693135261536
5467c3f9ee61a8259535a35f0a99bd86,20,0.9606702327728271
11e7e3f46c06841c669ea1f8b7d85aa3,9,0.9397332668304443
085d554dd3799263130aea5839b6539f,10,0.9711435437202454
894c24bc377a447afec29dfdc090e59a,34,0.9236405491828918
e52a4ad94ce31357de28ab35be1acb37,26,0.9270203709602356
c9ed0e7459a4145928afba27b4ababae,7,0.9712039232254028
f77883b7650e1284843c3950c8303222,11,0.960898220539093
b5e730861b71df2f90daeea91b1e3bb7,24,0.9485164284706116
896fca87378cdb1348fa00e592467f75,23,0.2749564051628113
f1c48990d783f21d2fc50cbac929e2fe,5,0.9704327583312988
e3a1bb22a4ee581c0be9d609419a1145,27,0.8837328553199768
27d5cdea4e7324dd4c27319dc2c3b165,3,0.9327133297920227
6c2d1de7665cc075e4c8dca066abd5c7,23,0.9525713324546814
e5aecc5e92a94454e7ead87f75d23129,11,0.9609353542327881
560464a646375d69002e26a2da1548ce,2,0.9827379584312439
433bff7d0743194ec4746fb14b7165f5,10,0.9708836078643799
d08480f56ee07776eb113179c42dadd0,2,0.9827272295951843
59267605da01e6017f0deb8de6c66113,26,0.9245983362197876
1b813df92dbee46d909ee11e9edeee1b,2,0.9826990365982056
9014f74b459d594cdb7484fef1646313,13,0.962417483329773
5fe9a1caa645dff3f8a78f9192a90e1f,26,0.9247876405715942
7e6df35d2fe676dfc58ba74c648fd135,2,0.9806414246559143
79c72d30a50524821214f40a73848c4c,8,0.96158766746521
ea2e4595d1d8ab3a29b16004ba403a50,11,0.9613941311836243
6a45417354a0241b731bdc87f682a2de,7,0.9707741737365723
0ebfeb4ca085638140e79755ddc66a56,11,0.9601948857307434
09f5bf0ae0867192ae8351b824d9ffbf,11,0.9612014889717102
88ed2e95a2cd890d2a982704aa52e67a,11,0.9613315463066101
8208dbd62cc728a7421f53a8291d02f5,10,0.9673038721084595
76e4dccef515f98a79a85f4c269128bc,3,0.9316473007202148
09540484fe499e9b2fc685800ddf1125,29,0.8907646536827087
2bd0279e457686fe0c30b3a6b4c9dcd7,7,0.971367359161377
f64291395e469f648ba9afdf837d361e,20,0.9606677293777466
8dc8b91842b0d13629d9e5fabab305ec,0,0.9805024266242981
1f543a364582112e304f6c692a735489,4,0.952366054058075
84d8cd4aefac0d10ac60552f2e2e5e9c,4,0.9522110223770142
f9c607f5129742fc359c0f408118f6fd,8,0.9587361812591553
25ec0e8a73032610b10f7592c104b2a6,13,0.9625447392463684
2946d6f9d17590ebcdda985ef457a3f5,10,0.970349133014679
51791bce8102667671f1b9211e14c25b,26,0.925422191619873
78a124c49a5c07b15f7a08de9e2ba350,16,0.9460172057151794
70dc0a3781299d1e16ea2ad1f9d07694,12,0.9224526286125183
2c4008bc6c279590f310d31766918bd6,2,0.9823058247566223
bfe5ece61ab4a103257860269f36dd94,10,0.9714511632919312
03b299f64f449e5b5bf18a11173b3825,0,0.9806637167930603
022b7aa78453c3e5c470f0cec9760f55,29,0.8932391405105591
5693fe09d288bd6a9c85157f1efacc65,15,0.9518865942955017
9cd4a71e40d8b9222eb92df34a03757b,7,0.971687376499176
f9a9648a0b9e751fbdcfe30ac4a64e44,25,0.9155112504959106
a9b4a0fe714c38ca4e9444c7086af49d,31,0.8760933876037598
d7fd3c385e3e2358977a9e63dc6e7ba0,5,0.9705089926719666
955f7a36db886c7dd38a5ad086f506d7,2,0.9825578331947327
5d7733163200876134bfbb9ae75e8caa,5,0.970276951789856
cee776f64b6db350f8c51bb943dc0f8a,6,0.9576818346977234
c432544c24d948fbe61e2711f4b405f2,20,0.9590914249420166
818f94d80bd9a2ebcf2d46160a651dd1,2,0.9827883839607239
598a10e7438ac3fc8ad5457ee3fa2a42,2,0.9827712178230286
f3b9accc6f42da2cabdfe87f604f3910,7,0.9706301689147949
579656b2f28ae26c32d094dfe8e70f72,20,0.9607895016670227
642158022d7a20347099badeb081020e,11,0.9598885178565979
7bef1ffe8eae368a2b6c1672985aa566,6,0.9576354622840881
03f5146ddb0a25f5685684ef60e48169,33,0.8541873097419739
dba028171fa6d671d453984701d76cbc,11,0.960296094417572
24dd6fd6f9dbcb0811a2a6749c08bb46,13,0.9362754821777344
27728cf4a57f1dd01cf0608553fa4305,2,0.9827175736427307
c78ff513a5334e2a6c18af95b2c606e9,0,0.9802129864692688
6aab64f302e05a2225b028a0518b0b53,9,0.9312973618507385
5563482fc905ed47e51020b3a20402da,13,0.9625714421272278
5e7059f16e889ae9ead6533018c496e5,2,0.9827551245689392
429b6813562fe89b26955084cd8199d2,2,0.9826810956001282
ec02217ab429bbc639027887352189f1,6,0.9600847363471985
94bac34f1f34d554ca7c7086f9de83f3,0,0.9805817008018494
bdbad51f5f983b1ce3116eca5f0ce09e,5,0.9704318642616272
10532a32b152031bc20aaec1b9ea683e,24,0.9534541964530945
db981cbfcc9bda2a98c2e60958467d7f,2,0.982754647731781
33f4eefa49aa8e3813675c44817f0cb4,20,0.9595219492912292
729f5e07a72f735b248898ac5c9373f7,17,0.9370710849761963
545ecfc1ad8e96e2d9b5bb3c711ccd31,7,0.9717292189598083
f1cb121fcf06a5ce63f454c8094eb2c2,10,0.9715094566345215
f1cff14ec1af159cefbe6cd276cdd096,2,0.9646280407905579
bc607be0ab840f331d47bafa74b40662,26,0.9272053837776184
82fa220ec0dea0fd2a828299d803079b,0,0.9802619218826294
8428070157876a9a4350a26d6b41d76d,7,0.971863865852356
1575d6f034cbcf8b7bf4c5bb474686f1,10,0.9713800549507141
649b1cc839ed9517c7471ad0adc10ac7,11,0.9602866172790527
ba72ed2f3f720e44aad10261e7273584,13,0.9594600200653076
aa77cb69ac20596ac9a65e51652f82b3,3,0.9317516684532166
c73637f82848527f0642ef60822e17b7,9,0.9403294920921326
817b391cc2c2281bd0741d0705ae0a26,10,0.9707624912261963
6aa61cca9f03098397578821a83f7d0e,0,0.9807258248329163
24e3bb4a23d1b6f104dfe5b9172d15d5,11,0.959628164768219
1e1499d5376c1f1fced363b22d6e8721,11,0.9610836505889893
ecbf0a74caa2a095e6bd45abd8760f5e,7,0.9707089066505432
0663d889578d07716e93c13d9fa80a05,30,0.8024011850357056
43869f353b41ae322078585343709485,5,0.9704804420471191
83d3dd694a27380a9a8a00485da3afa0,10,0.9713781476020813
25b2d3a805081775ce51820d3d9c7cc4,5,0.9659309387207031
d788724a428d194a8b32bf66d66fa5f5,1,0.965613842010498
24ab705e7ca1fea307efb9b20510748d,26,0.9224541187286377
b8e6d151b5f0318e153ee5cd9a23fe14,0,0.9805961847305298
1260b84638875148190588de013602b2,2,0.982337236404419
bf8bd289d7072bbf1c82a15d8540ac1f,2,0.9825330972671509
dc30c1cec2dbc94f80fc3f18b05badba,15,0.9480347633361816
250d535886dd486f2e8a7e343eb27faf,18,0.9332444667816162
69584b5b0545c4bb5f2bc327653b9053,10,0.9713404774665833
2c9b06c0b509245d2efc0e611b0df7b7,0,0.9807104468345642
8da483d18b8173dad3e6568f4ad4d567,15,0.9148702025413513
cdc7875c7833e9c651ab25430522d63f,5,0.9703817963600159
3ad1d25a9b0e4b6bdbc4a10788049dd3,15,0.95215904712677
b74bfb60671b95dfd0511125ac293194,17,0.9388251304626465
d95e4327aeee3c697647ad1421f1817e,6,0.9603408575057983
c279199405747799a37ac7f9b60e6cea,18,0.9319984912872314
5da3bb1a27a6dfbb58eff3e3725533b1,20,0.9561556577682495
6c6805f089afe724153f6e675d5357a4,15,0.951604425907135
6ebe55ff3d1366206412187d0fd305a6,2,0.9823299050331116
843049d97d6d766db9afc60d7f984d96,26,0.9257252812385559
3ed656852d15e7d4b6567eadc0067048,21,0.928101658821106
c9b84450cceac41c16b3c4c189ab0ab1,26,0.7562409043312073
1b59c517b18147cec2d1b142cd1e25e0,1,0.9655133485794067
30be93903c581374fa28c43bbf2f3958,11,0.9609715342521667
b9f3148f704a55049dfbf69dc9eafe12,3,0.9329182505607605
27770f42dcc2736d4a67fa1c672137f9,6,0.9565541744232178
85b8102116788bed870e4c29c3f04549,7,0.9719240069389343
e0e7840f0d2a9041eab1ab6c6b8f2e17,2,0.9824535846710205
8b31377f8925eb86e8b4ef827af686de,11,0.9602828025817871
d3b0994bef1928574654f9d6d75115d8,0,0.9806510806083679
c1c859d2b55069c9738b640798d99a6d,2,0.9824432134628296
c05decea4313406a87c01d667d442773,20,0.9605004191398621
7f94be2aba50677659ea33c5c65da7cd,0,0.979498565196991
a2e6f270bf9db1b1bb1f6f5b5f5588a7,0,0.9778724908828735
3ebd817f12f492bc4fa68981cfb98c55,1,0.9652494192123413
a5f4c623c3143edc4b4a2218a5ad437b,1,0.965303361415863
10a12f61f1b3f66af2dc60059c5080e5,7,0.9710086584091187
cdf5116f5057d859bad90b83fa913e0e,8,0.9616450667381287
49ebdb908bad0e7434859e0bac97d26d,5,0.9630845785140991
ff5410d5bedcdfde4732ae9de4af8af8,13,0.9622960686683655
8dafd61b3776a103429f359269947047,8,0.9614322781562805
c252044855ec26908b32ea87e24d8a70,15,0.9523458480834961
daaf6f5c85e19466a83dd3cb3bd5b17d,0,0.9802796840667725
c1dc2f12073f81ae31a161d6cae20abb,7,0.971561849117279
925658cc6c7cceb531a0d4c5e29adb5e,2,0.9817282557487488
e732d8681e4feecce4ee43bd46cdf771,24,0.9532400965690613
ec05298a4ef6a8076e04b5e407e50529,3,0.6676377654075623
73ea1d734595938759e8161bdf5ae653,0,0.9787600636482239
459429b7fe5899994e8f8e3a5334da89,11,0.9602996110916138
e63b48a4c45399bbd07bb61f84abcbdd,4,0.9503947496414185
f9be938d9bdcc62222eb57b0d854bb30,24,0.9534574151039124
3848d398fa5927ca2375df53cbe2b5a3,10,0.9698328375816345
53331b20f98c4b78e49e93edabd770e8,11,0.9611902236938477
c7b6c4d1476fa3ec1921da34e6850016,5,0.97006756067276
efb541acbac83caa4ba23e15fa70eccd,24,0.9529187083244324
e56b29bacb144a203b12e660c94fa0cf,13,0.9596720933914185
fdd30480212648fa77562da497d79cc6,2,0.9827278256416321
1f04e791bf74dcf559fe5edf5d8e0328,17,0.9374599456787109
68e2db81f32b70c4ef5e080e5936783e,30,0.9018898010253906
f013eb195a81299c60711488b06fb036,2,0.982749342918396
574852d3a15c604237f5aad695bca507,19,0.910150945186615
3e1d6cc2a620449c388b3c687af759e1,10,0.9701098799705505
e1b4a25776d5cd6fffdf18a55162e4f8,10,0.971191942691803
602ef84ebba59db61ded34f662d791b1,11,0.9615861177444458
c9c81c1fddf214e2b3ca8f027ede989b,2,0.9822365045547485
04df475dd96fad51e24072c2044c4b08,34,0.9199966788291931
5b6f7fe49bfe7680eef48e82934537b1,8,0.9616684317588806
4827a4942a953fa836536a2bd65f2ef1,15,0.9472846388816833
7d25b1b79c65063b3c048f43e8b0ca63,5,0.970610499382019
f7f578a714391c74f9d0ef55f511de51,8,0.9608780145645142
bf77071ca1af28a949fa708fcd009445,2,0.9708523750305176
8c41bba17ee99126ffb86b9a6b70c218,5,0.9703326225280762
3eff296b9187e18d957a372c5789df9a,23,0.9526066184043884
ec089af8f65fa8baae141dbfa8d369fc,2,0.9827806949615479
1f603e98ee6ff92ce7691ded72937b67,20,0.9606413245201111
5e0ff4b5cd8bddcc1502346c0c11efee,11,0.9605968594551086
62c91fbdd5131f2da9f6f17e137c6e93,27,0.8885968923568726
b9c76ea089452650d3d440e58f1e6764,4,0.9500817656517029
da58a3a2d03356fd9e555a47a5910db7,2,0.9824355244636536
3f313565e77764ae900362a3f317794b,21,0.9281610250473022
582463ab033e02574513c6fbee7d0b3c,8,0.9614613652229309
e212b6dbf73de8654658cbf0f806af16,21,0.9332858920097351
a81962d96487879d0dbc39c137960563,2,0.9805901050567627
5c0b19988f2af5e91112d6403b861528,2,0.976503312587738
e7319467b175a42db59e051aa322f7b9,17,0.9396710395812988
f3f7f2024cf3f2208034c806529c0e54,5,0.9704225063323975
ae890e22b14c962558f7c0102d34e930,0,0.9806004166603088
c3744aea4a1de1bc51fa18fbb5068720,4,0.9521780610084534
9740531258fd13cef3fdea7b88cd9b84,3,0.9304947853088379
be3cd0d4688bbdc4438d78996f0c7b40,9,0.9400691390037537
53def2b380a19e916d00ff17e0b3d314,28,0.8824224472045898
ecd9816fbab47de76f6293291f81d2da,24,0.9535195231437683
9a7e867c081a04fc1c07d9f2c68b4221,2,0.9433197975158691
706da771271a2c5384e45d4baab2888e,2,0.9826352596282959
be1579e6b99d36d876b8405b958b7591,11,0.961162805557251
147e403d537170cad115c0b97de929d5,0,0.9806463718414307
b92b79e8a3b11aa76efe84b3001efbc5,29,0.28626424074172974
0bc1d4b2d21945684eed8aa79d307d54,2,0.9769294857978821
95da483847f666b5864c044bf329bb46,7,0.9717246294021606
bd96ac2dd2818013ef96ce047fd1bbdf,11,0.9606449007987976
c5ffcfda1a9683a79ccfa82b6c6142c8,2,0.9827022552490234
97578397d87a39aec037d53aa4c3a4ae,7,0.9715356230735779
ddc99c1052ab005b7560cdc3a3d0d76e,19,0.9169293642044067
9bd3d6fb007267dfc8c58af77142abda,28,0.8871583938598633
aa4a7bb59c3cfdbbe7ade11624a0bd5f,20,0.9603073000907898
62243f53424e44dfc8327ed79e0f2ccc,4,0.9519525766372681
da161f2ca7243a44488a81487b1c436b,2,0.982792854309082
4921b4dc0250f76790c93016d77902af,2,0.9821441173553467
a1ad3335d42362e225024a96ace126c9,7,0.9717654585838318
4652264a3dd4e17ec40da1cb9878c43e,10,0.971465528011322
322ed62625e7f21050ff3d806a3dc7f2,11,0.9606348276138306
263dbf234a0865fc55b69cd7b79d41cc,4,0.951433539390564
274d75e7c1547faa9c4d409467cfd101,11,0.9608464241027832
4c8293975276f136b2eafecf1f269957,10,0.971183717250824
7c0afc50228acda23d1d5c1b5071012d,5,0.9701386094093323
ee2724350f3dfdbc1a025f8e37cf44cf,15,0.9476555585861206
18d1d2fa62e252ab1724dbfba8320c21,25,0.9139856696128845
40980a4dee55d1a51b1f0f3039c3cb12,2,0.9798917174339294
b1a4f8d7821fc68d8942234084566100,2,0.9818946719169617
b6832405cd75227a27f91ff8c9ae11c5,18,0.9325281381607056
e1b8702cd70298ef97ef9c8b44b8b43a,7,0.9717692136764526
895fae2897e5a52784731a02312a3d10,4,0.9458548426628113
196629be45ab05b98bd0bb3156623390,0,0.9804849028587341
54a55b4a2ef06b376e04f9b86f93c16a,0,0.980385959148407
5e127fb0ff156dc362dba5f41ea0bed4,2,0.5732442140579224
1a559ab8c44ef07e91be4f862d6d6f94,27,0.457271933555603
32e088a253cc5626dfff1f821baf915e,7,0.9698674082756042
1df768c0b8f0c4ad8163d14c8a4f136c,28,0.8950911164283752
281885fc816f1ac2ddc3d60595c8070b,21,0.933759868144989
053c64fccf6e67046e8a409a6fe5984a,0,0.54514080286026
bad78dc8272ae36e9187c28bdfbdf155,22,0.7364474534988403
bfb628c4316bd4ec08a8ce57dae746e8,0,0.980585515499115
92706da4bd3d2bcb6a4f192e54cb20cb,11,0.6664613485336304
8aebe2829eba63eaf26ffaddda04d623,2,0.9825931787490845
f6f87653a971a0a168d53496b3ef5ba7,0,0.9792865514755249
af8eb55a62c95946c96f6b41111b9fa0,8,0.9614395499229431
48fabe4429bcf88dfaa4804b742bee71,1,0.964828610420227
2beb19c90cb1256aa82db6dcefa9a582,23,0.9525859355926514
0e2740d17d8338b0cc7c029173789a69,7,0.9718637466430664
4ed417030d9528fa9bdd68492350bcbd,2,0.9825929403305054
d6f16209d8de73bbaf9cd6fc4944b3b2,10,0.9712872505187988
aa151911f19c31b94238d470be900c6e,9,0.9365096092224121
2c4d8690c277c8b7c54192414da6692b,26,0.9213900566101074
c26d6cfc21f55d4cfd2117ed829415fc,7,0.9686160087585449
167102988949eb6790b7f9167a64b98a,0,0.9733885526657104
c16e71b92f33b1b9fb210d3c264626a3,7,0.9591410160064697
74f03c63ce2f0ad9afc3c60304407788,2,0.9828473329544067
b90c10e6de18391f055501f267f989e8,5,0.970301628112793
52234a2045a19bddd39739a4a6d3c22a,12,0.6830738186836243
4bceb582c099519ddde3e651220396a1,2,0.9826833009719849
9429e4d60ca2dfde7319c535ef79a759,8,0.9615962505340576
360304cbeb538bd660b075ae4492b73b,13,0.9625226259231567
6fac1358f31eb6290fa860ed60c17f39,0,0.9802789688110352
b27bff19644814ad2e25a406e5c3185c,15,0.952035665512085
89100d4196dd7d8c537ab5b5e3e92e42,2,0.9823325276374817
4376f233203b0a95b2b66bd5f9f4b1b4,24,0.9511067867279053
825c7b75594b9c869148d0eef39dcc66,13,0.9146156907081604
03d520f34450bf0f5da9adfc29379827,16,0.9456255435943604
a720830eb406bae867051bdd47149204,18,0.9343581795692444
ab1c9d3ffb594a78b950f9298ce11201,2,0.9802899956703186
1685363679fdc24cf9a57efd69982a5a,15,0.8769828081130981
f352ecebbb51777f3608c2017157cf4a,7,0.9709017872810364
92c57eac406e7f6fd0f1865491e046f4,33,0.8523681163787842
da92864c2761635e8398d5c60343fa4c,20,0.9607657194137573
1f06fd928afda4e91e76c8f238b79f32,2,0.982649564743042
499505798343ee6ce7c9728fa2285873,11,0.9611557722091675
436128d9492b3a0f528d8735edc346a0,2,0.98274165391922
083ecb7d5d7db01b7713edab4d815f81,17,0.9378514885902405
5133736e1855d83fae9813fb2f21d0ba,4,0.9510823488235474
ff0b5f2e7e25132af57f9170805bb746,5,0.9690955281257629
2e9eae43ce793a5b8d25716a7f420564,2,0.9825317859649658
1d544791120e7cadcbb885941206345c,10,0.9714975953102112
0bd90ad2ff3f4529187a6f6c10367be5,2,0.9818567633628845
1365a0628a7e40c588aff4d329e81843,4,0.9517099857330322
d617a0320d28a329d9bc13bbbba6c98c,3,0.9320830702781677
f61ac57396332ac23323f1497498b043,2,0.9825124740600586
4f40bf38d701a0b86d0782ae43cd4c46,24,0.9535395503044128
eb8534776c42eae55b77a5e9d102621b,10,0.8526403307914734
b41425b194767a3bb9e87c257083a5cf,2,0.9820867776870728
39ac44c8c03c0bf21689f1116249ff47,19,0.9161757826805115
7708d46346ad26390463de9eef308960,2,0.9823618531227112
93d035c225d8e2b5a184cfa68da61d6d,0,0.9797106385231018
46f4a4c8b7d89b0aef536fc4b6a6c89d,26,0.925491213798523
58e0d04bdeca59d9900eb7d574281571,14,0.8650727868080139
6da400a1311a9ea7648aea839f6fb4bc,0,0.9740951061248779
6c241b8eb03397a42590e9ab13eb5fe9,8,0.9616863131523132
85753bf7a213fef6ceea070cb4043760,10,0.9714685678482056
4139b7fc4e473ad02eeb5d0c8e08767d,17,0.9396873712539673
d867991b4c299e5a83cc009d7e244918,11,0.9608290195465088
6d9c57a8f59e0c4fb126258f0c3ede00,10,0.971498966217041
41ce9b44a75bd6969cca4f036dbd5109,9,0.9397357702255249
a2f327e399349bf23d1751cefd37c173,8,0.9615357518196106
2abf9126c9283e2677ab67b0c12c46c7,34,0.9260880351066589
3b938be81e5d1401d2fa357737c24001,10,0.9713062644004822
401624665a65c4c06ce6e31156942986,5,0.8928184509277344
8aa41229c6364c0bacda47692b0ad081,15,0.9532675743103027
2e29426fd10ff235f51ebed35d5b800a,18,0.31805142760276794
047167cac5fe2498251bdb33d7513cde,25,0.9145708084106445
075e6083e073616d8424ae8522244f73,8,0.9615771770477295
bf7429f2a785ea51b8ab00f10a1d7839,8,0.9616680145263672
b160a4d03bd4241c06abd2d96d88cb36,30,0.8746693134307861
3efbc545e50853001d70180cfb7a9b4f,0,0.4138902425765991
b568c513d0a388601995ad6eb5ff242b,0,0.9806506037712097
44d1a0a1732d8be61e174dd578b19583,13,0.9621894359588623
8b36cfffc8fe533f159ad8459b978bc7,2,0.9820091724395752
b9a5dee1bd42f6907e9a26bc9e3f1635,27,0.8869438171386719
9ca64ac97ed52c4ee6b9f1138e4456da,2,0.9827012419700623
70bae083c73d21532ff1a0b1d35d896b,24,0.9523999094963074
fc1a804d6d5b3b10a30a760d88646960,4,0.9519649147987366
32963672cce4da41408733472baf9b2a,0,0.7120776772499084
103cc4ad349637d1f5b1a6610d533585,19,0.9165021777153015
f2573a018981cacf5f20b315c5cbec90,13,0.9582407474517822
9f375e67480983eaf861a51d1a989e2f,10,0.9714914560317993
db3294a1b05282b1ca7e2c25367f9d8c,1,0.96430504322052
e6c6d5addb9370320200e6080c62290f,25,0.9150177240371704
95d69a5bb7713da05a7245698ec5c387,13,0.962313711643219
acc26efe780502ecd50b8e89c63b9c09,26,0.8854706287384033
41d9f86a0c7bde8cfe6cf7b0c3fec5a1,7,0.9717549085617065
b2b368ab3254d6187cd1ac953cbc1055,16,0.9468892216682434
522634c793ba8b49795ef85ce5cc2535,8,0.9612946510314941
881de0087cb6c9f3b54afedc514ac849,11,0.6104023456573486
bce70e4b277455fead305482430443d1,19,0.9160887002944946
fc6a8fbff33f53b2037718ed50313d5a,2,0.9825396537780762
6e31d9b918cb0b8886bd7199b27ddb47,2,0.40769800543785095
89d80b48880befc0ed7de2488af4565f,11,0.9607288837432861
4c9f5e63b1343f2a2279311e0b2d6877,10,0.9713841080665588
fa0825c06b20bee48999dd27d87ea039,5,0.9705564975738525
ebc4e00bd690094287b4e234fdfa7e29,2,0.982299268245697
3f6257b1d001c55f4388f984b07eda2b,0,0.9806439876556396
624526d0f04946769d67b231e9cbf542,5,0.9704388976097107
8073e29b0faaeb9bd3e184d43f5c26cc,13,0.961851179599762
0cfa30c038902d2f0e3e088c841800fe,7,0.9716973900794983
2768a75569c64aeb0b2c9dfcc3d43c2f,3,0.5564978718757629
429f327ea2844702119c3775943f5e64,0,0.9805527329444885
6658f987a773489197c51a42fab9ec25,5,0.970487654209137
a5685009de01adb1636f8d74c98b917f,6,0.9602438807487488
04a87e5e2f747b7ae849cd74be7e25c7,2,0.9699475765228271
82fbabd0b9f51b73da0b20ddad5c2c75,2,0.978091299533844
9c9a9726d69ef08b199410f1a1fa8d3b,8,0.9088734984397888
5de67bc91e3ac3e3502f13be0bc601d6,2,0.9826844334602356
dbb98f6e5dc6674cacc02b2c926d3ed2,20,0.9606159925460815
12eb6c55ab27a3f0aebbb369f16ee7c1,10,0.9713051319122314
86f7b2544830bed8545bd87ced458aa8,13,0.961764931678772
e8cc38926b65362f1cf6fde9c6f656ea,1,0.9656923413276672
dd0e0743ede7ffa2b5f0d7dd0ef99f58,18,0.9336628913879395
1ef95bad2a83964af7debdae71b0eaee,16,0.946870744228363
74006eb1f2d3ef85ed0c7f713ff86351,34,0.8714975714683533
05fff16f158d8ca93908a8b7e042eead,1,0.9655050039291382
5ceb2a1ae3ee7e83b76934b574fd8d03,4,0.9490101337432861
dea6165c40ada4a4eef07d481e7e18c5,16,0.946901261806488
7772b596367a5f28697c56ef3b214b0f,4,0.6002519726753235
e506d413685a4703199f47dd4fa0eb2f,11,0.9605898261070251
71c13e038de0d47261f618bf734df23c,13,0.9620427489280701
6a68c92acd77611d6889e82119cdcc85,2,0.9828040599822998
bc66f46e836d51e7e80ff2784a4fd148,1,0.9651143550872803
bc02a3a9efd267d2d4ec217238776e3f,0,0.9799668192863464
312e667cddd28844db49d4828ce571b3,24,0.953299880027771
8bc7afa8e302e1651d5d13c68b0465d7,11,0.960707426071167
0aab58d0c3d4bb51f90bce215e8068c3,25,0.4584586024284363
9dd16e6082cf5f6efdd76b7b4bde3f3d,6,0.9600951671600342
31d672260af481d939627c1db349f7d7,0,0.9803969860076904
a59834f68e785fbb0ac839c67f15fe90,9,0.9341527819633484
b715ee288314f8ab7996f604b60cfef4,26,0.926087498664856
9da9ac41a00bce853ec9fc01942bc9a3,4,0.9525026679039001
9ce974770223467dd4c49f82c62756c2,2,0.9823523163795471
1da00c669e51c78eac62191e77120b75,0,0.9801343083381653
94490e0879e6eb1435b17dfd4a3e21e1,31,0.8685427904129028
c3eac064384bb238c5fd4d94ec969822,16,0.9470115900039673
a7b0766a32bc67a5c2bc33b390c3bb96,2,0.9827703237533569
6e890a6b4c3ff9e472216e2be492671c,5,0.9704463481903076
8b00397019e903dea87eddd11a4ecf38,5,0.970658004283905
749c2a4764db957242c3e3c0c74db3e6,1,0.9591690897941589
8581034ab4dcb10a1ed4e33a93ef67ef,11,0.9607511162757874
e3b9fa137aa559a5a4f4a38e9b79714f,0,0.9802936315536499
5046056d3a53d048b5e3bb2889062bc7,7,0.9718629717826843
2cf72636b9439793675168c3086eee1b,26,0.9267348051071167
26e675e7190e41c9a72aacc77b44aa64,1,0.9654558300971985
5ba4b2c0d67a62d4a3750dffb65bb448,2,0.9807236790657043
e47abae8659d6ea9c00395f7f2235d70,0,0.977700412273407
2e821d7617c4a8d1ab0dfd8b8cbb9ff8,13,0.9623382091522217
75679e923fd516290ab620e0a8bdce04,10,0.9715408086776733
aafdfd680302ef5dbd44437f2cfa477e,1,0.6796350479125977
8de439a8ce7f5d72fe89860cf4cdb13b,26,0.9241220355033875
70f2a00890f86efe8210ddefab1a0595,8,0.9615931510925293
51829797102cf65a6f987c454abdd274,2,0.9819335341453552
ffb8f6ba00ad8025e00086a11477ef8e,13,0.9623201489448547
643fa86251d9a1673820a492ae0ac834,1,0.9650750756263733
514659e4fed6a1f86fc7cd53b7d55689,10,0.9706473350524902
1fbec48f28b263c338fd0a5a2eb8b0b3,4,0.9513673186302185
4c1e3349d0bb8f08852f29b3f795b060,24,0.9523751735687256
f34a7f3089305b0020e4527baeefd255,3,0.9317977428436279
b01ffe9352836e64537561aa23f615bd,6,0.9600590467453003
236e07ca1a0efdb9077dc79ebc029bdc,5,0.9705106616020203
be4d9fc80d5333d7efc67ac1a5795041,19,0.9148843288421631
320c2160dd883b850b3287b0fe1b3018,2,0.9826759099960327
3d3739ae6fa8927d40def64786b71339,6,0.9599682688713074
653db4dd8b13780c0dee4f8b427fae7f,4,0.9243717789649963
bbc5960ef178ce1ddb8399af218f7aee,0,0.9807403087615967
304e6abd17fd308d7318eeb15a9d48c6,10,0.9715139269828796
e217628c171cf0bb2bc3b5bb8fbd40f6,8,0.9615508317947388
a944f189569d6729132157be7b35b4ed,2,0.9823994636535645
da369faef7c0e1fd819791187b766dc4,0,0.5550673007965088
145a381a3627a4cff22d3b198fa2b4a9,7,0.9710053205490112
6c6ee793c6b2083c4c1cb72a665ef7e1,2,0.9823989272117615
5868d25ae4dd9f02ca687be7f61d7151,20,0.9606602191925049
17e676e822212998358fa17f9b9d02a3,0,0.9801474809646606
a565a9f70865303af9db0229c5b3f79b,1,0.9637269377708435
e6907b16e822ec9d92657ba71bf23933,2,0.9807135462760925
f6ca26ae206e728d91dac7670b5b07e1,10,0.9715170860290527
f94af9cf989547b75f089d7920231633,14,0.8954688310623169
9a66194d750c63c1ac8aed4afe7f1a6b,0,0.9740785956382751
f344c91472b1599ba25d8b1bb6a3c018,4,0.9516966342926025
5f28b08432cfd7bc5425ac1b3f139656,11,0.9611846208572388
878b7cd1b860deaf6c35e557b334aa8a,4,0.9526618719100952
9c575df7b8cc2ef468d70f15d81aff85,20,0.9606550335884094
292c2a54bdfee72cdecf689e3d3541eb,4,0.5387617349624634
5567d7bc6ef7bdb9eb4892e0f07f6788,19,0.9166922569274902
ed5d973192d1e80ea4ace1307be47282,8,0.9613807797431946
e8a3bff784f9d2338198156be56f4dbe,17,0.9383624792098999
4941dbb54d43af356848cc3634d5a64a,18,0.9327540397644043
fb9c57aa62c7eaaafe6abbb769cd8cbc,25,0.9138451814651489
3f699ee265e28836bdd5ab9707fcbc7f,20,0.9606580138206482
1d5c4b605fe15e0369729b95dae4ddd5,23,0.9521400332450867
fcf18042d520dd935dc514f7c08c8744,24,0.9526269435882568
3318f5bf3e9af2527e175531e85b332b,0,0.9806231260299683
1becd993a37267118270a3181dac5fec,16,0.8846357464790344
1cf02d8dda05440a10344c6f842d19e6,8,0.9616926908493042
7ff0cba35f5f7f04821a9aeacb8691b7,17,0.9397217035293579
801a66ae17d20ebaff329b1e90dfd61d,11,0.8991960287094116
1b2a39440781ba75efcfc649d4fa0b67,4,0.9480896592140198
5a25237439546f3571ae00c464caa758,20,0.9604917168617249
a07d35af3e17896b0496e3e9b0a88b21,6,0.9603644609451294
171cb2b4de076fa5f5b2c82182ed673d,4,0.673819899559021
98c872fc2f5faad05e1ac49a93603218,7,0.9382494688034058
ccb116c149d319933758a02f5c553773,10,0.7363852858543396
bddde643ebcb541ada9fb17294653abd,13,0.9626915454864502
92f8521993d5ccfa62601f026024a8b5,6,0.9370717406272888
2864b19dff8e6ae43472ba43dbbd2c46,10,0.9713087677955627
412469af10e5bf5e06793c4355aa15b5,2,0.9824323654174805
1f87012df68844ecde596b1e6824506a,9,0.9396023154258728
e884ed6f071b99b41e664a680f97c247,10,0.9580422043800354
ddf73f2f758d2aba22fd08ed3d3decbe,20,0.9604953527450562
4322128a2abe4755cedd9c1d20d86f10,28,0.8363325595855713
78f1a3d6e74d9842adbbd6d4440e640a,13,0.9625609517097473
20576ea726c5b8571b3d22327f97fb6b,7,0.971141517162323
bf3b7e42da8f2f5923ee5b9401c0cd72,9,0.934870719909668
e5c08247a1fc4b7135c6dda21002a6c2,20,0.9596853852272034
af13021b3b4f0749fdf8fc88b94cb03c,18,0.9336646199226379
beb26e3ff62371660534c0d2888b2e0f,8,0.957833468914032
f61a0db19bf32bb33c6bd5e364792e60,23,0.9524874091148376
8963a518631fda18f6db2b6e58b384f2,30,0.9052857756614685
869574a190670d2d50b8fcd0c9d9e9c7,27,0.8883194327354431
6f9d80225f9a3a342a6f1962e3a2ef11,18,0.9342027306556702
a3ec14df58739eb9a3a1fff931ba5003,20,0.9507075548171997
8eef828d18d07230b6629d13fd76b683,6,0.9593127965927124
b1443a73bff79c795041e8015452916b,2,0.9817972183227539
9c90671a184d863240da662956138282,0,0.9806197881698608
959ca3358df9359292d19ed19577e904,10,0.9712495803833008
1545feb5b602995139ae78c04a252cf3,24,0.9534367322921753
f9227efa78ce0111b5e6ae31cef0fde3,21,0.9355968236923218
2c25798bcb021cc591ac75314537b46d,0,0.980201005935669
69913e57ac52f6a09dc8b3db5e736a09,16,0.9471280574798584
aedcba3d479a07d39e163939a8a67ce0,0,0.9805861115455627
a623583ecf4e6dc140370072d8473e0e,2,0.9808362722396851
67747cc50bb2def65b70f34464fb4300,0,0.980530858039856
97a6774dfc47fb05470b7628867ded77,13,0.9612232446670532
1a600941f99f1d5f53f624967ce37ea6,0,0.973373532295227
9386a323089f05f07b07522f10264f50,8,0.9615885615348816
83dbe2e4d3af30789fa4374175561b72,15,0.9526748657226562
4062d5d41f7afeba85fed49b31010536,5,0.9706064462661743
321af7fd6084da36524b8fee831ff26b,13,0.3943738341331482
893ff31c4e193d8b9d83d1f5ccfdb4b8,8,0.9616805911064148
3523309d4382e510cf4677fa01162084,20,0.9606859683990479
1cfb225d36a18aa0af5f6cac660d6204,11,0.9605243802070618
a474d833d09b1e9d22ab09188b1fb256,10,0.9708147048950195
bca49a82acfaaca3887498741b82eadd,8,0.961592972278595
5c80c7cce45a0d3cdc22ba2f3c087296,0,0.9806793928146362
b869e09c14822c4e20d6ce4e73c8cf63,11,0.9602965116500854
225807792ac2b37732c60dfaea43d85a,33,0.8467620015144348
4322418410ef2e2d412d1a340abea080,2,0.9820044636726379
25589d4aad611313b05d68ba9704180c,2,0.9826223850250244
8ed5e68180d7efcb9d2ccc736c7b8783,21,0.6955814957618713
286f0398df386edd516517d4baba7e31,2,0.9733543395996094
de962aa9ff14f5a1eaee58ac45f1d01a,10,0.9652486443519592
6bbfa3eddeacd0eecdf5dffcfca4a7d3,20,0.9605141282081604
a0db9d966378f553f62e03b9e8525c12,2,0.9824563264846802
ad3d08de13d0f4da6a90f5a1e85ecea9,7,0.971623420715332
edf6e462c3a5baae23b1f45edcd354da,8,0.8231081366539001
c3af7eff799541945fd1bf8a086dbb5e,2,0.31155043840408325
3ee0daf63b91918a297f33ab5b9778f2,5,0.964979887008667
4367dad12cbee8363e5ee5eb1311c6e7,11,0.961236298084259
67ad37805d7295f0bd610e72d2f6f477,23,0.9523588418960571
8d42805c03941c72c4d89c4351fbb5bc,10,0.9668939113616943
c5f01cb37bbffc78fcedc497d379a2fb,8,0.9614981412887573
11fa7f631e1f8d11d9baffa85b895bf0,4,0.9522060751914978
910c855992e500ad5ce0432a74a15f9b,2,0.9826420545578003
f5fff10663c2090485225d816b63df9c,10,0.9713966250419617
760381f35bcf24ac530f093c8261ac4c,4,0.9363091588020325
38e2b8d642d9a632b9035e5227d4c5ae,1,0.9619318842887878
55185dd4d23ab64337fa27a832e1f0b0,28,0.7975411415100098
8a2772ab72a395fc45c08d3f609bb814,4,0.9494054913520813
e079bb990da5bc629f55221b5bbb9bdc,18,0.9333052039146423
81bcf2e53c1b6f5d89fb933bd08efd46,1,0.9654356837272644
f313a66048e31eea9f6c27e2ec402469,10,0.971396267414093
a6380127d7ce79494b3e2c069bc76c82,2,0.982120931148529
dec1d7b35049b4ea3deb8cacdc435a30,35,0.9299474954605103
370f0574dea19b5ff7982ee9fd0e0ef3,11,0.9602774977684021
8bb03a3ad7c08a3f9567a27eb3137de7,2,0.9814417958259583
a112eb94ab659d8ebadb3c7dcb6a7ad4,27,0.8872802257537842
80fa8874283ef306d0b9b233ff201a59,10,0.9709526896476746
7ac30670ae13029e6a48bf43a2c4fd5b,7,0.9716845154762268
922c26381adf8e7aae6ad70572dfe37b,7,0.9715539813041687
b2bc9957e07769774e1c21cd79101803,6,0.8957363963127136
31542ff1ec93440a665e4e441d894cc4,2,0.9817703366279602
f671ec3bb9e3b917ed80b4be478935c8,19,0.9161109328269958
ef1e3dac52ba7531201047dda30420f4,2,0.9033724069595337
76eba3b5fc4824aeaa89ba2ea4e3cd97,3,0.931665301322937
ccadd0809d094d9be3c84073ec184e78,1,0.9639197587966919
8a79c54f5d0da3cc1f50ec5746eeeae6,5,0.970517098903656
bf6781be2d946fcdc97dac7adb2022da,2,0.982587993144989
37278cb344f3dcedcfd37f88b73f227f,15,0.9524296522140503
e939b8fd4de94f1e3d9860273fd33c87,7,0.971413254737854
a52de6c0bd71407d5d06afe62d5ab9b2,14,0.8936756253242493
b3a9cdc8a8c648a7c1eb6d9b6dbed69d,0,0.9798586368560791
1581b77300cf952c1749532a02b36fce,2,0.7717996835708618
6996a80ae064fc825350415bb400a3cf,5,0.9702731370925903
1399b529649d408b26deecde974b095f,0,0.9807178974151611
b834d4c9ccc963a1ca2f2227fbfae6a7,4,0.9523589611053467
f457f0d573e348cda170f64e4dd35c65,10,0.7694241404533386
fdc87572042980eef4cf797b128d4d66,24,0.9535127878189087
73a33ce3f4714af647446e715891301a,15,0.9530385136604309
86f36f331b1deaebc421f196d53bcf5d,26,0.8986358046531677
698dea52ddbd51045787f351be08f200,11,0.9608702659606934
29154bab41ef7b6f58a1335e69360f6a,2,0.9826387166976929
707e0861d020ca7f3372d1827311451b,20,0.9602636694908142
d344e50e226a8366bcf59a8417ffbe7d,28,0.8604933619499207
b97d8a69b6b9dd7d6620a54a2292ffa9,7,0.9717673659324646
30cc2d3a845c8e89bd7d7a8c346909e9,10,0.9712980389595032
12e32c1de5587818cb979f86f18ff572,5,0.9702567458152771
be1da6c7f809a7b712177e52b53ac685,2,0.9827972650527954
452820c4a51883f359ca2d9671531dcf,20,0.9606706500053406
675ab865212e5f80291cd04c124b0ad2,11,0.9609464406967163
9a628a0f1e9d40762531969046296bb8,20,0.9603848457336426
badd3ee3fabbc3d0917cf58f18dc15ab,5,0.9706249833106995
b4ffdce99615839002169afb14ff7073,2,0.982232928276062
2d7bdf1e47a4691ac9378f2997672a16,10,0.9714625477790833
dd3743942c54cd3d734e13837fd4e4e7,0,0.9807268381118774
cc40c78fead9a4b89143f557b0c0022a,2,0.9820867776870728
62cb60c689a258185bfb266446a49d5a,5,0.9704306125640869
c535d56871ec6f2cad463b69d7cc3e28,24,0.9534686803817749
914003bc0a914f3ec6fe0b0a2013ad48,4,0.9360153675079346
f1bd11c3b51876977d655482ffc35d11,20,0.9592046141624451
773d47b759fe2b87ea414cec22b3d3c1,2,0.9827408194541931
6e5516064223329d936797ab6b874628,33,0.8546545505523682
66cf2e4a91494a77a94961b556ce02e6,2,0.9824482798576355
bc146371c3eed88b952a7ae6670f70d7,10,0.9715378880500793
e133ff2ad736c1da3035268ead5ae867,2,0.9793428182601929
467a25ae7c627f8fdb669985b9a3edb3,5,0.9706403613090515
2e7023a92f9f1f301c66dd2448e1dd6e,0,0.9803137183189392
1d51cb6bb9ec3ef2f797ed1471d32a12,11,0.9524886012077332
2bd051598127bf0c8cf3fd3747b04648,20,0.960765540599823
005ff3ef06df5cd71a5edf9b5a924169,0,0.9768864512443542
2dd297edaf6ba0537746a230180780ba,10,0.9711914658546448
e9e03b6d65e0de777cc3a178e4e9c12b,20,0.9608192443847656
614355f8a09b7ae60883ce8f0bb2460b,5,0.9704617261886597
79e01d0ff1ebd4beabe11f50d0332927,28,0.8911839723587036
3b89ec09973d6e5125a60ba1a4d1dd1d,2,0.9732586741447449
0bd0c1df8419e0cb97f4b8504fca072d,27,0.8852668404579163
de292b4b076fe8f4c5eb6b77440ce0fc,2,0.9818782210350037
16edd8f5178f84f69bd241f0b278b7ee,7,0.9718374013900757
2c3f63795564de9362431a9ad2325e15,11,0.9602945446968079
0acd7264dc22c970c7487ab8726033b3,26,0.9028174877166748
c448656a7f8e1d4d0675f28a40ece01f,5,0.9700588583946228
a5c21ec065b4ab549037032f59659a5d,13,0.9614893198013306
584abfa87cd04192f50ddac3205077ac,0,0.9782906770706177
457ad4aaf363f4c16fd9459125225985,29,0.8932772874832153
4d50df8953b7590008a9972eb869f6c9,0,0.9805349707603455
8eecd3862f2b637682023008a7803247,13,0.9625468254089355
2b529843c054106e55573724efbf7c04,25,0.9148914813995361
a9923d21fb88ef6abd8a8c16c8a4e51d,5,0.9702255725860596
32bf5ebc07901cc95c99063db654547a,16,0.9445226788520813
2ed9313d7ae940ddf412ef952850a393,22,0.2939111590385437
b6cab44096d7d21ae04b85164f7441d5,20,0.9605734348297119
abff6a3dc0d9a0abb3ac46b8992a24a9,0,0.97967129945755
c519777787e558fc4834108300f78a9a,1,0.965276837348938
bb1890df4ab005b1036b1d00127599b8,2,0.9827495813369751
294b0cc88eb43b7d3fa889fd973087a3,2,0.9726077914237976
a2c58ebe51976b3534d9169e5889b427,11,0.9611729383468628
17bde15b4a62b252e5423eadbe49079b,2,0.6911441683769226
532829ccfada1bdb4822793c2dd45731,1,0.879772424697876
cffa021eb77e6f9901f90b0419a1fdb5,8,0.961608350276947
9faa0805249584d447de776f0891e6eb,5,0.9703388810157776
bb95a1c8599f00156502dfabebd82ea0,13,0.962605357170105
e775fe2e4ce2ac6bf447cc7b46959d98,16,0.9467543363571167
bf4bc5961799bd6b39528422d4bd5de6,14,0.8980981707572937
800b6ee07f32f5448fffc4a058c5a534,0,0.9806246161460876
932cf5486fa194329d459baef24fd3fb,21,0.6664379239082336
65be86d61568075aab4a4d621d701cb8,2,0.9825557470321655
608351083a1801f44d25fa278aa16888,2,0.9824302196502686
4be427952d62491ddc53dd3ab81c1d1d,10,0.9705933332443237
489436ee1ae2b20a01589520a956d674,12,0.9242493510246277
ba02758be07617098ceea255711f825d,20,0.9604504704475403
0813b6da631a41899d3e5d3c30ec61ca,20,0.9593949913978577
d8aaf88a69b07e9e92afa360eb9b8763,10,0.9711855053901672
86ea295aa71b77497277e0aa1ea8b422,10,0.9714495539665222
9a37c3b2f0e914a3d4df36f9001063b0,8,0.9615352153778076
0df2e40ec43b13aeda66d4e05bb2c2dc,6,0.9338796138763428
938fc8ffa5c5c44165ead267f3b58f99,0,0.9806638956069946
363ecb2367494b44db60eb681a93997a,21,0.9142228364944458
532d1d24dda196ea4d9bea36ad074cdd,2,0.9694836139678955
6c3295dd3b0efff965f6f46a696b3728,2,0.9822252988815308
23c33c9861b0295170a2695e0f0527ff,6,0.9522318840026855
9ab669df2dd5db41b22cc66e38fe6844,10,0.9714176058769226
e34aaa8d5b8ef02ab542c1e36aafd9f9,2,0.9827812314033508
b0ae9fe316c9882c55b92bd5aec8a84e,23,0.9524664282798767
d742ec6bc39b434a25fafe1a114c869b,0,0.9800414443016052
6d19a027bf713b7f9fe6cd4383cd2b6d,0,0.9804052114486694
985ce5c2ca6602ecbb4e2b56cb2ff776,22,0.9017965793609619
12ab01e7d253221cb7aef563f2d0bb3e,2,0.9818357229232788
c21bc61a12ec3398c1928922deee7f3a,33,0.8498371839523315
62ffad8b3c2d30eaf7ff795bd43fa033,8,0.9615908265113831
908d7d118602fe83d35da1ca6f2d18cf,11,0.9607688188552856
650ad96006b3d0098155a62fc59cb89d,2,0.9825313687324524
88bede26d4aeb7e3e23f2cbcc5c132f7,1,0.9654733538627625
ee5e12824ee5698270dca9c910d99bf7,8,0.6116036176681519
9ebb339be54b80493ea325af03e2d5ca,31,0.8736972808837891
77d47b7d17d56e311c94f7f10fa29567,21,0.9357715249061584
c725ce422650c4d8f933e8c7767dc21c,18,0.899495542049408
e8fe2ad3956f06ce6b26e6b94c9cb1c8,23,0.9522044658660889
54362c0ec2816ecb6951ef9aaaca33f4,21,0.9133282899856567
eb73baabf5c456788cebee1b6c9f5976,28,0.892943799495697
493c3ce30732d452175967f698fe93fd,0,0.9794354438781738
2671c3021dc804cef83882bb6e6c7745,20,0.9607357978820801
82c5fe2869b5d8a8c4a939b6b24583f2,30,0.9039963483810425
9bd1b1fa6a140565651782fe4498ee43,26,0.9258649945259094
56526a93cd9508896a701de558b760ac,20,0.9606332778930664
00d35aee38aa01338fefada2b3633337,6,0.9607834219932556
5a63edb02e0a355ca7d8410fcab8130a,1,0.9642857313156128
c9fb46493ea1cd6043e04a24469f206b,2,0.9827467203140259
35d69dc78ef6e9b2ad708b2cf3ab7df3,9,0.9384898543357849
5c573e2ece36c6d5542dc443000bf720,0,0.6254149079322815
401e263c685bbb6699957034d7f97b61,4,0.9522550702095032
134f25779e03c53f2be878d636b77425,8,0.9614897966384888
1fd646587725741355b4f45a9c342923,5,0.9676386117935181
3c1c5e778d202ae6d9c6d1de2a1915bc,13,0.9624322056770325
1a3f48467e634b33222c32459d983a2d,2,0.982633113861084
37f07bc9a3e320b94107ff2e621e92ad,0,0.9804627895355225
7863bf138696880b0d89b922d75f9984,0,0.980793833732605
d71b1be9fd89153d1e2a0cfcc2b6ccd8,2,0.9784746766090393
f09bfe7c79a90713abbc547f19acfceb,18,0.9333078265190125
6854bfda6e47740fa2b03b99cca400a1,13,0.9621294140815735
fb09bce2c0e18b3d837dc6b0a404e52a,0,0.980621874332428
08b4a32e82e6a57396d17031df761572,23,0.9520319700241089
e18cd77c4a15449cdbacbc16fbf59139,24,0.9534148573875427
3ec69808804927f877feff29b79ab5bb,0,0.9795817136764526
57f60d3dcc0c2ee2c34984d51359a258,4,0.950645923614502
d8778410594cf90648972ffe0a71ff47,2,0.981320321559906
3e45246e2829dc2d412bbf2d4fe99dd0,0,0.9799056649208069
1f8cb46f90e5d5e0cb24a6e751343414,24,0.9444611668586731
c9fc361729018084ca55da138809032f,8,0.9615249633789062
cc6bedbfd2c20a98e34b3b4839fa8c18,5,0.9698787331581116
56f05d3aeb001c22d65533550bf974a4,1,0.9644128680229187
bebc28dd036bbc1996233412965524c2,1,0.9653027057647705
bda9b475ba9cf4a73cfbb8ca2072a8f8,1,0.9655628204345703
ef9964af357d70080344e9cc23aa3f45,26,0.9114782810211182
daadd475a2229d2585a2dd2117fc51a7,2,0.9827700853347778
c87d8cb0584fb8025caa9ad4d91e5e95,2,0.9826419353485107
15177a30bdf90673c0143ad1f870d2bb,10,0.9707594513893127
480b5486d6543aa8c346be3d1a9bc319,0,0.9803675413131714
794731fcd7a2b762320a8de985f17bae,2,0.9828407764434814
f41d311239ea4141cbe69afffd4febd5,30,0.8630878329277039
229a5ff67463d454344d160585dc612f,15,0.9256715774536133
5423a87c0dec837cf68763c469cb3f42,0,0.9805328845977783
3159b031ddd15ed3f9b84f0ed28acdec,20,0.9606383442878723
6ac6097ac5728dbdf1f0f4eefc4794f4,11,0.9612716436386108
897c451b761b127c4ba8b1cc0011446a,0,0.9576135873794556
c2003a251709351630ba924637ab405f,2,0.9823036789894104
54f97ebbcfac5384636d9ebb969689d8,2,0.9819943308830261
56dd5bb72e40b600e2af3368a9dd76d9,11,0.9609519839286804
460c3d45fa1f5cf8f5d4364ab70f6589,10,0.6057930588722229
f51e91e70e78896ccee9e8f81ed3b649,13,0.9624965786933899
0f0d0686a848604ee953bb49e616a1b2,2,0.9677033424377441
e2c225f0a18fb2c8b20d223174a05d99,11,0.47779735922813416
65aa5f2f357e763cb6cfbd8c8775b9f2,4,0.9521190524101257
601dbf2cceeedcc0125c0d91ee0af528,9,0.9374285936355591
f45ce73990dd944375ed224c5a62db41,15,0.9528773427009583
1242cfad840cefe3644dec59f4134145,11,0.96056067943573
8f9a150e4ab7bb9f99f411fa7ce3ba54,0,0.9801692366600037
709aaf13df393df188c475e043433b7f,15,0.9518343806266785
bdc789c7c0986c152f70dabd8bae38d3,0,0.9805126190185547
eabdd782070a2f5e21ac611c0877ee39,17,0.8227865099906921
07d66e600a615f2a23cddecbf9b3bf46,1,0.9649653434753418
1774139bc4588af322118b4470449d42,21,0.9329448342323303
7bb3cd71f15998f44b13f76d5c9c31e2,10,0.9712089896202087
fd43f2bedf30a75c5c75a266154e8796,6,0.9608371257781982
f676f370214daaae7a62c6b469bc49d7,2,0.9800308346748352
4e358c23cb2df9d8393726e1bd96a4d0,2,0.9823204278945923
a6e66791fc55b98188c53b42850b66e9,10,0.9712437391281128
4e2270bf449be2e35422189a1ba7164d,20,0.9604827761650085
ebfb78c5eb809c6481f91a2ddba92113,2,0.9795758128166199
29adebb7a2d1c56dff58f770c7eb8233,8,0.9617305397987366
2842e4493406810142fc31a5cc12432d,11,0.9607411026954651
03fc266365c0b45617f21723bd8447e4,20,0.960267961025238
41b2839de591de3164b62701e14a62c3,3,0.9327624440193176
d52f4fc2a515587627463b13465cce9b,25,0.9141463041305542
bf7e2b4a772ba31cd75e588524fdc1cf,11,0.9607869982719421
df55ed28e71cda7879f2c743ed8fa9d6,8,0.9612526893615723
f419d66eb4a622e067f96feba28c2ec0,10,0.9711138010025024
1d3d5278d98ddaf2fb93b4dea5962eeb,7,0.971304714679718
c9d8c810baf723a055a61d54bdb3dbb0,13,0.9621483683586121
8b68a3e54490614ba4fc7ae979612021,2,0.9828323721885681
bc31da9f66e8dc1eb67ba0b31be1b65b,8,0.9615733027458191
f26a49b05b0bbd66ebaf94421ea870fd,0,0.980684757232666
d98faa49dbeec12e2983c795df8af305,16,0.9464471340179443
ad5e391760adbd3aab18c2ee1784ba70,5,0.9704564213752747
feec0b43ed6431dd004d8e04e0c04254,1,0.9647337794303894
e1181f981c29e78adfe8fbc393a5110d,29,0.8945857882499695
25cc8273d2dadc275f74b2e44e4afae4,10,0.9712960720062256
d8faf977b9c4a971a5c7a637bb18e30b,23,0.9524886012077332
a3e410bcc91f6673637d1e491ff3b9b6,0,0.9806123375892639
d67efc539da000a9e3c0ea7a1dc2d213,10,0.9714467525482178
fe87885ae71f6e0e60ff7723b492a76a,26,0.9121578931808472
54855f5c5df3e4fb4370a79f74df3443,33,0.8481166362762451
99692b19ca2376b5694f3731e68f41e9,15,0.9478131532669067
e393f86942b424b4ca1620a40c33ae2c,8,0.9616098999977112
766519896c2af7701c9035522279b48c,2,0.9828254580497742
137400d54a098ddd9d7f9df0aae119e7,11,0.9609436988830566
fea401b6d14525445c0b89ccce8a709f,19,0.9165211915969849
f8330e67aabf6b8a642ccb5efe3c92e2,4,0.889725923538208
dd3251e825a0349ff323ca314afdf192,5,0.9700910449028015
3171644b12dc949a90f9e78e2ddb65fb,2,0.9828132390975952
e3fba2f4acce669c8c3283bd985b4186,4,0.9504725337028503
f12828f3e9d8d15fcf9080229112b5c3,18,0.9339276552200317
96f05f24c4cdbee8f92a9dd30d4485d9,0,0.9806461334228516
0b96b4b6b96c4f87ebe13ef45b035787,8,0.9611772298812866
399e77ad248f4546863bb7e4c6457ccb,25,0.4567144811153412
c96c511903726c4fc4c606abfe66b58a,10,0.9714300036430359
d1a5d9fa814c99a15ab187e85d751bc0,2,0.9813403487205505
6fdcd85bc882ab7c426da80175b40c17,4,0.9456042051315308
a2ff01c1ba656a60df594d187da0cde9,9,0.9399880766868591
e781397d11c8bfc974f9609d28a8ade3,2,0.9827576279640198
544a62d2f1c8dda2a59db3ff3de3e3ac,2,0.9825367331504822
4dfc1f7d6ba60fcc81f3a287c0196e36,28,0.7836683392524719
b0835e4995fb96a39dda8110e4b9b431,21,0.9347140192985535
59d3ffe7371506d8abb74205c7ddd60e,14,0.8895469307899475
91b7372f81e87d0e2c159ae66a6853dd,2,0.9827088117599487
d0d6bf9d519cb7574aca7828bfe01c5a,13,0.9626299738883972
6fb663a3ddee636852182fa36cd1bb06,9,0.9355135560035706
832ad327e1dbb0402d1f1e893f59cc59,2,0.9803274273872375
e526084a74ee892859302f9d69bfb647,11,0.7809651494026184
ccbd50c9062fa34efd1785b135d615a4,8,0.9615989923477173
69c50f6cf995cbb8c0303de5c616a3e0,0,0.9807093143463135
72a64d9e193351828a7dde9f991f3f77,0,0.9807217121124268
f2f55e399b831d6e3fcbf83d88e1ead9,11,0.8998095989227295
48f8daafbd1b38765bf50314048c099d,15,0.9533702731132507
c3aeb911b27ed3795532b48a53f25014,2,0.9826948046684265
988c66e5cc699fb35cedf74383562e3d,13,0.9622932076454163
4aaaf818a921e055c4cc879dd40fe079,11,0.9612033367156982
ef2f688fe91795db487701de4ed074bc,8,0.9616362452507019
bd170fec45eeda14a62e46affcb9119f,10,0.9714093208312988
68814bfcc533c33183f2365673bd1327,2,0.9827725887298584
ed9f2147b985d86abf88f2a45244b302,14,0.896074652671814
cd352ad92f149c6a8005540b8db09e1c,15,0.9518033862113953
6e21a4c445c9f3771da5eb1a06406611,8,0.9615247249603271
b2dd4e267088f3f0cb757e518c703207,8,0.9615786075592041
7ebcc5a621dd1db3db2c0cb551f1a03c,4,0.9517649412155151
d86f551b99b61b8717955be1920a80e9,10,0.9711622595787048
ec532e985fab4c94f164e140dc7065c0,23,0.9521456360816956
505b35f6d2b5628e3f9c68300be4783e,16,0.9471681714057922
5e83d31a6c8b87a05d1f4cebca150d9b,0,0.9806599020957947
009ade99fc123d9e0d34e40f09133cff,28,0.8956834077835083
7a429e6a1a8bf24e538df0fddf09ac78,3,0.9278255105018616
0e844bf381242c051ddab3a55e65f235,0,0.9798071384429932
ec10af1f2c419b5e31b552c2ef572029,7,0.9716254472732544
c08f6361d27b7d596f7e76df95d5b411,3,0.9325634837150574
450e41dfc27d138f36b5526ed8a3aaac,14,0.33812904357910156
13143c24e6bab0076ba40f39f365575f,25,0.9134469628334045
b55c25df83948d78665f01f0b56d4f49,6,0.9601947665214539
8bfa48f1f99ff63e69c4ea65156b0dbb,0,0.9717095494270325
611aec0f700d1e4561dfa81019a56995,11,0.9603628516197205
258573c364217f556152a282d528b23b,2,0.9796761274337769
d417d1190da07153b982feea80ab289d,10,0.971404492855072
22f2191e890332a701313e0b23886453,28,0.8912675976753235
ca9953b1c50f1a58d095655217ef22db,2,0.9822847843170166
b3b0996daec0cfa1f480849a88b9f0c7,4,0.9522578716278076
c5edbad49e18261fef3aaef4ca672427,7,0.9711162447929382
3ccafceb068ad3b893a39c634c210fd5,10,0.9712737798690796
664ad6d04efb64025e07addd268902fd,33,0.8558552861213684
0a7faebdd2e4755ba200275f877bb84d,20,0.9606616497039795
b795d2ccbb427764e9b6b350dbbe74e2,5,0.9699973464012146
8644c2eadc1aca73e235985225c943ac,0,0.9807327389717102
9a405ed4f19fc98e16e306631c223fb9,0,0.980575442314148
c13067965995845d1fd42bd2819d161f,2,0.6546004414558411
3bc8e2ff0724ff2a38889fe2cbbc23b6,7,0.4161602556705475
9cd46929943b1e2d628c0e9a38204bfd,10,0.9715178608894348
2b24f5a61ecf28545ed8b5fb733ec847,35,0.9334906339645386
883f9a6c4e55e9f81512023fd6f3c5a6,5,0.9697986245155334
8104156206f99d8673e44951c9a3279f,2,0.9823775291442871
5791827164f09d12507ebe7396618657,11,0.9610728621482849
519ea945ce6c14c811005cb9205ee1c8,2,0.9828405380249023
9236f333add8217a8ed92f702f10f987,0,0.9670343399047852
1e6c533d408d8fd98605a6f4023280f4,10,0.9707626700401306
76915292289c10e7e7a586d9f7245c7b,1,0.9654145836830139
7eaad78c8d10ea6c0522943bd5d99922,19,0.9157446026802063
bdb32e5bb38ab5e4af0ab1c6b0640a9f,5,0.9702454209327698
1c8dab2f05fd6546bc4204631ed3eb8f,28,0.8454059958457947
46571990d878ee65b1030fac9ec9f090,2,0.9824990034103394
85b1c6811daceaaec5d5a5fb964661a6,2,0.9827776551246643
8bfe5ab622226a718adf90f23663d7bc,10,0.9713444113731384
b373e94f1e52be3b0823918cc228ba13,14,0.897035539150238
bb96341418a7935699b633c1ca562e3d,14,0.8887674808502197
8838a1333b119994e662ac4e4606f9b7,15,0.9532586932182312
5e158de771f55f02d72214fcf741e312,3,0.9325711727142334
95683f1f58ffaf0c81c413b131e17e2d,23,0.948093593120575
b2bb5f5b513634b3f6713faee91b380f,8,0.9615843296051025
b923d9e5bf04e2278335b90bdd9b5fa1,11,0.9614782333374023
768c6f0037724ef1bc87e24bd246a94c,8,0.9615557789802551
dafe711dea20939177cc64b4669e8f0c,1,0.9647411108016968
b5b03d214a1cfdadb39434c9142a70cd,0,0.9805189371109009
a19cb390d8e411ef8f6a3a0367415b1a,2,0.9810174703598022
5a91152c74c2f21c253f6c6934e6c751,10,0.9714615345001221
5882c26ee650bc509e414406216f6648,5,0.9703590273857117
3dbabe696bbec7886c0a416a6f92021a,23,0.9525052309036255
1a1c11b1d950a248c4d457c10d573fa7,8,0.9607571363449097
24750a9ccddc5d809117a92ca659a390,13,0.9623439908027649
69dec7d87968a6e6a8f2440ee4d8c3b6,17,0.8465920686721802
340aeee22c4f27d4788bead6e1b706dd,2,0.9801003336906433
c8c82b803ea0f921322fbee8e7ec296b,18,0.9337508082389832
2252f61bcd82fb1c6da36acb4a683595,16,0.9469931125640869
756980edfcffd399e8c2ed7c4eb7cc1f,2,0.9821997880935669
b02a9c43dea20c0a519722653da5955b,2,0.935244083404541
3bae7060de664a126d585cfa00fbe1b1,23,0.9470696449279785
c7900850a6ab4f55fefce50a4f3eda4a,0,0.9789080619812012
8ab5e2357a5f984d01a78ced1cfc6f35,13,0.9624525308609009
96bbff9dc6f760f8e19443f93a245e46,13,0.9623231291770935
28d3863340f4324ae0bf87930477365d,0,0.9806662201881409
6471035694574290eb1c2e84adc48a39,2,0.9826490879058838
d20a466a43a74f0bb7ebfd37cfb4c67c,13,0.9620323777198792
c7af3494724bf4e346fd7eeb5ef87ade,2,0.982787013053894
96189afefb83e69d6ea137d845d5fdbc,7,0.9712148308753967
71497088ea7826a428d07eebea251466,8,0.9611340761184692
cb4c1ecbff0e229cad4d98dc562ba179,4,0.9510371685028076
3da216ed5ccae194393f950c8133f170,8,0.9615994691848755
031e5fb0a44131bf4d452ae1c6e7657b,1,0.9656230807304382
4b4017c1cf44fcd47813ee2a24d89161,0,0.9788918495178223
3eb48c762824406bc6b54868beafb91a,0,0.9802612066268921
d6652cefe4bdd220397f8838184dce23,10,0.9712859392166138
457c40d88ae6c75bc08b6329d7662ce0,0,0.9797811508178711
f5a2cbb1ebf12f83799fa3694fa462e0,10,0.9715462327003479
48976928d12294002b8b86c013320395,2,0.9821884036064148
fd91627e61af961463054feaaa73ff36,2,0.9826323986053467
ea730ceeb4654d5c656cc5e8a020ecdd,21,0.2756887972354889
654393ef6e4f6db380653dd513ffd209,29,0.8937691450119019
070d20e82a6e241da05417a4dcb152eb,4,0.9356165528297424
739b92adc0a938788a9466d00ca5c82f,8,0.9600824117660522
2f2b01887bf90be73a8fe691d8eba173,30,0.9053044319152832
774d1129c5f8326bfe18e2f988bd070f,4,0.9520678520202637
2888e610bd267eec516e05c7e7be166f,24,0.946834146976471
9dec7a05612b84e9d581875fa18abc02,2,0.9823594689369202
f951c6f6c8a50554e202d837866422e7,5,0.9701116681098938
35a2715065117aee736fe20c0492fc44,8,0.9613215327262878
b9fd75366d69985417b10e020c5f4b79,25,0.914173424243927
38b7bc1c2b2df8ae43ee26708bfc1657,10,0.9710729718208313
b0cf2b2e85517b9f5a1ca5154b033bba,2,0.9798805117607117
214fd55ae9ba29a9099bcae236a85144,5,0.9700804948806763
9872b3914552373685851e6d04bab65f,7,0.9651708602905273
0c1ba9e1471080993bd6db153ee0b7d0,9,0.6901121139526367
478c1dfc2cf75f9567fe36ef03f00a80,11,0.9577051997184753
72fb89620391c9c4f3e2911683337017,10,0.9632623791694641
3335144d3aeb80e8da5b538e6b7d923e,3,0.9101276397705078
419b9b5f429e66d2c8b40cf384b90f23,17,0.2791801393032074
3d7c4d8e1e3e3f88962cad4883f9fcd4,31,0.8768802285194397
728629422a555c33a8f4d8575c23564e,20,0.9606703519821167
27027e869b2d314e332098bf8cb4f678,2,0.9828199148178101
5bd4efc92dcfb5f6a4a2a90b2f6fe7c2,21,0.9353097677230835
6a9b089a225cfb0d124a79676e3acb99,3,0.9314899444580078
39f32d8ca290bc8843f73a8cbc43e768,10,0.9715089797973633
34fbaad778f87dec6380745a2b249a0a,9,0.939947783946991
b9c9021d2c14defb84d2161721eb6aec,2,0.9826400876045227
49f4a7074f27f68645869dd0e84b5167,1,0.9627369046211243
bffd60ecfdaaa6c2ac86eccec7c3ca9e,13,0.9624904990196228
3c3828664deedd2f3dd6ec4cee2fe438,11,0.9611507058143616
dc3c3054337df3528d82d1bdbdc478bd,21,0.9355150461196899
8ce4db3487a10c763864c56f66e6fde2,20,0.923697292804718
b7f72e8c40e4f2eedfbeb2f8ed98bf1e,1,0.9636790156364441
6a31de6ace817630503c3da345f243c2,19,0.9154804944992065
71433392727c9799f7c761daa30e4a84,21,0.9271941184997559
502bf15d962040e65bcdded4490040db,13,0.9624296426773071
7d6db6867661e61e5498b8ca36f95995,28,0.8350083827972412
fd61ea5459866444364c6b1c5c65f3e1,0,0.9775339365005493
f834eb46226c76e18ac5ed48560da7ca,15,0.9529100060462952
7783858d396d5b927ade3239879482fc,6,0.9597336053848267
32cc0e9aeedd54f015871706583fd822,2,0.9827269315719604
1e9aa18ca730853f5a72b51dda91b0d8,5,0.8414158225059509
72e7f2af7b174c2b3999420c61f415fe,3,0.9298623204231262
93d6050ae3d017580d316a79fd3e85d1,0,0.9807167649269104
2b3a5c6cfb9f82b4a5cc2fab5c76292f,9,0.9404379725456238
2cca5bac20141fbedecd6f9461778a0f,7,0.971117377281189
9e9792708fa5f5ae0ebdbd6fdabdf43a,25,0.9083989262580872
4cbc793cb0d15874e046b76265d39f23,2,0.9822300672531128
1db496a6b304c1981ad208ce73b5b818,27,0.888106644153595
d1253e369885af1d889e9aca0e41a8d5,11,0.9608365893363953
9780d02d8251055da94da0ae6db17a65,13,0.9621436595916748
be99ed90ec3f8fd1b586dd89fff72457,2,0.982780933380127
aef1dc5c4e38f53879592a40cf9f7305,14,0.894775390625
ae50b32a480bf65c1bdd27eb0447bf95,17,0.9385319352149963
f5e7b7f5e2c180b22011cd33b05f2639,6,0.9593425393104553
ba842854a1a06ca68df4a73599bd107a,7,0.9715147018432617
4a70b28fb333dfbc7d9618a8267ed0ea,23,0.9524794220924377
08dee8c53ea57873d37c69362edf43cc,0,0.9805748462677002
417ca9333e3a0ab3d194ef00f51dc8f8,18,0.9330508708953857
c9cf071a7728c7757ae10f1b39919d83,10,0.9712188839912415
c059143e30b39b8024b6376ab41c16db,24,0.9533737897872925
f4146dc3961f660508434d28feb256af,13,0.9622637033462524
d35bba722925593452a1cf362bd7a0de,2,0.9826101660728455
f32861bc0f9eca1fcd76d53e11b40c46,10,0.9711636900901794
a914a8ca3d8c1a399a498cdcdcfe5196,20,0.9605093002319336
d47da0cbceb24c29155d666794169544,2,0.9827101230621338
c8234c4c0c0e5d5c8133909879285a62,28,0.7583064436912537
cbae0b207fb34b8b2832f96e875de767,5,0.9277780055999756
9463d083aa6d1764928186d695d15f13,10,0.9712807536125183
724b1e4fbdfab8efaed50d84648bd17e,2,0.9822302460670471
8f0f1978f8f0560018fd788d73f7458b,0,0.980065643787384
6d0a1148c71f33ad7ca1cfd5c18b2627,2,0.9823960065841675
f232c4a5c6749e7c476b6e450bf8c6f5,10,0.9712738990783691
d67b06b8f1f5768cc91ce9513fc471fa,16,0.39486417174339294
6acbe24105df1848e84a24e22f94f66e,17,0.9399883151054382
20b45a6f2b90e61af9af0ccee0f48e4a,14,0.47166624665260315
1c989ff2481b8089cf3369e526f06cd2,13,0.962615966796875
7d1a821395cda36ef009d52aeb725ffa,11,0.9606776833534241
901be8d9af54902402e15300bad82f1d,4,0.9518855214118958
cd93d832e31c0cdb6b969ac163d5cc05,2,0.9828171730041504
aa4a84939a68bd360160924e458556da,20,0.9604887366294861
de2801d8f44e3074106f2e2289997b3e,10,0.9712650179862976
c196c99c9fb2a4a8889342c4fefdd442,13,0.9615538120269775
1575da73e49b81bcc622a255227c582a,2,0.9713262915611267
417b35c84732e32e1cff0ec58c6e5993,2,0.9781777858734131
941d7e683d3bf19d60d9dfe6b1be8f29,6,0.9599485397338867
bb28de7e24d2759e0d18adc0dbe38853,6,0.9550360441207886
4be3019c0603b952103d7b6587fc31d4,2,0.9815055727958679
f7c51c1fdac8a8d9326029ed9cdb32de,5,0.8909727334976196
a1fdabd8c0fd904c84ca6721c1058510,0,0.9806376695632935
a1b2927b980cab3f6a2aecfd65b4b6ec,11,0.9612544178962708
c74930b0fb8cc6ab7ed4ddd0f9c86ca9,9,0.8932790756225586
8deb07d24720d9389c5a413bc09ed078,2,0.9816934466362
a38a1fceb421ea73adfcc03a3934854e,7,0.9716865420341492
4132d2ce0e06c4ce0be889d934a64128,2,0.9788485765457153
1b50df56c939fbd2fbc2a2bda2646374,15,0.9526821374893188
a4540ded61649c94dfea136bf34cbb88,12,0.34449464082717896
5f417c30fb88e520dc44f430f5cabf55,10,0.970954179763794
c80a85078f2bde406c588b286745bd24,34,0.9264702200889587
ec9df9937c36f7d25ec1cdc51a496b5b,0,0.9806811213493347
d36dd8de4d3dd97226218cc24064826d,2,0.8438000082969666
a2ec5fd514c86f81d05c6c60501d1d22,2,0.981268584728241
92ebca9d3587b1fa9ab745b6f101a0a8,4,0.9406497478485107
af8cd3246562db73c06f70dee23e4414,23,0.9526636004447937
d45c683f7bb7c1eacac9f8ea76823131,11,0.957533061504364
bbb150c5dee7f6ebf7226094a0fec39d,11,0.9610897898674011
e5d8d5fad5ae918b6e4d12fa595138dd,21,0.6617765426635742
a13a974d61053462630bf871c77a96ae,2,0.9706671237945557
cfe94b72aedf24ebc9451ec3d5bd0c42,9,0.9395017027854919
c5b4b71158460c67f443cd0cb25e4c13,13,0.9618183970451355
225bd26985cfff3145cd6cec6d3bfb2d,7,0.9718215465545654
a5e5d4e9241843daad9bde6d4ba06cec,11,0.9526458978652954
b822202a7b17d331a39f1960aef19878,2,0.9826028347015381
52d0840c9e709afc46eb8dc36df150ac,20,0.9606831073760986
f20f7c92684f0cffa03179023569034c,2,0.9826778769493103
b949be97a6e8084a9c8f5d455425b8d5,11,0.9605955481529236
5f571b57c0683852c03fcb24a7a0e0b7,13,0.9621506929397583
4389238977f975273cbc499432379323,10,0.9711694121360779
277271fa12908ca89185f2406aa2fd9a,0,0.9783973693847656
836447240340f552103fdb880d0a9c7b,4,0.9485414028167725
8323455ba7586c5749177d5d59a02f39,20,0.9601403474807739
c0a82db7e6e475706e5fbb57b52cd8d7,8,0.9615582227706909
da262d82c7afb2172ffff38de1895d26,12,0.9222579002380371
66e90de0b9f15822658aa2c2dc3a9c33,28,0.8440197110176086
63701434a87ada46a1c29268aacc8ff9,18,0.8999982476234436
43b7b5cc8cb671b76e02085dc8976dd8,5,0.970460057258606
01929061f9794a48b6d38c922167d70a,26,0.9253627061843872
c24b4015119eed85deb2cd0718697d72,21,0.9346921443939209
a3bb450d503da0095ba6740e9f67e804,9,0.9407538771629333
471aa06fd66aa9ac13e64dbfbd1f30c4,11,0.9612302184104919
b7012fb4edef829086638eeedd4dbd23,2,0.9824422597885132
3575e8d0a84ee274cf5dfe5242ca889f,8,0.9615427851676941
2747fc03407792cf0134dc8381f8c5ce,10,0.9694797992706299
400ab0da099e7c79fa1c38a87572abe2,13,0.953302800655365
d36216f828c266e7f86b1bdee1b6068b,5,0.9704820513725281
1182b5a2aefb6b75e27d2e29e483593d,2,0.9770169854164124
d6c326b22353d358fce181b4d13e2350,7,0.9717042446136475
2ba07ff685dc4e887890586c5106a548,13,0.962509274482727
084067f9391c59a20bcab46792e91f66,11,0.9596005082130432
4a1e8ebf97b1030021fcb3377cbdf23a,10,0.9388299584388733
0d10bca8ef857526b1872a724e3eaf81,10,0.9711300730705261
2b7fb1ced0c1db0da37a40c978e45062,10,0.9715309143066406
9faa02108412f8b3b9317d068b738b4f,0,0.9770627021789551
6da2f3ccbd0cb502ebcab86a23dfea62,11,0.961254358291626
00881902dd436c790ae4ac64665a56f9,17,0.9010164141654968
77f374982452151d4cd889dc2dbe052e,0,0.9781980514526367
5296165442364739c0b3939a16800825,5,0.9706183671951294
8b24aea2ebffd623a526f9fe9972ebc2,11,0.9612479209899902
22293a5497084bf016a95f0163bab3fa,4,0.9518097639083862
85069526cae13b9e014eb31b1d5ba0cb,11,0.960309624671936
4aa64d033f98f38bb44e7142e779ac0d,2,0.9809377789497375
ca8a1faabdc41317d2b6dcdf7708df7e,24,0.9530998468399048
44fd56f585179f903deec1f481e53700,27,0.8796097040176392
a6c65eca580e2b8127b818eae07ca495,7,0.9718503355979919
e360c5fdcf1d8f8d2601eb22d5dbdf8d,5,0.9702296853065491
870c5bdce628a9ae32c774ad0593f00f,21,0.8915116190910339
b92b0313c1c6c94515e1609754371df1,0,0.9805305004119873
d1ce06e5323cc9cb8cc268fe0ce510d5,8,0.9616101384162903
08693d0f40e74475b324a9e6b45ef3c7,1,0.9652900695800781
c95f20b64d0ec88a25b9ca8ecb5b8328,29,0.8941107392311096
d61d36bd07e78b0bafcded8c290a2215,20,0.9604334235191345
076077e9ed6a95ca672c586e680ed26b,9,0.8784197568893433
720abef13ce5cf04bbe8df0a34a182da,5,0.97041255235672
2bb85ea1e0805135da0591e2ebc66d36,18,0.9290969371795654
15c3929fda31fc6b37f7357854a7411c,11,0.955826997756958
0c251a1c50f749e4a4220d801ba627b0,11,0.9602744579315186
7d863fc075d608594305c1d799f8cf67,1,0.9622405171394348
86f4308c3248cfd5492f5ef4eab21523,9,0.9378132224082947
95d69465f4fde9639bf69d35acf827db,2,0.9809913635253906
98423c30a03780b84e30136b16233c46,4,0.9516150951385498
c99de485ad079a923416586259c3db4b,7,0.9717642068862915
40b2214194d243315dbc8b1297fee3b5,6,0.9586963057518005
35f080b3cae7420c4055ee84a9b9960e,34,0.9260457754135132
2025b10b7538657b2f5218526c268dd8,5,0.9698946475982666
e8802d02beb2c9a68473e63f04a11721,2,0.982798159122467
4710d61160b3aa46459a8b0e705f6918,2,0.9745498895645142
f2cc0900c210c689c214f626f107c71a,20,0.9607680439949036
8b78d18105ed74e46ad9ef54318278d6,20,0.9604127407073975
e01a16eb2032f7f66d0a51ce4b7a1b1c,11,0.7811868786811829
7c2a87e2e3aefb8567b50169bbdc8461,5,0.9704205393791199
2d1786860fd02deed9429e1cae75119c,5,0.9707252979278564
f6af171780d2661cdc3ffcbb2e4dab19,14,0.880509078502655
8b354f240cf6b603e0893f7819010e27,20,0.9607412219047546
21110ec1cbcb24430840d687b8d0dbf4,10,0.9506527185440063
ae1e5e7ddeb45390289a9d7266be556f,5,0.9704427719116211
5c592c2dadf10c6ad07f2071b0bd26ad,34,0.9263665676116943
78b14ad5aac226ba45f07dc7e70cef2b,5,0.9706847667694092
d5522d61e7905a8d94c0e27a5c24d86c,0,0.9802398085594177
04cafc74459df28f1762a9407a8eb828,21,0.9317705035209656
70f0e6cffbb01727488db69092632109,25,0.9062206149101257
307dceb6ff97e0779aae276a3ef67dc2,2,0.9782972931861877
5789c6339bff1c3d2cebb63f259197d8,5,0.9702275991439819
0e6b8cbbb528d28f71f2ae752da652e9,5,0.9621452689170837
14fdfcb71a783f81535c4f5836db718f,6,0.9603680968284607
2774bbe018074537790c6f64911573c4,26,0.9248612523078918
ddb13f57ffb259efaae0c19ed2727f10,2,0.9824621677398682
ef0eaeac781f72d5440e2b987722984c,9,0.9399744272232056
53122ef49cb5973c5ea66b0d201564ba,12,0.9228739142417908
fa2bd55eb38e1653a649b0a52bf33c4d,2,0.9827133417129517
100890813bc78f8138cd4c0d3a3488bc,15,0.9526528120040894
9dc05b9391fb566170ac0f0c4c6d117a,0,0.9805251359939575
3de140da091c2a8057e67ba9a809d6fa,0,0.9804539084434509
2517150a84313659cf3202d8d7830660,2,0.9826650023460388
b1c84bba9a3bb20b1b87cffb63f51db5,3,0.9198450446128845
25f730b0599c980c99f561da006ac943,26,0.9250035285949707
8e622e68066e88cc6a26c51cb05bde26,10,0.9714165925979614
b690ec7ce88002915d13de9fe612f5d2,1,0.9641629457473755
a532ee72550fafa5dd9673b250a5b872,17,0.9396899938583374
8077393ec3fb45370308b777fa129ca6,11,0.9607141017913818
afa88a8e83e29975c71122167f926b04,2,0.9688669443130493
31b0a9e7367172b3bc8250e97747b3e5,11,0.9601225256919861
88f0bb91266c3aca496db152dda9ee8e,10,0.9714131355285645
0ee741a95e0d916d41235eb592386944,28,0.8909751176834106
3fe4884f7c6ef3f26688d4df9d79686b,5,0.9536446332931519
51773af384b6dceb80a747b54c1e4f4a,7,0.9717816710472107
90a2f11731a5507cbd408ad1a7793142,20,0.9603877067565918
efddae97764688b7efc1cbd0c8cf1c6c,23,0.9526568055152893
f2b40f044772414ae42fdf537e03d35b,2,0.9827720522880554
2e2b3e976bcec501f7f61592f5a2f456,6,0.9478428363800049
2d38ee5d4fc0b0308c40689319984190,0,0.9806199073791504
89c928d6b10f2d02507977dec61bb0e4,21,0.9345204830169678
e42efe85b58d13f300d1de1990feab08,2,0.9819126129150391
82af691643c58619806d11b5556fb3aa,4,0.948342502117157
0088e5c34008febc30b1433414a634b4,7,0.970890998840332
76494c3be9a473fb42b1dc965b1d18fb,3,0.9298005104064941
fa35d0033aeefe674b83fe2e8b1edf2b,2,0.9824361801147461
aa2a4ce787d0236f3f21eb9fc7cccb43,11,0.9610612988471985
0559b09887869779303c600cd58b8653,2,0.9823022484779358
775a9f97bcd6abe15b854e21cef2fc8b,10,0.9714735746383667
cc7ac623aab43b10f7bd0b93844efff3,10,0.9712981581687927
3aaab16fd97309f8cf75a83c27dc3770,2,0.9825621843338013
0197071a97996cc81ea872d5832bfcaf,25,0.9135664105415344
751896947c562cb36126ee0762a9ca2f,16,0.9467525482177734
4bcc9160c66de47c5e05ac3c7440fb72,2,0.9827656149864197
4a5956a76a79301d2efdf950d12b4888,0,0.980407178401947
794f884c071eb3c78e8b117f8b3bd413,23,0.9516019225120544
4a03cfc7dcc9a4302dd8d348d8b57a72,11,0.9607698917388916
fa6488daeb1c5965a7d867b5d371b22e,10,0.9715459942817688
e8ff5e26665ec3ec4f02b98e462bc821,2,0.9825656414031982
4f829f2b1186fcff78fddf398d3a8195,20,0.9601002335548401
bf8ad102ac2cd2c4f618f380f9d0e8f7,30,0.42487600445747375
20bb395fc48da5956e0a719f4055e073,11,0.9260467886924744
cdec07698b857307b36f7b4328df0ad8,0,0.9806904196739197
0c31ac725c36da5f5fbe021e31d6fbe8,21,0.901153564453125
5f9cc63c2a00b01754bfe9e8c463bd02,11,0.96058189868927
fcefc12feb19c8ca48652cf6f03fb097,31,0.8732718825340271
de87ccaf57efbd9df348897e85951016,13,0.9625898003578186
caf75dec9c7fa837ceb34c69a3d929d5,7,0.9717370867729187
6bfef5a196c098c1a25a38e15fc70d0f,18,0.9339683055877686
276aaaededb51f166ed7454ffa1cf099,15,0.9519484639167786
217dfe56c330e1c1a9c0f3c6cce6d980,7,0.9718326926231384
a927f97304b9a208e3bee6d8f01adc91,23,0.9527401924133301
14a60e8bf3f5222c7109164b50d226bb,6,0.9597809910774231
8da88dc32183e2746d4648568642919e,6,0.9400957822799683
6e86ef13f0e9360c75665dd0ff73f646,2,0.9794395565986633
59b794186063cb29008d1d5dc7e458be,34,0.9256818890571594
58e342e00b9fe9f0e9549e3767ac5384,6,0.960629403591156
fcd31ce36e1a6c7f3089a3f3e85747ea,4,0.9513891935348511
137aadd92f718720fe2bb00bd4b4cced,11,0.9478967785835266
db2dad406748c7f93be3ae4c433be32f,21,0.9231256246566772
7846bb3f4b9e4f1c661ddc9553ca0a6b,18,0.9338470697402954
2d0dd9018375280def6d1014b74296a5,11,0.9597813487052917
3ea9fef256087da8bec3d1769e7fe798,8,0.9616750478744507
caf3b2514c7f29c427ad1153c73cc1d9,1,0.965480387210846
653b3feca2890afc3b413054bd1cf045,25,0.9142115712165833
1374d88e209e7d9b1baf526e07c021e6,0,0.9806220531463623
419eeaf1d7daea259fc5850ddca237e6,0,0.9785889387130737
7e4a99eb4af2d767a2db2e6c2923b943,30,0.39022552967071533
48b4087738ce3b5c7ae7a58b88d8724b,6,0.9599882960319519
3001c1ce2110861225cea993655a6de5,13,0.9626224637031555
b50a41bea879c4e9afa1614caa559e94,11,0.9614650011062622
d48919936325e40d6ea7d3bef69b40ef,8,0.9615609645843506
fc58f2df846d4db588bcdf14859d213b,6,0.9573038816452026
e392999b0f9300afad0a427c2ba63dff,2,0.9820000529289246
82aa5f72da9828be3b893f7358f7b7cb,2,0.9825928211212158
cf4b0e28124a3586102afa914aee7582,2,0.9578303098678589
711620ada97370bd7d9dc0ce2929f6b8,9,0.9390069246292114
1b335dd56a841978dd6562f471626f03,1,0.9656605124473572
9f5455f45eb0c9b83479c6d931543c9f,11,0.9611140489578247
05a0abf6d3a1b47f54a85c8eee7f43c2,20,0.942164957523346
2584a3305294e8d0b6753cb1d3f1b353,24,0.9516995549201965
26d26c5f1cb29098987cc18da3db3561,5,0.9704998731613159
1faac5ecdf84bbd196bb227019aeb055,23,0.9459543824195862
c2ce996eda415813b787fe578b2b9606,34,0.9249669909477234
af8fbb7a0d8fc16184cbf04da8eb84fc,2,0.9797441959381104
2900aded404f7fd49742bc2c84fb2e9f,5,0.9705350399017334
8aca877df0598c8563e1f5f39bb71a85,2,0.982488751411438
fe4ae45aac2e2de26549dfc5f52d19fd,27,0.8881034851074219
dd9e90baf31734f7b5265ae1f9289aa8,15,0.952555775642395
d4eaf5d7a2185be566a12270e24b3599,10,0.9714372158050537
8845ea5a760980c28c7c9508dac1c069,0,0.9804282784461975
5e117d36e714f8b161e1ac42906a7e09,1,0.8747636079788208
1d943fb6d371990a9f9a367451b73a93,23,0.9526996612548828
cd1098d5543b7bba83d3accf308e7233,20,0.96070796251297
1f0510a7538c65b37f1e3738129b4693,2,0.9820854067802429
80e0c6dbd8718e36d4c25a10d47e6716,3,0.9234831929206848
8216ba740057f4c46e5021d1edeeddce,18,0.9338551759719849
69119a551dc53ce6896d34c8fc515ae6,2,0.982776403427124
b3ed37e691ba211f4ebd84b8c0aaba40,5,0.9706282615661621
06f393d241efe2a5275e814b207b6e5e,2,0.9825568795204163
797da315d19ba1847fe5f77200e4373e,2,0.9826880097389221
e654462b8216c506867100a64c965784,33,0.8559080958366394
a0b489268f9bd21e8cb08005ebfb6cc6,2,0.9827431440353394
cd8bb443ad22f1a7490b51aa2c7cd9b8,1,0.9654333591461182
05d98e2ec770de6de822f4b3d9536c02,13,0.9610306620597839
d2a3f999f8ed221cbf285c9e98ed2d00,2,0.9827153086662292
65f303ad0cbad9a0f29cfb994ddd384b,2,0.9826834797859192
6b5d7a556b03b354dd6a6a829afd8981,5,0.9702520370483398
bbc43e585757cb6bde4dd1c9a8a55471,8,0.9616259336471558
63e642f648c56003b68dd9609986b7dd,0,0.9804881811141968
794fe200621c5f2744e0a780f4c893e7,7,0.9690176844596863
42ecb0383ddaff3612491d6c5d0b88e1,5,0.97039794921875
afdf0dbb007b089bd29be80f6aa6cb4f,3,0.9313264489173889
c40c02b1d32e24b10f58d91265c85b3d,18,0.9284939765930176
536e867419943e33b10a7ba8fc663676,10,0.9714008569717407
cc2a6c5c8111c2d6c8bf548830e21198,0,0.9804091453552246
350ee9a8c85c52f582405f8669f87d5e,2,0.9824874997138977
3ff939532f52222310ca52fc67042244,20,0.9607505202293396
2b84fd97654a1373b6b933e7bacf359c,2,0.8744024634361267
6fe986ff5e83b10e5344eaacb08d86bc,21,0.49451905488967896
27c2cc73ba77311a60c1a71cc1b710d8,2,0.9827279448509216
17b66d6c6db5f5579898fdca3d875a61,13,0.9621355533599854
89124355f80903172ee7cd71b8d4ea68,3,0.9318428635597229
d3c12e184d3cd0fb675de81d48782183,8,0.9614095687866211
6ee7c89381cf3cc5be0d3b462462682f,35,0.8921185731887817
8961f4b5b6d0681f73646d7f31d5a3f0,1,0.9648433923721313
cf3913df8e5d35c8450be519c24fa534,10,0.9710432887077332
c081e6f3d82c555e40614b5c8a9aefcb,2,0.9827119708061218
00dbf99fbd7822f3a501fa9d12301893,34,0.9253809452056885
9be5e95ff5d7868c87517891ea3f0d96,2,0.6255448460578918
ec98a1f66fe21a881732ac901696226b,7,0.9705119132995605
9092505272fbccfbdd8852970ba4680f,10,0.9714175462722778
d64da12e7611e05afcc465d1f0e2b975,6,0.9542695879936218
4f1068f99ab3deabb7f2423e8c249810,2,0.9812880754470825
c158d0a5fdfb48ccd8b465393d7e17fe,21,0.823045015335083
885cd2c7ce7860587c1c5634921f95e2,15,0.9136652946472168
881b794dc0598ff1ce365dd93d156617,11,0.9605889320373535
f71d1a74a0d51f1604cbdf76eddfefb2,5,0.9704321622848511
846f7c7814ac79aa60bdb30907ecc34d,2,0.8171949982643127
8291906a3f331c4232285a6a9bfcefe8,6,0.960345447063446
1e95ce0afccc4a1bb78f75ceae8fe6be,7,0.971828043460846
73e7232a160bc51fb8dbb19fdbe66664,2,0.9828222393989563
86bd2da46b8db6d4280131c8af726ffc,34,0.9213474988937378
082932e8163d1b166881670cc32672ee,10,0.971393883228302
4c7b1eec766e9757a6f0870da99ffdca,8,0.9580289721488953
a66994b1ce4baa8ea0b705008355c9d6,8,0.9614870548248291
9a5ebf13eec73ad2cc9e608b3b49ab0f,6,0.9340951442718506
b603263c9291bd9f1c337fc4af9dd6ed,1,0.9653699398040771
4c3187252f74a5f66a0fa30677406652,5,0.9697718620300293
2f2ac92cd2568fd42ec9d447de517484,1,0.9649967551231384
2070877ddd3740b37aeae2266b62bcc8,19,0.9171057939529419
70e8d044bb1f57d016e2980b2bf30345,2,0.9827470779418945
095e3506692834fb43f0c06a6cd19153,2,0.9762821793556213
5bbf5a82cf632c1219974bf3674c3aa0,7,0.9711073637008667
7fa3d6c19af1cf564190c35098b571e8,7,0.9718953967094421
89ece9ee698ab52d625f01e7825e59ac,0,0.9804314970970154
a2bc4e858df98874c563c237171ae39f,14,0.894501268863678
5f1cd0b49395e57353bd8cf50cf3623a,2,0.8093182444572449
e16d9107e4b3425ea397abdaeea487f6,6,0.9603387713432312
e518814c64c72f043826bd38cfaa210b,6,0.9359877705574036
6f68c28c6a778281d17264f8705db46b,0,0.9804908633232117
4eb118783733723fc203fcd823fad1db,10,0.9702438712120056
960f6f7426ba22a2451910831dfb6837,6,0.9604021906852722
f53dc13e1239ec5dcb979a43d3b3cac9,3,0.9271483421325684
d0aef9f0237083588ba1a8a669e4571a,2,0.9825902581214905
e5a162e78e584630c1f64df958cfa9d0,10,0.9712640047073364
723774e5d723b5bc91013fa5e3020e43,13,0.9555113315582275
c22a05f21f75c6d7064df1f59515f5df,6,0.9602257609367371
d8af1d6f24553832ea5e538295022988,2,0.9824973940849304
582ebac8e06ba7b7bfed26eb23f563f7,9,0.7904069423675537
797bc5068590b5857ff923f287355596,7,0.9718421101570129
91cfc6ebfb7aca7fe450a9a594fffadc,7,0.9718904495239258
9aef6d8939bb54580a1435ead08e8ed6,8,0.9616734385490417
cd36f8618f253269bb330035069e3518,0,0.9803240895271301
cc218d075bb6d5a953a8b44507137f3a,6,0.9581612944602966
5625ed972db15db165f5f4b106fc3cc0,1,0.9652859568595886
03ec5011c407607416d910c7627bea22,0,0.9806944131851196
7153cc7e2f4af712db8413878643719b,3,0.9313909411430359
4a3565fed5859a897b8731f44755a00c,17,0.9395559430122375
db621e4ecb164b64cb806063142cc445,11,0.9605917930603027
e65d2bb4cefac8069ca6f87bc9c12ba8,10,0.9713943600654602
56c1670c4f937f9d56b385cd02edf07f,0,0.905325174331665
2a878c481c45fdcebde5dae01f6cd27e,0,0.9071236848831177
541c67e7ff695b3474cf01ac9af1323a,2,0.9527665376663208
9247dba40ca6e67a6c840ad88182121b,2,0.9511067271232605
85771b9837c9d3be84996b51d29d24eb,11,0.527941107749939
6dd4d1d29db7c1b8a41b2bf4bfecaea2,2,0.9784573316574097
9848639d16651e8f1952b7b18e0bd425,1,0.965235710144043
088732fe4ede50fb374124808b08b09d,4,0.9506880640983582
322f286ab43beff8e1cd6701a4898de3,23,0.9524965882301331
068395bed8ca4ce28fedc3e66a3f7aab,24,0.9536231756210327
37d38566c188ce951db2962ead65589c,2,0.9814960360527039
ddfff35149f2ddc15ab50806d82de10d,21,0.9347319602966309
02d908b44b364434166fb96727dfa056,11,0.9614725112915039
57db3e6d810dd126c4713755fa39ad48,2,0.9826189279556274
b85f977021003aa3ba2ac7df02938994,17,0.9336816072463989
5fad01105f4e48dd27c3d1698f3c988e,11,0.960767924785614
4936426dc6339319ae579ff09d709410,1,0.5804400444030762
c22dfda2ba0950f2a423a59039bac175,6,0.9556969404220581
a7f6c0d01f07fc7baba0fdb8d008f8a4,6,0.959217369556427
727714ea99f8b41d34369957a5cb39f4,0,0.9807775616645813
eb8d835c0fda60131f242569ce43e7b7,2,0.9826850295066833
9cb65e2f2eab31919eb15dc166ea7573,5,0.9704170227050781
5668ab395369496918603851949610be,5,0.9703079462051392
fb3eeac990fbd20ed78e79e43fe11417,17,0.9386621713638306
1ae43f67573b86d479091596b7fe815d,30,0.9037395119667053
1f1cbc4499fc53244f63718777aeb8e0,21,0.9271152019500732
886ee4d0a271a445a2237615f00ce74a,11,0.9603963494300842
aac2d25c9e8573285ad6871a3305bb5a,20,0.960534393787384
e5f2fce7029a1567d9c98a75c844ce28,13,0.9624220132827759
3a4171d8bb57a5cb5278b93fbd10280f,7,0.9718078970909119
e34fbec75cb0a98327cd1ca9ab28c94a,21,0.9133304953575134
9fe631160811ccc02fdba3900b9305ec,11,0.9608381390571594
607af2fcec9c41b86fca3ae485d04e10,13,0.9614777565002441
8af1d37d88c230d9d181c8f7ac795f63,2,0.6618162393569946
b2a8c81b54f588646be2028219979c16,34,0.9252358078956604
7c96f7633e58843886e685c782c37b08,11,0.9568992853164673
4c7c85f1aacc316594b712186088b821,8,0.9615885615348816
6e06fb811f37c572b977122cf5ac0909,26,0.9264419078826904
90e8ef9879374ab0cc3ea1d97a325817,0,0.5803648233413696
8dfa42c5d5ce6a6c22fb09381d8ace29,2,0.9826052188873291
33fa31030e321f009f5442f91b140162,8,0.9615665078163147
2fe02e1109fa3af92f5deefadce82b2e,0,0.9804790616035461
34008bc2edcea1752ec34966426dcc7c,2,0.9826016426086426
15458c0356c3881421c3fb08255780e0,1,0.9646888375282288
ecf7e3ab222be0908c77fdd3da03e846,5,0.9706470966339111
8d6ffe40913a24e56d2bd3b7e20e5b5e,26,0.9255052208900452
11998d96c0cc92da4782fd9d0b0c786e,0,0.9805933237075806
46dfc3191c946b4a601f801b5c51a984,28,0.8352111577987671
90e36da8d782b550499ae0e85145ec2d,4,0.9481135606765747
e095230bad2d2e97ae463de6b4560038,2,0.9804209470748901
b65460eaf7574e14b6ef0c954b5ac16f,4,0.9475210905075073
29d0a29adf81cba4fb9e504c836c9282,2,0.9818130731582642
9cd82dc00b603afdd466fa04a41a8cd6,10,0.9713637232780457
25471103df3babf4ac6b58f4cc50fbb1,20,0.9606425166130066
8a628aa1420babdc79f4edfffaa8a38e,14,0.8892791271209717
307e1f2a6dc920b09aa20fdf5d36fc22,6,0.9589024186134338
40dcaf9f5c978039c9ba808e2bdece9a,0,0.9806166887283325
4bbb0621f685cf10fa9645b054131b0e,7,0.9717690944671631
572660ef9d9ed38556696253a14d7414,2,0.9475868940353394
81880d47306caf095b814bc82d766fd6,2,0.9825291633605957
f17459e59c195fe483b124e64de0f9e3,13,0.9626001715660095
5f38dadebb5a0f953a681e53c29f9d36,1,0.9653750061988831
c803a2feccd82b5995a7a9022402e768,4,0.9525086283683777
5a1b09c7f668dea1513a963c426ea343,12,0.8340879082679749
0918e945881877aaa0109b7195c6815a,1,0.9650374054908752
fcc7cef0f1c516170b73b8365c5c3bca,11,0.9607364535331726
7d97912893a69d5146bd24d065dfcd57,13,0.9625004529953003
089e6e9678cbbf40a92240cd96ec9d46,4,0.9526070356369019
45c4b3ff10d2468738e2fad1d7ca9297,4,0.9524174332618713
de96fd0adf8963c2138d9d52a4804b2a,2,0.9784486293792725
de44fbe49e2c51801e13682aa71286e6,14,0.8923785090446472
ee552e31be08b2f6fc692de504f94ad9,15,0.9529391527175903
014dfd3c68fcce25f473848d2c235930,20,0.9584099054336548
53edc808fc0abcb7faa6193c32101d11,7,0.9717734456062317
c049309427dcce12aeb1d3e3b16b6d90,6,0.7402719855308533
f911d54202eee53bd85ef2c66a7e3f7c,20,0.9607982039451599
23d43e5540313107ca36b722e701c51c,6,0.42988550662994385
f1ea1d7baae0d09ea28bd4b517ba19e9,16,0.9462729096412659
0da3553ad1a20d86fbe59200a40c8339,3,0.9085994362831116
2f7fe02c4feb8848cd55af4447be883c,4,0.9491331577301025
6d2bc35a8a77042ba2cda55907ed452f,7,0.9717528820037842
c414389b9b239cc3c4e854ec3e7b2aa4,4,0.7184799313545227
93a0f83923a8c6d9cfbc52a4edae3ab1,1,0.9655615091323853
9252e4319ccdc44f020bde48b6d7f744,4,0.8889259099960327
03f639a301298c16d59258bd8853f31e,0,0.9805942177772522
4932484820939959758a697c9f7fe751,2,0.9827510714530945
603348e452be0647e6e8732b1571dadd,11,0.9597151279449463
471811afeb1ddbd951a570f8afc985de,16,0.9445686936378479
522a1b8e544afce7f9a8e2733d13580f,19,0.9142336249351501
851adcf024f6af5464b76f76098b94b7,0,0.9799016714096069
b52e7dffcabe563ba1d25c886882acbb,2,0.9823707342147827
6002712adac7aec39eb42069e0ad8cf5,11,0.9591609835624695
3772bbfbacd6208a797d54146dff315e,2,0.971949577331543
fb4a07e5ae193c406ca7cd9df3a7bcf1,13,0.9625780582427979
a426a3ee4bf6ff109594eacdb052418d,10,0.970942497253418
cbe3d6e36e15e9d63ad6bfb2efb08aae,10,0.9715102314949036
0e667597cb5390b849f900106dc8c99c,0,0.9807242155075073
08081e942884f0f5065fe5316eadd3eb,9,0.9404813051223755
e1ae4c6745c18870e106d115b04fbb7e,27,0.8810316324234009
c724c24d51e25d2c263623debb56ecb3,3,0.9311781525611877
83169c0225563f9eeb10c78fc0d5ab58,20,0.9606569409370422
469e44a0bcf40b492ac61d924bfe2009,20,0.9606497883796692
1ab784c719d6daebe389bf1144998d6c,7,0.9708980917930603
71408dbeee984756d3af3dc93ad112c2,9,0.9277933239936829
37284c3a0a06231708a026ecf6da40f3,11,0.7994179725646973
7a0a566c880fcd5894f1bdd9bb914225,1,0.8809683322906494
ce605a5cd6fb385224a92e742ea14d59,16,0.9467573165893555
ed6e70138a3d51929e0cb6ce527c2ce4,21,0.9354071617126465
e54cfce152a78fb7bd51ff2f8afad15c,2,0.9828013777732849
5aa050bf80e87a08e7a0c1d6af463708,23,0.9515824913978577
a5a8560e40f8265b503b059e346650f9,0,0.9784133434295654
95cad79079982dc7fe6dec1deb7a9b1e,20,0.9605980515480042
90f258aa67bf30882cd61c1f36e6acde,11,0.9005767107009888
db7b8afd74abd00a8353c7dce5025bc6,11,0.958200991153717
f4a652715991bd33d10a5f3fad781809,0,0.9804490208625793
001115c911de7fdf742c91cbb8339292,10,0.9714362025260925
8039549bd9c19ecb7605ed8044f7f583,11,0.9614492058753967
ad2a1136e7b7345e537ecdb3ecbad13a,18,0.8606928586959839
05fe87380fdb69c00d6a8306a35a7c01,10,0.9712392687797546
51a8bbce96ba833c14310276bd5c3ddd,1,0.9650871753692627
7511d435c2f96645884001db241a5e72,29,0.8930382132530212
15863adc412d96cedee338503b1f9775,2,0.982227623462677
f87c392bea5a249886fd17ecfb8a2da3,10,0.9694206118583679
d01f24931ee56b5aa23229df1f7ab8f5,8,0.9606403112411499
9174dc28b2b7d6763d5f90d8edcca5e2,5,0.9694064259529114
11606fa0d8632f550e66e21d89e7bd3c,1,0.9647068977355957
3433fbfeb2382fc8a65c3e552f6d4754,2,0.9816966652870178
a1ac6788efa30249fbbedd342631e51f,16,0.9466820955276489
6c07e4ca5ac0bc2925be9761a8f32a3e,5,0.8785319924354553
784bf51e2d86a6a07650467190e0c866,9,0.9402602314949036
46335991bc416b7c8775537804375b0d,11,0.9612219333648682
d84faa63076dfe946500298050bec342,14,0.8452019095420837
ac656e452508e0bb835aef2de73e65a2,23,0.9524981379508972
3dc31657802f7d6a1c9e5c457082b3e7,11,0.9607245922088623
91458e4ec0e2587d9b71094bdfa76ea9,10,0.9714056849479675
062a688c97ddc47dfc0a53c162bbe4e2,2,0.7916831374168396
f093660af067fd0f0fd5629ae207b8f6,34,0.9253482818603516
52e973aa970ea192d8db458054947b18,5,0.9704706072807312
764886c755f533e5c55e558adbec3f18,2,0.9819605350494385
421530f8c6ac5afedac9b92d1ae0296e,3,0.9194278717041016
7c6b48da6fdbc48a2236aa8fa0af85dc,8,0.9592705368995667
990360a87b449c23409d6cc73ad1032a,2,0.981553316116333
c99a91f72495530e6e44492c45049cd4,0,0.9801586866378784
280dd1d73525ac3ada9f1b200c222013,2,0.9826192855834961
4ec9384d8e90c2c1bbe8cc7addafbc3c,8,0.9615252614021301
49f7a0c63523e544a7bb5915c14f2b22,15,0.6088151931762695
a2c5269b9d1d5808d7e9f709bb091c8f,0,0.9801063537597656
b7642b3b2c8582f650669c74929c6c83,2,0.6544946432113647
4059d310799be9359a6b0ac76ed396a7,7,0.9560070633888245
e9469cfe2d6b5e6a4b775a4a693fcf61,10,0.9714192152023315
dedd0ae2ba88c0ce8ce7eaa46d0cace0,2,0.9826748967170715
68d34e3aa24d354e63af3a99a301e18f,24,0.9535555243492126
8fc9e83d0a2d3204d937cc0c8c1a8665,2,0.9827563762664795
af3e04337a7387d9fe67fd12b784d7cd,7,0.9708475470542908
ee3bb47ed195f2207c9fae0e41457a64,27,0.8747869729995728
7ef4798e524d00a34e393200c97fb8a5,25,0.9136273860931396
f3d904eb64ad9a4e045354f1808f554b,6,0.9590966105461121
d386f5fd4e709e862c7206ee11764c5b,27,0.8878872990608215
dbddac2f6c4056c2628b6e029b6e7eb4,2,0.9823611974716187
578987d111b4f1662963b327e26a1a1a,35,0.9319508671760559
b825cb9ee7a14536a041a769c2df1ff7,28,0.8922306299209595
ec10c7c733344536d0546792f19ffeaa,2,0.9821816086769104
f810868875940d7cbc97426104f7eb18,10,0.9714600443840027
49ac69a3677051daacf012f810cb5e58,25,0.911605954170227
d8a3d0f6aa562918f8dad6513350f3f8,8,0.9614633321762085
42f4fac94e2b43bd0f43d5ec28da71b5,0,0.9805324673652649
4076c5f49f58192fd41e9c1f70dc029c,26,0.9072140455245972
4ccec118a775547a9d3785cfddce71be,2,0.9194709062576294
f37652ce16b668d3721ee619c3769f2d,0,0.980552613735199
c0156974d72af68a06f9bc2cd518041d,0,0.9806761741638184
5ef93580ba97035281695ac3bec847df,2,0.9825173020362854
ce751b6e9ba3db06b14969ae4106672e,7,0.9718837141990662
67ebd133b83edcb42ef4c63c814a2012,15,0.9533409476280212
72cb207d1370ec1057739d687e1d4049,10,0.9385243654251099
a3dff5314cf5a02aef35fbb0c44f72be,2,0.8300257325172424
03e27193e746d9f95d188f3a4ccdaceb,8,0.9616628289222717
2fb855db9c5b458a741559fa6d38c424,11,0.9606737494468689
62f05a87ec44546c065948b0f896f309,0,0.9789039492607117
9018d4c49256a4c80779b20dd3208515,11,0.8136602640151978
4f714b590caecb0c2fa1bd1b761f2c88,8,0.9617135524749756
d77531b3a2412fc2d0e798607cf15f24,11,0.2778276801109314
f59021143261f16758cfa8f9ec7cf3fd,7,0.9717581272125244
a821d81e42e5ce41223d7e0659238540,13,0.9610527753829956
fe0e6abd8ed8a9c38c42049e4b32ab21,4,0.9293195605278015
294c64b72867ca9508fd6a8e0a29336d,8,0.9587118625640869
1fbb3a6ecfee66053e2f9cb421c57a90,11,0.9612859487533569
34eca1179d724379eae54589e9b6b206,27,0.8901755213737488
92f22d35ed4a2655c39b22ca01d7a7c9,18,0.9333431124687195
1072bea9967397ce034e1895fd9f7661,3,0.9309698343276978
06414035e15af965024e5b7ffc695c72,6,0.9603227972984314
06fe66aae2719a32e445b194cbb800c4,2,0.9814541339874268
751f700d059b9f435e03a2bba9e306d4,21,0.9337515234947205
bc6968a3ce85ec31605755a620dece18,26,0.9248097538948059
d1e2b241247e6782e0ff323ffd6f27b8,5,0.9705267548561096
dc40237aa19de3c20dec113afc834c1d,5,0.9704717993736267
eb19115ea68592df207a11db780c18ea,13,0.9625635743141174
e4f8cfff275a2b0699d849b60e458ed2,8,0.960358738899231
326d59a0d71ea927962dba3d38db52cc,2,0.9822965264320374
2770b41ea2b524c956246590b9f787bc,19,0.9169174432754517
c03619f321230e04cdd50b7bec9f0bf3,7,0.9718581438064575
4e48b955aa8ee6c9b553d1961e582a1d,5,0.9703035354614258
77a212445a42c91bc7623603f04b4d81,11,0.9601558446884155
8079915696d9190963e79d919dc8e1fb,11,0.9333012700080872
146b24e2452b94fb092b842c848c4c59,0,0.9794312119483948
e00cf11ecdff0241ea5d4d6fd03de5fc,8,0.9613988995552063
ecfa103c8014467d7b46b85e69649dad,7,0.9636645913124084
980b742b6576eb951a5696e3471989de,1,0.9647473096847534
5a6472fb5bddeb75b76bddb60bbf1c49,18,0.9337202310562134
2f64adb654c7251b86ef604b3ef9d900,7,0.9717299938201904
e9754c94beb71803aa5e645c76a3431c,7,0.9711921215057373
ae1ff6899293f2800f8c626adbcfeeb3,0,0.9806828498840332
1eb1296c3fc2f83ed974dc239776afc5,6,0.9594835042953491
dba9a0c33a71af9aaa0e885d52c902bb,7,0.971620500087738
ba95f773f15ae476fa486c71379779a2,10,0.9619003534317017
c1b1775b2aa3d9819af823d77ca208ed,7,0.9716928601264954
b45bae60610ef1df17f223eccbaee9e6,11,0.9608218669891357
6c9a373f270cdfcc45a0e0cfe11b2a97,9,0.9394568800926208
81ed820a106b6c7301c7a0a2b9d711fd,1,0.9632747769355774
8eeee57d81caf17151d385b9b0a59c1b,16,0.9468402862548828
203a9f45896da9a6107a98088cb6f89c,29,0.8946545124053955
6bc522c1e7a96234b4dca559b5a20424,2,0.9746305346488953
42f99ed008e660c4a14461daa6eda020,7,0.9705653786659241
2944d91482725a58505a86c1196dff50,16,0.946851909160614
6c94ca2aef527df602164e0700bf41ae,2,0.9771297574043274
46f9291258ea203f2c3f4248f1920837,7,0.9717269539833069
183f08eddcd4e1b677432c9b969749a0,8,0.9551663398742676
e6f5203a83f73895a76a3edafeb08654,7,0.9714599251747131
ce64ad0e6ba8d523fda373b51dc11d65,14,0.88771653175354
6e1135b1289aa68c6938893810f6738f,10,0.9708867073059082
e2f59bb483e0e02d10c91f99a428bb04,7,0.9713062644004822
488cf44c0782b83dce7bc092fc1ca9d9,10,0.9699383974075317
1d63c943e6a2817a60494d3cbae09e12,13,0.9627192616462708
14c06b5e9a2a6796bc3442266dcc3ccc,21,0.9331392049789429
1b6f8c8dd7d05880993ca098071b555b,9,0.9399487972259521
532ecb2b08b03a8d5de07d19ab853d72,10,0.9713266491889954
2b560471ef01e9f3edafc24223dd969e,17,0.9371128678321838
807658804eef0d80369c12b2286e5a15,28,0.4656801223754883
471d1b2c54c3e321e5c7b48e09e87ccf,7,0.9542974829673767
8197719a8c6cc5c79c8791820a800447,5,0.9613205194473267
2b4d0760be587443dd2397d09c21157f,5,0.970355749130249
3b4c984594a64eaf457a075c9c387898,2,0.9819526076316833
4f38e2b9f162d1f804a3fa2405aa8a10,30,0.8912118077278137
f68975b261ac84ed08575462674ddcda,14,0.8817399740219116
fc12dd6791d33aa1bd6c31efe5e55de3,5,0.970100998878479
daee6e8d8e875db605597be2df7c9e54,14,0.895295262336731
92a030a27d2e31d166d4523c2e15508c,2,0.9824764728546143
bfe99abed7e9f878a237dc4f50bddca7,6,0.96030193567276
02be7045b5b50b27813f22d3b5ac3a60,2,0.9826982617378235
720f32765ef1b7d454587a9b98c0dffe,3,0.9305899739265442
f3e7870eac8870fb6d05368e13361d2e,11,0.9442394375801086
4c1ad0cfbe9481b3118fc69ce81b085c,25,0.912293016910553
63672c7840f8050520b654ca88bceecc,5,0.9704552292823792
c6aef1d5e4a7f762d30387ba16a7e8ad,24,0.9516435861587524
99353b3565c272bbfb0f97ba0389ad86,27,0.18022051453590393
2cd6077099582e5fd5a4c31546317c31,30,0.8309213519096375
b5166037e604d0ac8e87c5aa38f7e4c4,13,0.9619746208190918
9bdf2a7448e8e974d97eb3fde3607adc,28,0.8527313470840454
c1548557ccf8a9f9703b71e6eb339541,1,0.9652788043022156
fa3e3f69cdafadacc29fad9a2f220a99,29,0.8168652057647705
3354d4edcace399d47323c8b86f7d315,5,0.9705934524536133
580b5142a08240eea732909ccd373c38,5,0.970406174659729
6ee212bf3b470204d3a66d0ba874f56e,15,0.9535000324249268
d4ade63f8901415f7c3d14be89b5e8fa,10,0.971481442451477
50b38e6a317504c505eb2773dabfb552,5,0.9705135822296143
5caed72dc625666ca08f318341763330,2,0.9665303826332092
e575e387f94b7375bf5a361aa58bb082,10,0.9707909226417542
94db38a7af8b260ba93a593ad92a9530,8,0.9611025452613831
b7762c426d02f3725e70a63f4821e055,6,0.959962785243988
90d88255e4044e4fc68dbca6b259547a,10,0.9714882969856262
7a2836f13493eafad0330bb831276257,29,0.893746554851532
3829f8bdc8d6d23642807b75921d3b38,0,0.9803903698921204
0674946a3c6b5fa4a6ae6ef9212ea3bc,27,0.39681655168533325
62abbc3abf6c40279900ad2a7e626931,21,0.9224070906639099
6207b1acdee302e01671bc32dac81482,24,0.949016273021698
ab3ea2c3761f86e8bfbf0ef9ac2e5068,2,0.9768691658973694
26d50e7ddebbad95dac8faaf41108dcf,2,0.9810875058174133
18214d6a5b9f7530af25f7575e7af65f,13,0.9622315764427185
e1bf36b3061484211446973ea69c0e2b,8,0.9616395831108093
5c4d56122f9cfce738c58f716d894e43,7,0.9717411398887634
a825bd47e86b2268cc461bcb9dda7e9c,29,0.8940850496292114
5632d1e58618944799a9f25f3ab19bc6,11,0.9609699845314026
2fc81a0a531be9f82d42ddb554fff365,10,0.9710146188735962
2f156ffcb4d9d2e947919b587f5c45e7,24,0.9536150097846985
10ff363d75839346e6e24bd4a8d25759,10,0.9714022278785706
80c36b92b6fa5edf00aebcafed1501d3,5,0.9705212116241455
115459537c0af3c8e1977620f9733394,5,0.955812931060791
3770558bfc6779b7ff0d6212c9c3d06a,10,0.9711896777153015
8f13de3d5ee223fc3739696459ffd3c3,4,0.9518910050392151
68ee1e69c6049dee9c90514ca0679419,25,0.8987020254135132
d14e13355e573eb6b7f0c8f9bba526d5,0,0.9807420969009399
381aaf93a835516e4992ec71d3807622,25,0.9144909381866455
b3031a2210dd587ed676081579926323,7,0.9714374542236328
860df67c4ffc3c977ccef831e33d9f58,2,0.9825941920280457
926deac88f184bfbc46622817a0dd34b,9,0.940355658531189
44809190b3ae0fff2e15220a21fc6e8f,11,0.9613131880760193
2692c43c56afd2585951e059681d4e28,4,0.9523122310638428
f006efdfafd739ddaf986941a909dee4,10,0.9713153839111328
b17b3fbb2a8b82d4bbdc7cbeabe33412,0,0.9796699285507202
89200d4ea5eebbf3c53c2d76282399f1,3,0.49511274695396423
20946ee542ae33ac8a2a9e50719a9cf4,15,0.9518454074859619
733cd1401d5ce7e46e4b21547705e854,11,0.737271249294281
d0611670dafa5189ceebca78f9e82886,11,0.9615032076835632
dc5f7ba8da348b68c6f32c80357910c6,0,0.9806327223777771
a3c119afadcc3cd9dc70409d33cfa2e1,0,0.966988742351532
707388cc7962447c00f10ba790bad11e,2,0.9824864864349365
a28afaa30e6151619ea176f276869137,24,0.9535169005393982
df293cdc3ea9f15959b6163386c8945c,19,0.9164239168167114
a52c840aee39190f7d72cc968c2b1af0,2,0.9818941950798035
9e6c1ee3e7131d6620e84843d161d0d3,0,0.9803619384765625
e2cfdb373b581731204fc6d797fdbe5d,0,0.9805024266242981
679e8b4bb6b1b96efb3aa138d723b746,11,0.9613180160522461
37fd13b7b284fd2143ee85ac6bba2bf9,10,0.9694255590438843
edac1fe8ffedad27b02f8227ba11fdb1,8,0.9614976048469543
78452fd3f5a7c579497878be105be3f4,2,0.9236190319061279
d8be53a60487a3804728defe3a6b7ae6,2,0.982803225517273
ecd433e2d91914230c08717e89a2e6bf,13,0.962449312210083
0a2730d58b777d35c9200fdf8d8c3953,10,0.9715045094490051
bc3406793b1698063b97d09ecdc8a029,1,0.9652214050292969
4f56bbbc8539374940900c0c04df52ff,3,0.9325690865516663
76a0a60b5dc1c24514622c38f1db2985,10,0.9610440135002136
e5a4f4dfe328819fabed9104912bc6d5,4,0.9225112795829773
95868eb08f5cb5d966feab18b2eb7d27,6,0.9583075046539307
4a62eca7dbf8d92555b01aae0cb9d923,21,0.9240794777870178
40620cd71195dacf54ccefc9f1585b77,6,0.9600268602371216
7eac8912eb22123302daf507c23320f5,15,0.9530041813850403
0b55ce0d2c437250e47da6a977fd0e5b,6,0.9579281210899353
fda3ef3675ea2385bfacac818491bf78,5,0.9704472422599792
807aef61754d9ef1dc16f57d5935ec00,14,0.8617380261421204
41e7ae3f7a58c719b536c9abcb90a4cf,13,0.9524626135826111
180bd052aa5461f44e56c6b8349c8929,0,0.9803274273872375
e52140721ddd3e96342adc809bedf13a,2,0.982176661491394
5a5e34e7e927b31f09a150319f7ffb23,0,0.9805553555488586
f2d2aa7a1d38a489a49a29b9cc80e280,2,0.9820981621742249
a241fcac2db7c1e1f97cd6586474155b,10,0.9712634086608887
49dd979d05071073297991c2cef53caa,7,0.9717516303062439
7260bb39d56616f181209314f2fc9841,5,0.970057487487793
c150fdabcf3955d41626572236280774,2,0.6850115656852722
e5bb942ea715ecc6aa33936234ec246a,13,0.9615704417228699
c0c5a8e264af7c2965be7d5ad22054b5,4,0.9309489727020264
5bd26a33d378bc7beff2f600b24d3307,0,0.979977011680603
e324733932342530f17fc00ed441d13d,10,0.9712923169136047
7f60c7e52d674b4ab771299ac5c0995d,2,0.9824914336204529
9b0c0fe517743190c5871d03771a65c3,20,0.9606011509895325
deb15137b5a9eda7f973885b19731b08,20,0.9603007435798645
9209e08e98364c43fed9b6a1a24fdab1,2,0.9818189144134521
b64b8e65b7249c4cc5f8f91aa4972f53,11,0.9362342357635498
f2acdb10d132648a33643f9524a26508,4,0.3882381021976471
5321914465127c7806d3be3dbaf43fba,2,0.9825422763824463
36b8bf3ceb64cea5289002ecaac6813c,7,0.9717337489128113
1e524881b51a9edcc2e2a469f8097d7c,2,0.9821157455444336
90bc35f4994df8d92836c8a81dc10ffe,7,0.7199362516403198
0a67e712d8ee20dbb83aa0f887063edb,9,0.5485410690307617
9c0fb6638ae93bcab631477e5861d0b8,6,0.9607447981834412
427a777f59cd966b860e73289d5b9b79,13,0.9624505043029785
a821294cdc422cefbeebb32d3b1e6457,2,0.982042133808136
2058eaad3e8d48cee72b3132c442106f,10,0.971470832824707
074cf051d1e8a7500a970c1886e38311,7,0.9716547131538391
d59784330a42801c695ef07cc401e6b1,30,0.9020637273788452
c5bf51f1428485937388a471596ea6a4,4,0.9522712826728821
a1de131b512ccbaf48635ed4ee8da34b,1,0.9652426242828369
a5ed37a94f819fb71bfa5c57ab91657f,1,0.9655148386955261
4e5aec3b98d30dab836a541523532d88,4,0.42085981369018555
5544c994ebd7a040551198a02cb74c23,11,0.9603829383850098
f380fd0c14da2485a80e04c26b583f18,1,0.9652627110481262
026552dc7ffe643fb3001cd0a8c10566,0,0.9805300235748291
a665af067cecd43710701451cead4a68,2,0.9815008640289307
10b62f901a74ce7248e6b7c77981953c,20,0.9607852101325989
0b0b4d51e2c3e1cd0ab443e36a88a220,2,0.9828020930290222
cf087855ce7df0eda964c0dcaeb9ae38,11,0.7992452383041382
8c54452a99aab90cfafa3f7189cfda57,10,0.9713690280914307
050c9add616f410351fd595262b21e84,25,0.8943782448768616
1ac60bab07551cf3cc9ea16258d0ea7a,0,0.9804596900939941
121cf33266a7a130736f1e18c18ad3ea,7,0.9718795418739319
a8fc6ac3dd71a89e023fcce00b1aadb9,2,0.9713425040245056
5766349061c91efcf4b0f27ab4a119c5,7,0.9717881083488464
f44c329e67d2744b32413beb2f19bdfd,3,0.9324595928192139
911cff710d575173d1ade1bc592a3f7b,6,0.960323691368103
f3d970a2664bed87e5f3eb1bfd667cdb,0,0.9807224869728088
02f1b05eb7238ce00197452a2767e10c,16,0.9464561939239502
1baf674a641e3d8ee38e9642d956817b,2,0.7547042369842529
0ec4b598e82074d7d80233ca7deebd42,10,0.9714027643203735
d61c520e0fe0240e3f6c4eeef029c063,12,0.4233839213848114
610f833e428f5c19bf1fd07fccbc4806,10,0.9712565541267395
1c0f667a5064433d90a3cb2cf494b061,2,0.9817749261856079
2377361bed02ee59edc8facde347a7dd,10,0.9712134003639221
84623d8a2f48ee8781467743603411bb,0,0.9791468977928162
511ff7442d606e1feaa15bcff9058203,24,0.9519559144973755
cc6f394c1afc3fb519678aea1209d6c2,19,0.9152199625968933
426a900b542f6635583d542aeadb3a21,8,0.9611451029777527
7c058a5b171920ce620316c5bb2a9046,18,0.9339874386787415
1b0bc5111123e2d960a69811b851a742,0,0.9805617928504944
594e7fa04ae8bb81c3b83c780edd8884,5,0.9703458547592163
4870f980cc144d18d94fcff7bfc933b4,2,0.9823769330978394
56858fd91ccdd7c061e7dde01d2c4d1d,1,0.965153694152832
f74c10d11542b2bb662db6eff2b44d57,0,0.9792400598526001
1e5e4101e36342fd9b7000cfef3ed427,28,0.8761254549026489
dc12bf9c2fca50de6b9f7608fdfc0803,20,0.9606652855873108
312648c257317b652b3fded93dea19d2,0,0.9798099994659424
305be9fa3ac1541fdadd74cb01db8338,18,0.9342575669288635
0580def470d51b114bcec70b07d56017,7,0.9709655046463013
9914c62f14e4a18f3774e55a8d917688,17,0.9368956685066223
d41447142dbb271ed2045096ed24a30a,2,0.9816051125526428
1cb7e40c46ebf5ad8864ab229c28aac2,2,0.9822427034378052
97d3fc4fc908ea25906e546683ad7f80,5,0.9703079462051392
d6448b2c4c3ad198120b5ada975099ed,8,0.9599020481109619
62fc915b511f81fb9694807317fdf55d,5,0.9703902006149292
1714280d289f377e5b922258dd6ff301,0,0.9797476530075073
1dd8c26c849dd20dce6e6624c39ad89f,7,0.9717670679092407
3f4372bda8825881df3af3ac2ff7a98a,0,0.9806204438209534
4e813bc89c9c5397cd9b004a123c1b4e,24,0.9527381658554077
12741bca0412c2d984ddceb13519bb08,11,0.7153639197349548
5add66e44bec72ad14f287e537cbaf9e,11,0.9604042768478394
ec77bd1690c98a622a9be5d25439e678,16,0.947516918182373
9ceb0717b9c0e7f34d6570b57fa8b8ce,5,0.8183651566505432
e2cce9b19b35810abf86bdd33cd07368,15,0.9529529809951782
c0f41191718a8bb26478e3843580903e,27,0.866918683052063
0fe3a29c578d3ecfaf95f4becbce85bd,10,0.40160462260246277
aa31dcdda6705da30a8742bcbc5a19e2,8,0.8856925964355469
a9f97f78f71ec91bc9a9b062de7046c2,27,0.8832237124443054
154980eddb8bbae2818539b80fd8f129,13,0.9622274041175842
2dc1725cdb5e2985b262e0cac3fbb5cd,11,0.9593437314033508
e3995caf31bcd6b0400f1955c798fbaf,13,0.9619122743606567
69de922c80a71e61332a30caa3c1a8ba,1,0.9651585817337036
7c58a92a3db5eefb83de530d8229ad9f,10,0.9712690711021423
a2c3063e909da8edb7df3f1e851c4a9e,0,0.9800090789794922
eda5a7010ad6cdd1779a42fb7911d609,1,0.9653911590576172
db8ebac356fc425235ac02b9b9fa0c53,33,0.8521260023117065
fa53b2f818f5138c5db48eef911796ca,2,0.982677161693573
6f6dcbd6b65ef7002406e15aedcfd17e,4,0.9527302384376526
fcdf7ee80c30754cd50d1dac74574697,3,0.5531325340270996
44ffe5c716d414240907b1eb3999d592,2,0.981769859790802
06262712fa50d79f5074e232f73a3e44,11,0.5611681938171387
e578b4d87244207858f2148a673ce6e1,1,0.9626104235649109
8160ed67f9c4d215ec090d6ce9411c57,11,0.9611943960189819
0e3cf749bb560d81378e15c3b6c5a0fa,10,0.8682565093040466
76f9b9db3a3b684e943311ba68ab7109,0,0.9805693626403809
63d8cbb1c82b78c36891c39528705f39,2,0.9821445941925049
5c45d7b74632073000e93b848df277d3,26,0.9187816381454468
3521e30f290742a9b4062b2c787e23e8,6,0.9596629738807678
4369e678595940340fdadef0741f1b35,0,0.9805821776390076
1a5f26fadd687d79ef17519145ee9ee8,31,0.7824735641479492
76122a05b9303cc7ae08a1095cdccc6a,18,0.9337095618247986
85a1becd0581e64ca53387762d70ce7f,11,0.8554191589355469
4ce9768baec94facc6a8d9fc6d62a678,13,0.9601978063583374
c2f70f5b3d26b6594b85cb2f812fdc04,16,0.947046160697937
8952052b284cd126c192a45c8b37602f,2,0.9824033975601196
9b0697695cbb4f2d68784d79381605b8,19,0.8849294185638428
00e55527f418df346acd5545877dc0b6,0,0.9798830151557922
cdc99228dd157e2aa1d6693186dc4b16,16,0.9468093514442444
13d9e95834882e6901324235e67273ba,5,0.9700832962989807
a08cb8f7f52bcec78cffb0f3656cca8b,4,0.6950844526290894
e7bbe1d76a3fbcb7f6456c8163b96d84,5,0.97050541639328
5f1587fb731b8dd0514fa6b13e896a87,0,0.9773388504981995
7568029e5f3bfbc0b2fb62960360ffd3,19,0.9083989262580872
883a49b5ed9a1e74f6b174b4a7463384,13,0.9548373222351074
d5a3639007e8aab8c39e3a688d5b7ac7,15,0.9470421075820923
115ac35092fefdabf7683e27fb8c8da7,13,0.9624860882759094
96be45f850563b0afa27e654c441224b,2,0.9826231002807617
51376d6652ecfc58bf9c8f76da90da35,10,0.9714833498001099
3f471cbf8043dff22b3c26959f737642,19,0.8732516169548035
e57c118354e6be6e266e64dbb34acc21,11,0.9250401258468628
ac8d0da4c9ea2ca79d9f86f795b12174,2,0.9823617339134216
9e893c5ea19c9083e0cec893f6c95afb,0,0.9803925156593323
aaec2fe08d0df9e3509c89093ea77134,8,0.9616507291793823
e487ed36b94d1745f88c6a4a59b7bdea,1,0.9654263854026794
f4965f4825c88cc6929c42cbe9d000a6,27,0.8848775029182434
caec45dd0083a6180311b42cfe417608,11,0.9610189199447632
5796dd658430099639af62e9887f136b,28,0.8698905110359192
bc1a14996e6e335bef3fb31718fd4723,2,0.982806921005249
18900bd21ea9fc251b5a116ad3acc5b6,4,0.945212185382843
8f6e475e32c01d31a2963104554f0d70,13,0.33441296219825745
e6d20c7bbd5b4061e070c38269010f50,15,0.9527482390403748
b41d87d72e0e18431aee1973537d863a,16,0.9464262127876282
eba75e7094fb061b64653f72343a530c,2,0.9820424914360046
cb2bb7d77da56f40c8c059ea0cb2fe98,18,0.9328219890594482
9e6a82ef2a05a9850e07911f1a3b5216,5,0.9299571514129639
eebc8eac7a75b6c930929b28ca59b8c6,2,0.9713172912597656
c1f20b7bcc68594edf34733c1f790bed,13,0.9623121619224548
86d41a6f1bd54c83af062c72d8a66112,16,0.7017605304718018
bb06fa303b04522afaae194b9f082060,11,0.8873714208602905
2b2869369fa4eebc584573295a9fee5b,6,0.9577724933624268
30690135beb5fa6aa84eb151705a531a,3,0.9269126653671265
287b8576e5d5aba37adf5b8829c77cd3,0,0.9778327345848083
01ef8e980aa7f9e43cadd735a62c006e,30,0.9008209705352783
1caf26d0a81377f4713133fed0b55c88,11,0.9606801271438599
ca11c522e6feaf10ef476b518c79ce97,10,0.9712921977043152
902a0be9d5b6fe14703552b9d1d1aed6,5,0.9704181551933289
2e5e2fa71855e71f301335ec9cc40718,5,0.9703413844108582
df3679d409bb40af312ee4a191c10dfd,17,0.9287993311882019
b1978c1ba5f71ce1c943a9542e2027e9,6,0.951772928237915
fc9d77c97ecc28d3bab2cdbf46bbb814,0,0.3045332729816437
f147f6e2c3b8b65e94e3ea807bc0666b,1,0.9653888940811157
7641f07b1098fbe9eda100670f3f462f,2,0.9825663566589355
7b20a88b1d8b36a5323bc1bfd96c2e9b,6,0.9603166580200195
2fddb82ef568a397a8bc953efc9b508a,15,0.9509154558181763
5fcb342075251d2ed4531ff18add5e04,7,0.8615196347236633
47ac67b8f40659c66b1450fb167134a9,9,0.9394241571426392
2cbe58d348be87fd5a93caa7b74c6819,29,0.8891404271125793
82d96c120f55bbdf8ee02e72a49bd0d3,26,0.9258729219436646
4ede7163351141f3609d0cdb6164caae,5,0.9695571064949036
d585c6fd120347a2e05a9578635a0368,25,0.5564171075820923
996b8f7ff325a3926c56165c7f931348,5,0.970392107963562
e0deb66ed010dd996c8d517b3110e603,10,0.9713441729545593
babd37e9a060ca7e17a97edfd5376a04,1,0.9647508263587952
7312a98289bb3a43b3feb75ddf5680bb,10,0.970548152923584
a3917af0064de0c06c83ceb26a34d509,11,0.9586111903190613
f3808b2eb3e26ffe7521ccb9c3427f4f,11,0.9419935345649719
cf91cd9427a110a978d9bba10f26699b,30,0.9028545022010803
6773364d931213bfe057c3ba5e8b33eb,2,0.982029139995575
f8c1bd060fd75304f804727c40ecba2d,2,0.9824935793876648
6512ec3b28e2bcc5f41dfaba1936f632,7,0.9711782932281494
16844784d4269aa724ca13348073ef5b,23,0.8253685832023621
42090bfe62817f659ae3839972023e0a,19,0.9156502485275269
c98d53c7956e852f624bdc830420c2d2,4,0.9506245851516724
9fe737e19db59f0625a41abe6fd6c908,0,0.9807077050209045
a4954974e28bc0d75df9aa069a07ce8e,33,0.3463311791419983
42953d014fddf0568de60359fac77505,21,0.9353662729263306
da5fe2206f1979055f357ddda93f4d71,2,0.98276686668396
fc32f89806a8cbb5852b9a54c95e6228,26,0.9256637096405029
2fedfac007d3e21d3437b9925b2c1ca1,15,0.9527468085289001
fb406dbbf148c3a8108331726f78c569,6,0.9528020024299622
f5872ba03529adb948b565c1ee013cbb,6,0.9602037668228149
7ba23fed5929785f3661a7355c330bf6,8,0.9615405797958374
e83b2c6097a8fd63361969c9ac15fefa,4,0.9475718140602112
027ce65cd8f460760f85b48c78081630,8,0.9615685939788818
52769349d7ba42830b4963f1c43df65c,10,0.8951422572135925
38629f5f3243f7af717efa14eb3d88a6,2,0.9825772643089294
27b902ae49a942d41ebd9af3ee63ad7d,2,0.9825865626335144
6536bad15d339aafe299fbe2ed1be013,0,0.9787667989730835
dfa70c3620cc517ef116691c061e9f12,19,0.9156949520111084
d378044849412ad7e172c6fc5784c911,10,0.9714010953903198
644ef3571756b0cd0156a484dc8065c4,5,0.9703494310379028
e0373186f147df67507ed1a1b04893c9,3,0.9280359745025635
d0ebd0c87987d06d9e4cd5108e0340b2,7,0.9718504548072815
de4ce9f24ec1af82f658f55f70b284c1,26,0.9265173077583313
63d2a551908dd028adf3f36d974b0467,27,0.8824412226676941
b3b4c2d1e3ee51b37dcc9e1bde7b6212,0,0.9796738028526306
b98ebd194dc683a97f6640fa701c8a36,7,0.9714910984039307
4fd79bc520166fa344475ee61410f0c4,5,0.9593565464019775
6f84f7b32662c4d89f9d516e594440bd,25,0.9144110083580017
5a3a6df4332688a7c1619f302a24fb03,10,0.9714112281799316
f1c3279dcc9c40b0ab9246a0e12bbec6,19,0.9163763523101807
61db739689731cde8c8f0a36e7e52d05,8,0.961637020111084
5910f9f06a32bce399686ee1ac9a0db9,24,0.9535403251647949
21a3efa2c2a796f37c31e12802513588,20,0.9609218239784241
6a44c661b9853fefab02ab005767d0c3,10,0.6007974147796631
36274d2699e92d44f5733a6c40ae6c7e,7,0.971743643283844
ee57ae51f7d0beb333703cf3c31dc643,21,0.9350425601005554
faf031f72a6bd99190a1375b26d9dd7e,0,0.9805028438568115
535a8ae44b7b8b5c2cbd7c96c40c241b,20,0.9558576941490173
9c40571415f54efff07f98d0808ce2b4,10,0.9714019894599915
4d92a0d4a59aee9e3c2c43701f6310a5,2,0.98268061876297
733688d516285d5e7e49512d3b0f9060,33,0.8561196327209473
9b11e7b4ba1e0b6636d8db6bf4ac4975,10,0.97150057554245
23662e08ef64102c94e43fba57a1952c,1,0.9641016721725464
8e52e97af55950bfc3848139d6a4a35b,4,0.9526991248130798
e33a999effae4c711bc261f24d981ec2,2,0.9806525707244873
b5a21f8bd7f05badea7b29fd01dd7141,14,0.888033926486969
14b7101b33dd0c3c590eb1f8b40d78c0,5,0.9703648090362549
a90032f6f2cee6fed5eba297669e863b,20,0.9602397084236145
11c90c87df5d7b3705d2244c05cb7a77,13,0.9617161750793457
d3c9b0806208b5daa982a4ec94ba4705,10,0.9702773094177246
33a5954772f6ad4cd9d7b7484e66824b,5,0.9704618453979492
72104d9e7b2c281ba058da638c6d8de9,2,0.9737115502357483
a45b1df943767b67b86bb7c0e3cdc091,2,0.9817122220993042
916656e9ad0dbfbf81850920098c0255,20,0.9605494737625122
a5b4056b8e1fbc2d28ac167f6f32ff28,5,0.9698712825775146
38ff9d064bf8469cb311c5c2fbfe71f6,2,0.9820475578308105
a12428b6410dd32aa921ca09c902f6b4,7,0.9717603921890259
e8ff014e2816ca35bca6b4f66636fe36,16,0.9450986981391907
60b88e7a86a3e10ade90a5fed955198d,7,0.9714178442955017
7c65e9a1c8bcc5cbe7e0a4fc3945a78e,11,0.9605518579483032
3d336a7458b0da2ca88869d0065f5251,0,0.9806380271911621
31b613658fc2ee846a32f6dcc3544a37,6,0.9574812650680542
e5720089310c418f6a8179ee52761eee,11,0.8177635669708252
ab049d7db3902ad6a6f5259b6d68c056,10,0.971293568611145
177b4c73fa1316d573986ae0fa8b495c,2,0.719871997833252
78c5580f1660f0901e5a7a1bde9a6423,2,0.9796961545944214
0784718806f39b1898229f88720cf5a9,2,0.9826222658157349
3768abbe0da487cd4133dabfcf44c993,10,0.9713119268417358
78b07935ae63ba210aa38b1860c4a32e,34,0.7217432856559753
3d5ebfe7f55ad556b2d81074e45b899d,2,0.9820079803466797
1e69c865b6f46766a2aa92a36da029f3,11,0.9612964987754822
4779a2b204cf234c2628f870e20defe0,4,0.9521797299385071
45c67a83132ddcf01b3fad9f3a3faadd,28,0.8927888870239258
a54c057f171a16097c11d0b742c97203,18,0.933735728263855
26e4586280c4bb45af78082083c7b2bf,13,0.9622505903244019
2fc1ac6528250035195b8d0a2eabf902,26,0.9254242181777954
1f002a476c0dbcfe1537c945edf2d40c,20,0.9606578946113586
30abab075f44b2276d2d5dcf1a4ac24c,11,0.9612347483634949
d2339b12711535da2e45a03684496ca4,2,0.9816902279853821
4db73aa80535649681176a0c64009191,1,0.9654064774513245
2fa31dc8d5595942325ede5c14b1a7b1,24,0.9529545307159424
c58fc27598c5969d90769e8922e9fffb,2,0.9824123978614807
0547bae15e57f1a15962455e388e113c,13,0.31787416338920593
6082c5cdd95bd513fe9e9daa63037304,17,0.8952656984329224
b3db15eca325a1873bcf2f6861275892,0,0.9806874394416809
d9bdb7c976b3318551f6b51a150b753d,26,0.9270164370536804
5ef1aa024255765c065c18f7dea0540f,15,0.947062075138092
858e5778e6a163d529ffc99cab1ed176,11,0.960655927658081
e39a051b7e79159f7f7dd8fadda9c670,5,0.9700309038162231
c96c26c7eb9a4c7f34055e345f0ae3d5,11,0.9610843062400818
45e5fb2e07c3cb410678cc38e3431c7c,4,0.7424513697624207
f73249d8870290f3716a7d4065ed4af8,16,0.9468986988067627
9bbeddd2d250315a7863018a0e8f57a6,7,0.9717701077461243
baf177d79480660c0ab5eb04a3f5215c,5,0.970488429069519
677c27dc1026a7561a4de49463804ab9,0,0.9807878732681274
a9f40ee197ca52cb426000bd2f50eb5e,11,0.788443922996521
e2f3b667599582f70b142af9f83a70ed,2,0.9825092554092407
ab736ec58c2ced08f05348f867dd9ca7,16,0.9460273385047913
b32d8981e8eb29c98891308d4f7bf012,6,0.9597843289375305
4b7b459a29bef6e6cc8e2fa19cc097fb,10,0.9712300300598145
507033323c14660890e651b7d1ad3886,0,0.980640172958374
808d6fefd00ee860dc0b11eeb04a0331,10,0.971358597278595
dd9083e489c9cc4f9097785cf731fa83,20,0.9604969620704651
9c8dbe5d05dc10353a0e764479bedf07,2,0.25386685132980347
894a29881f44b29139ae66a65ad437e1,25,0.9084135890007019
b784ecce1683c4a18f46e93f125281d3,2,0.9824842810630798
2d52dce2de9696c17fa36b2939572311,11,0.9607492089271545
8866b0677ad89e9d7608c3ccf8fceb5c,0,0.9802476167678833
6d37ab80ecf18b45cc324db3d9021e97,5,0.970334529876709
b019531454c5711f7d035df114b375fa,2,0.9825940728187561
00b3b38648d088e82b3f9c25e4c0eeb8,0,0.9806159138679504
e9c36ecf49d37871428d5e84a09c9882,28,0.8345026969909668
57796f4fd9037d7fcf5520525810a701,23,0.9452921152114868
c931ae8a07dee54f5cb54685677981f0,15,0.9224007725715637
a7882754c87f83ea97921165c60d80b8,1,0.964672327041626
17627a27581891b056f92cb19d4ae77b,33,0.8559376001358032
f502823a48c65863b5da6a1f986d5eda,26,0.9246315360069275
f9107db47d9d17c8b041817e24c7ff62,10,0.971493661403656
4e4977756bf0e262d446e03d71754f46,8,0.9616228342056274
e59523d46845f1b7a744981b586110b4,0,0.9804242849349976
3a469cb6b6736531b73673cfb4b47bce,15,0.9505832195281982
cce1c8763b1175d3b8eb755cd1a9c2aa,5,0.9696770310401917
99613c7cafaf23057404d96a9e1dc7e6,10,0.9713692665100098
1dbc278e65cf513faa0122c29714d84c,2,0.9826410412788391
60777f8caca18ace0f44eae0a983d3c9,26,0.9267038702964783
0ccfcc10abb1c28d7f6ef47e29e6224c,1,0.8907812237739563
6b22b5fda99c0c34801f388b37b12d4e,26,0.924902617931366
2a0d325c5b86295e686a2d532ff4fa1d,2,0.980170488357544
736c305f46c45b6f9d6749fa0cd4f0cb,13,0.9620693922042847
da24fce4a932af7ad583c32f99110bab,4,0.9521958231925964
8fa13ff3ba50d8850bd4ab56b8b64377,11,0.9611675143241882
620c33828c8b6ff4530cd576e864a0e1,0,0.9806967973709106
964ea213510c2027bbe185665e0506d3,5,0.9707379937171936
170f8963772eb9ede374587bb8276453,10,0.9713624119758606
e9f60c725dd9882c85b0740b8548fda4,4,0.9525589942932129
4d19f1b3219f359af3486e4bcf587589,5,0.9703851342201233
1b6d7d5fdb3be7db548aafcab4a12a6b,5,0.9703049063682556
445587134310a3855ab70fee522c51c8,33,0.8491555452346802
2116f669819354c814a0e09c02a84a96,2,0.9826475977897644
5c208cdbbfef907824890bb243c30417,10,0.97145015001297
43666ea96e35c533ed595ecb5e6cc174,7,0.9718301892280579
5979eeb743a0a8f485a2691ec4e4b4ce,3,0.6850863099098206
02e875555d4e8906261c47dc8aea9adc,0,0.9784260392189026
5af26829c535bf4fb1bec5ded559f9ef,9,0.9402145147323608
68c4ec306bf39dc6bbff7b4a26564896,29,0.8924023509025574
9cb7c0ae5adb8c01ab2abda20dc68e88,20,0.9604970812797546
c4d65f0e97194abd8fe07cd1eb5f22ce,3,0.9330241084098816
bd538802c0861af35927c4e490249e91,13,0.9625881314277649
e1a0785338fb8c3ed2c61ee71ddfd106,4,0.9400661587715149
6b66fbc76e28d9327ecffcca5cc96448,0,0.9805551171302795
ef968b46654aa744ae8cd69288399bfa,2,0.9545630812644958
52b8b791ed849992a0a061d2f685f95c,25,0.8621602654457092
8b4667455cb71985340e293171899310,10,0.9713230133056641
471839e870678160e3d4e9fe6121032e,18,0.9335183501243591
3d39dab9520a8cd1b1d5dbe7fb93dfc7,3,0.9323321580886841
661d47c9cddd98d5c49276bb13fbb7e7,1,0.9579504132270813
3107dc88d4608ffa58d081cf17ba2b97,13,0.962432861328125
c1088ff2e9ee9ad53e03312c43bad3c7,13,0.9537943601608276
cefe9db596cd7cf350fac0f964093f1c,2,0.9819427132606506
a9fb1a90772c7253f812c90c40365148,2,0.4347912669181824
5001d6b5d3662dc135752ac6faee2bd5,2,0.9818289279937744
3234fec158c785479e9ccd564573fbd1,3,0.8432304859161377
f0395e4a867ac25cd1d539cdde817ec5,19,0.8663739562034607
65ca55f1ec7c61bbfdd786cc6eb9e768,0,0.9759839177131653
9dab37c4e8b1f88ce057478eb1e6c563,2,0.9823901653289795
32f0fd4478ba520209fd2bfb75739af5,24,0.953671395778656
9007520610f1a7f8669f6b3c3c9d02d2,2,0.9821847081184387
8789835e97391e5a6911b0f743e2cffb,0,0.9803732633590698
bcd92ac7cfeb0d5431d5c5b36326fc6b,9,0.9399140477180481
8fd2dd649cf36741e58e7366c626a940,7,0.9717653393745422
1a04d8abd2842c4cfcc012cf697a1b09,13,0.9627741575241089
8f2269a9de75fc28fe22646ba88cb9ff,5,0.9704233407974243
4aa9dc3b1149ab328b79d7609323bb97,11,0.9613681435585022
cf0cfda5636b8aacf77458a70ef81c21,0,0.9805246591567993
1b27a01ec2766c3bc9d3d7956ca8effc,9,0.9157795906066895
cebeee0ccab83ee0219df4e8e269ff64,8,0.9616433382034302
4c5f1a60d4145558ffe8a837e93cb00b,24,0.9502700567245483
f9bd7f4e6739066eb30116a311873b8f,8,0.9615001678466797
1ef5aef13c95bfc645d42d8ae8fadf14,9,0.940241277217865
74a68534011ce5b8ba3639a03014ff54,10,0.9714233875274658
94bf727d5bd164bd460c5f4677f69c3f,5,0.9704295992851257
23b3fef1343b7dca3b1d15dae6454848,5,0.9704035520553589
79f7a9cfa116518d7981808e56ad27d2,2,0.9817183017730713
5fc813385e860532b4f60acd88a2532f,34,0.923545777797699
e531e3e50a86e196ede41542e30a283e,20,0.9606058597564697
43ace1921a4403623a3b5dd46e986049,16,0.9471305012702942
46227d1ee74f672d975cc0c3f678e581,31,0.8765465021133423
1c3d82c32db277b4d08c94d5bdf26895,7,0.9717987775802612
ae47aef728c20d2f10ffc4430bebe3f8,10,0.9712526202201843
4be5204501d6114bf162c69e3ae881f8,6,0.9599085450172424
30a82efb7e02e79498aa3237afa57b78,4,0.7558174133300781
d1cfa02086c436231a28e5d6cf41ed20,28,0.32290518283843994
94f9712fb89d2879609f717616fdeb1c,18,0.9272619485855103
2410aee07dc4692a2f56fdc49c4e2111,10,0.9714779257774353
9b6d9cbce7a60b0b2cdb1fd565d09d52,7,0.969021201133728
f558dd67136a4d26b724adc7b4833139,1,0.9652501940727234
e8cbe630a1a5b06a54cea5feae701b92,18,0.934187114238739
c5132eb80090473931a5c059b4e02d2b,0,0.9804021716117859
a4216d833fecb8434fb4b846a707511a,6,0.9600539803504944
9b364656435f0f2617a01dcda0d688ac,2,0.9825614094734192
8c3ef2387d08a0cf5b149cf62da70a94,0,0.9806960225105286
caf6a252b55ddea5bbcb74f210e2edf3,2,0.9825010895729065
6d1d36dce2ed9c92572a4cd94ebbc107,27,0.6744188070297241
6a03d00177fa5540193551c7486ecc72,10,0.9714255332946777
661b62acbc1ccd07f686532e4fd4bf16,0,0.9806423783302307
d405db995e198bc512875773f701ee11,5,0.970562219619751
f39402121f5de8d1520ef83d454c0284,4,0.9349536299705505
eec08782f028d95b5bd896d5d050ed71,20,0.9606901407241821
86c50cb5286e9da868c644c9a136e394,10,0.97148197889328
bb347c7661a6fe695702a6ab00b41d32,30,0.903823971748352
2614bb330a026ac8c2e700da8d28e862,2,0.9826395511627197
19f02fc5acaa825ea89006bf3446708c,1,0.9654557108879089
f52b404bf869151d82b58baea0d8d2b1,15,0.9530797600746155
6711520734b800241cfd72af82c9303a,11,0.9613462090492249
c636130f6a95566092b291c986598cf3,11,0.9609893560409546
bc68605c362bd2f099f720d10cd9c6a5,12,0.7331838011741638
437198e33331af767ca9e0b4173eded6,25,0.9101042151451111
d5ab1efc5f2dd34b604059432c6527a8,20,0.9592150449752808
beb570279391a20a7057f04cf8e0425e,15,0.9521915912628174
f1113448fb22d0c6168be961df5b45bd,13,0.9522134065628052
8be22bbc5a75e926ef7aee0168d9e1e4,9,0.9401867985725403
c93fa1cac030b3ce87843b3489176125,2,0.9822083115577698
0b23ca24382c6f86be7a07ef2a3b6fb3,2,0.9824348092079163
63306f1f9933c96a92a13e1f933cc796,10,0.9712659120559692
9d0dfe343ed68177bfc676c77aee31ad,18,0.9334344267845154
bd0ab87ef0594d1590328fefbb047e49,13,0.9620017409324646
db3c39e4abfe105ef9339b56ee9db6a7,1,0.9587344527244568
9db8a0be2a1463a9d754c2e9004a418f,1,0.965535044670105
500ec597ca0eacaff0593b9c1b02bcc2,0,0.9807315468788147
07d04d5cab75a5dbb7e46afff7d22646,11,0.9613120555877686
557eda030cd136f8ab82f9b0962d4675,2,0.9784265160560608
5f2141836160d5d134b9e3978b310141,10,0.8628925085067749
840368ac8ade588f9be5ddd0c641498c,11,0.7907984256744385
da030a7ac99b96628e51b21df2b5d6b7,5,0.9703648090362549
977e58c61d5fae489d7efa0345c2f47c,8,0.9614900946617126
fa143ac7e64f52d4169d16cefa9831ee,1,0.9647273421287537
c13184b9b5a91149f457961ab727576e,7,0.9718801975250244
897d59804382d9412d8201fb76910fdd,1,0.9570755958557129
83d7a639b5edd8851f1a047cf1c95694,11,0.9612642526626587
0fc9ef76e190755ff8b164d0de152b5c,11,0.961456298828125
334ddb5615e8871ff739483bb797f134,6,0.94817054271698
44da7563138bf31713a1ccdd0d1636c0,1,0.9654682278633118
6e951bc993e8b70b7c319c759d07555b,9,0.9326385259628296
bd41c86087cced38559acae2cdea07a8,5,0.9653892517089844
583372a1f33d8c1993c794ce753d3eac,2,0.9791284799575806
8914a2d2012ba79c59e96957e302f1f3,23,0.9514526724815369
27635a19b3aa36c533c02ec8cad466fd,6,0.9603793025016785
9cda4bd670847a7d40a527984e1ba888,5,0.9703351855278015
4dfed44e2b313a958299e41b7737a448,14,0.4454740583896637
b9d4c8b5c6e42839dc125834b8db28a1,5,0.9698567390441895
1294d6fdac2811f93cc4d9a8ddd54b23,11,0.9605976343154907
bd003ecfceb37beb1f56c182e2e2ab24,3,0.9266999959945679
eb6a023a7704209394bb79e577864798,16,0.9470357894897461
a424dd4dfb819fd221d783cf0673165c,2,0.34163200855255127
207f99c3cb464a43c179cb3f609eb7ae,11,0.9608534574508667
38846c77f4bd40a148ff855e131c0578,2,0.9812240600585938
1997a0c6b5e947f1ce38922558c9f305,11,0.9611223936080933
a652c768edb36ca54a718540f9f0d22c,16,0.9468792676925659
e8a4aea1d3cb025e493c7a997870ba49,13,0.9618421196937561
c42deaaf2638038b6a7da2462fbf7255,0,0.4704609215259552
5389a25786f626510054cd643f0fe2d2,33,0.8537193536758423
a8b491ab9c052228d29624503f80e88f,11,0.35877758264541626
d7298fe9fa1c2ac716a47869610c57e7,25,0.9147858023643494
85d4288951f062ff4e1b7d09bb4ae72d,3,0.9051652550697327
d0f004b612bec3426b1aea597b281c2a,18,0.9339574575424194
03bcff34a0741204790c515e2cb8b168,7,0.9712519645690918
4b0deb1cad9b8d6a12c8ab357439e0db,2,0.9827077984809875
096f529701efcb80044535e3dd435075,2,0.9670441746711731
971504110a6e5c0082200c00fd722afe,4,0.9478529691696167
68f48c9803dbbbd416b77ae6f3cd5785,21,0.9352599382400513
5ef65e9e02091498fa70f326d7b84617,23,0.907778799533844
5cd14d3dd64df995dd84a5c2ac82795a,4,0.5538073778152466
df1b4e8e5a03e0af2389ad5a5426da31,11,0.9613189697265625
606d9224bb3fe0215a3da9bab58297a5,0,0.9804255366325378
82769a13038e7643610d2612de7f3b6e,13,0.9569917917251587
d474d9a5776a3de4ff65d58656f4e430,16,0.9464890956878662
21071f4ef6edbc1382fd14c98871dbcc,29,0.8927844166755676
9762389f11c5f0d978885d1314dbe152,2,0.976364016532898
2c0fcfbbcb6e675f5729f273fcae1c6c,10,0.9712786078453064
9e4f224f8edaf95ae9600049387526e5,20,0.9608190059661865
262b7dd6016cef203f6aec5658e7cb7d,11,0.9608844518661499
df8152e237f1187e096d21c8a137f52e,1,0.96498703956604
5b9d982d78ea626838839eb2b9f4c948,5,0.9674776792526245
68b6a9b1f53d5d7acb1ec47a733aeead,8,0.9616458415985107
0bce14ed27ee8aa20f9a2187944e88cc,1,0.9650753736495972
d4ad675f0b18e7ff8b571505b1e7e4d2,13,0.9624301791191101
fddfaad2d67c22e35b3d9d4575ab6ee8,3,0.9308336973190308
b9c3d8e9302d14fa3c168b10d229f9ff,28,0.8928217887878418
384d7a34316becb40bf60a1a77fe9b27,0,0.9806315898895264
509369a5fae8f6200d8bb794fd94df92,9,0.9401525259017944
3d694500482c459960b284f74d7ae084,30,0.9044937491416931
254f6b3cb2696c895aa31cd167b08b60,0,0.9804526567459106
01c39b2aa7c668545ad98912771c7f43,0,0.9805337190628052
64182cb3da6afbf4f6bd500f2298ef4a,14,0.8964534401893616
60f89f6608549b3308df019fa3a79d07,5,0.9702566266059875
f940de44654cc798a3c2c5c83e622457,7,0.9718180298805237
722eca5a01a654df3790b78ec8cdeeba,2,0.9826048612594604
cedb2910461aee2face7dd825cc83b34,0,0.9326169490814209
8dd8d263903571ea38a57425ed886828,2,0.937012791633606
139473d422ff3112934e1d19ba6e5af6,5,0.9701705574989319
d27622c77e64a495d26f9b52c5924716,2,0.9825491905212402
5af3c071fe1c68724907b90e0a9ad406,0,0.9798417091369629
fb47231cf00551f2bab6da0a64e629bf,11,0.9608513712882996
6ff9bd8589a6435712621d7ea71cb73d,0,0.9803465604782104
5fcd0a366f28d7e1abe9b05b616ec72b,10,0.9707567691802979
92f4dd810d380a3b0ba4bb9c6037d43d,0,0.9806677103042603
6b0d8a24f6ee163b53d68c958b360249,13,0.7289034128189087
978f5abbacadcb2c2c16f08cbc8ce476,20,0.9537703990936279
7dd9f588e8eb3c7f71e02a0a42a28878,2,0.9827724099159241
fe77f36688ab964eca59d1ae0df01b9c,20,0.9598408937454224
9a8020e6c9906ea1e6aa403025ad93cc,2,0.9655405879020691
707a48989909adc4cdf806f5c93d90d6,0,0.9806410074234009
e1fc2e8a3585a8a9e9814ae1044c060a,6,0.9609261751174927
a6075c2d649c689011bb685df1108dc7,10,0.971354067325592
e70d6995b46d7ab4434551054e0e0e0f,2,0.9359486103057861
7015848de8e8adf387b9a5986041bd9b,10,0.9713122248649597
8b173770d8a3c5671acd15e274e595a4,18,0.9338103532791138
6441853092502ec273b425fbb654494b,5,0.9642258882522583
f1056b8543f3057e375788c2f91542da,9,0.7000835537910461
9d8063561c81e2ac7d2b491185cbe0b5,26,0.9261771440505981
14d484ee6f564eb0aa31fd07fd95ab49,16,0.9465187788009644
94a932a1ed5b489fad5f2202ab5f9fba,23,0.9522777199745178
bb447bc6974f5be53f326f3258225017,4,0.9523417353630066
dc896c47b2546ef5fcf7061164b3efbe,0,0.9659346342086792
8bd36130b1bb67d886a29cfe13d400c0,8,0.9433727264404297
32a5add91de9a11809d55c53f6c211e8,0,0.9806191921234131
8e9eff4c707833d89f86ca7d8451d9f5,10,0.9460181593894958
a94a418201c941d9f96842fbd6394c71,11,0.9598954319953918
3a4655301f5f552f950db20d8c4fdb28,9,0.9253366589546204
085c4a5d97b7af48289caca9cf87da24,10,0.9714741110801697
8e14457e8313c3422007655cfa81c5da,13,0.9625438451766968
47a986bd0112ecdac8c572c73dea96b2,13,0.9603065252304077
591f798ff6ba625a310bd5eb9f6d2a9c,1,0.9644646644592285
7ed229c02947739563db199693db8baa,13,0.9624661803245544
a4014bcf8d396eee1e8c6e325d5908ab,11,0.9600881338119507
d8cc72c8712be227ae0939d53022f0bb,11,0.9610443115234375
bb6845cbc1c937f25df254a4c92d796e,2,0.9821082353591919
be53f8d5e598119aa72cc249143e45ed,4,0.9514018297195435
bdf7e531f95145753e916c76d466d26e,7,0.9696903824806213
7dca40c6066558ef31aac613fd8f1b2a,15,0.9421200752258301
d5accd37b3116d69d655fa0868d1e44a,10,0.9713786244392395
a0804cb3a7eecf784fa729e5e197b71f,11,0.9611765742301941
fe97d5fbd284fb38074b40e16ffd5131,17,0.9307769536972046
ad85a1b678a29025f6c710c7a92211fa,7,0.9705402851104736
bc4a65dd091c3e707235999d7dd3d6d8,10,0.9707373976707458
cd373327594c1b07fd73494e577dd0d9,1,0.9476031064987183
08dd3a0a0e4ee8aafc33e6a1ec30dc1f,3,0.5135459899902344
ba015e7eaaa9e76d6239ff434109275e,2,0.9827041029930115
93363e126d5505a93b2ad6471ca5e633,0,0.9642958045005798
d106cd1f0c92a3214e617e6dd5ebeaca,5,0.9658657908439636
ec7e269a47d745057e6a0bcb148ccdb2,13,0.9606673717498779
a84a4a3ea25280583929464f6bf4de54,2,0.9810897707939148
b05b4d72ee63f42a91f2c1520d603657,14,0.878947377204895
22b5117591fcd80499bbc0166c18b6d8,11,0.9258779287338257
ae46584a9debfef2ea93d99e66df4192,5,0.9701485633850098
4dd1ac67a613146694a8a4c492520e3c,9,0.9397285580635071
0ede888685037223015fb754c1302abc,10,0.9711180329322815
450c15a176cb8cba99376409ff091a89,10,0.9714272022247314
df4c47a8fbb7df07923e402663083ae6,11,0.9606112837791443
b38f4f477c2341c4e265df9fa0360e6e,21,0.9355450868606567
d8b345c3d24dccfad31619b6f8cb3acb,16,0.9441940784454346
f77774bd8a9269d89a63242e107799f3,0,0.9792896509170532
ce407686326847e032ad1175a513a774,20,0.9602734446525574
9296f88ee4c518e5e9c5797bc473e552,31,0.8772855401039124
a46648d489912fd462e3647b663a0a56,2,0.9820288419723511
19479de311bd6f16c80f05a55d38d453,2,0.980320930480957
4bdb765b1d12fc034df3e2f7a6b47f18,27,0.8334473967552185
277ac658d9e4fe492479ee5db73fae07,8,0.9612933397293091
39f1d2284afc860bdb3a75c380a8ac74,2,0.9827731847763062
5929a4db438886ff675a426213ab4eee,6,0.9603143334388733
5be60767e99dc080aba29fbdc0b4a690,8,0.961529552936554
d801e5146252a44448d99121a9d2a88f,0,0.9741709232330322
646b45fd9a2c8af32565e38c20346478,0,0.9794644713401794
8b86b02617d86c7765f7682e157786dc,4,0.9523045420646667
412122d1dd4ee1dc551733ca92b51999,11,0.8488839864730835
78ab7c6a669f68d7f4a3b060858c3654,6,0.9550939202308655
3dfeb504dceb62002e3ca77f930f04d6,5,0.9705233573913574
d075b94bd51f076ab764b4b4944022b4,0,0.9806511998176575
a31efc06a1eae2450228bb20c0d542ea,10,0.9712867140769958
35fe20c1b388aa7ad6103331b3e8b351,29,0.8930334448814392
5208787bd3176e5692914366047ec9e8,23,0.9387941360473633
66dd3c881509a305197a7667e8f1ac16,13,0.9532822370529175
8b13304d55e82cfb877eb7812caed6ad,20,0.9605675935745239
4389325c0c9f6a56fa7ff62125f02df4,6,0.9604396820068359
34c00a7b4a6544a01c37b8b18371770f,8,0.9582351446151733
7c1b75dc2e056636dd13ac6d8846fc66,10,0.9713910818099976
9d9173536dac24f792b1066b7fd313cd,9,0.9403097629547119
cdbe99c2d17acb3ecf398e3b3045d7da,18,0.9331817626953125
e1ad33b71c8b9cfba4bddf182134c410,11,0.9607384204864502
d0c41c1575c094c587d5db456c16ebef,8,0.9615758657455444
ece80f2461b7f95573b4e2cba6f1de8f,7,0.8348137140274048
21447a845b5c39b2a29866852be534a2,18,0.9334219694137573
2ef80bad7bc04860c2d7f81556dfc062,5,0.9705439209938049
06b7fcb1e64011b08dfa26ad2422f1c6,10,0.9712490439414978
ac5a036feda5445faf0efa9bd6440242,18,0.9336199760437012
15bfdcdf6f8b731a3b06cc6926785e74,13,0.96102374792099
f396a085dac422dd51dcf8e01ac8eaf8,26,0.9067516326904297
c061efa5101e732bd67b48c353cd3954,10,0.9714173078536987
ff5c2852316432e808dfd9c2148e2bfc,0,0.9806100130081177
3d39de491b1d088f9fe84325a1e744a6,8,0.9614731669425964
b08ae5e980ef0d3f8547d2de5c2e049c,2,0.9693478941917419
9928660dcffa83b91941c75c3d803ba1,5,0.9705225825309753
ad85699aa149554f82ec9800e1767cc5,10,0.9711535573005676
c4826848c2074abcf1b53de3e22c3f10,0,0.9806585311889648
707e7a6a2edffde906944ab5df276180,5,0.9704865217208862
8a76bb4cad912d14464f13cd64798262,10,0.9715624451637268
078a2c81aa96dd52632f8a0585811509,2,0.9826992750167847
1326508b13b963f3c07197b9074f2d20,0,0.977857232093811
63c1aa009b05441fda3e0476bfa05898,0,0.9806442260742188
7fdd1facc65b57e4bc194fd29f6f973f,25,0.9000003337860107
01cc26777cf8bff229be9b200942824c,19,0.9164706468582153
a2cc1bd362974f2f9506684cb4a34f1e,5,0.9662843346595764
c889206741120d864e988ef7367d00d6,2,0.9828146696090698
bcb72ab6afe61d7a4ff2b2e03e2f77e8,4,0.9515151381492615
7d41c455b8029b1185674cf8ca88e483,10,0.9714854955673218
35d66297a4a4641577fa63cc1861b11c,8,0.3302731215953827
606a9db83ae434d6161c4e45b9523262,18,0.9338768720626831
0cacd0812f9cb977ca629bdc10755552,28,0.43314090371131897
cc38a86f021870509b4415dc1320170d,18,0.9331691265106201
78ad58ca782000b9d2c30ddca24e7be5,12,0.9141566157341003
35d7114095294cd435bea61dd49022fc,1,0.964602530002594
cdf4d24f7856485e701c3f959d65187f,2,0.9804168343544006
ee6c7f69772604c778c56bbb8e2a61c3,33,0.8412875533103943
85c6df4b1163d34467d4b8b3c04f74ce,18,0.9335924386978149
980330d627d69e2bdeee7210ec90e85c,11,0.9608767628669739
e5c26f62523a4f0d6a1a5a34744ae857,1,0.9623924493789673
ae1ad4972322a1e62f3717f400eccd33,2,0.9827103018760681
893c276bd620cd2d9bf94bc64b5bda6c,10,0.9714623093605042
b2664ceef772250cb1724565dc11afff,4,0.9271305799484253
0982ce1c7a609bdb97822f444db2fbe8,7,0.9717052578926086
9231e22b7098f82ae015835ba13e8704,30,0.9065720438957214
d77978cff24619750a7b56bc5d99b34f,17,0.9381281733512878
e1ce4dc1d7118d66ffe754b173d61616,1,0.9652540683746338
70845a12e0e9ea1cf4221993ce680084,11,0.9613487720489502
4a12eef050d669b84360b6ac50ec21de,2,0.9826744198799133
eec4c49465f6fc7c3ed722f954e59c21,20,0.9607870578765869
dbc0f15b10da30c596121af075b83ee2,18,0.9340278506278992
01e8672da7fbc52be52e827bb5a25d56,15,0.9523522257804871
c18fc9262c4ba7b106eecd90af64fdef,2,0.9825578331947327
661ab800888682f29839b4f75f6c4e61,15,0.9215854406356812
499a29c16a4bb3fb96b19c2c4cf18323,6,0.9582095146179199
763e2607c973c4f8e020fcc38ac9f0af,7,0.9719257950782776
3e5811e88855729f9bb51b224b33f5f3,30,0.9058942794799805
57d5e2e40263bf6b3870ac5fbdde9241,33,0.8550251126289368
c9adad0a03526bb323e47f34e516a31d,0,0.9804257750511169
6aa10ef68173c719c7430cf5925b8651,33,0.7208911180496216
031784268cc6b9a058dd746932f2f37b,0,0.9805704951286316
4670e9235dd024df39ca13441deef8b0,0,0.9805576801300049
358b52075452e55d66dca239d47f0c61,1,0.9642642140388489
2444642e9117193fa6fea188aaf190d6,2,0.9823088049888611
f1a67b76da0f24b507f31f86d926eff0,8,0.9617044925689697
0aae621a71d5918968d87020ce41c9ce,2,0.9826707243919373
454a34bbecfd96430c5b03e89b408bc1,2,0.9781714081764221
843e2dbb418fef8bcdcc219e18af53ad,33,0.8543705940246582
130502057f0fe0a3eae1506c3eeb838e,7,0.970754861831665
8041ddf8269a859e6af6d986630613bd,8,0.9613184332847595
0d25c159ad263cff8d38cafc6e51ebab,4,0.9447118043899536
68173b2ad9705ab351b9393006bbfba0,13,0.9536502361297607
344392b8c5a5910a5ae96d87daff6911,8,0.9616603851318359
af17326033c9e45fdaccc79a61d67195,34,0.9261261224746704
5ff25ae1ebd865f5e1c6049f56bab78e,10,0.9714292287826538
5b86efdc27fab5642f2f98996edf3c11,9,0.9395142793655396
c88214919fd7b1efa77978bedcf96565,23,0.9521069526672363
7473928beb74265ed7d7f73956dd2b1a,2,0.9822438359260559
457bcfe7b1e3c35ad6a6e7f87da7847a,6,0.5260363221168518
c31da10610b390f7750721a35739c4f8,0,0.9796726703643799
63e4e12b167fe8c0fa6c085235970bed,11,0.9598029851913452
32dd9d48ee19afd7f25304093e9d7a44,2,0.982704222202301
231a76cf07debcaf1dfb0db5e41990f4,4,0.9524206519126892
03117b301086954def923512be7a80a8,16,0.9459341168403625
72342f3c34349c0b3e91f1341cf7ff15,10,0.971312940120697
c93001cdb9620a4a2814f37de192742d,2,0.966829240322113
326ec82a57a41b38b41ae2e1d1ae0c8e,19,0.916031002998352
f1b49561badee1fb778ebcac1ac0383e,0,0.9801715612411499
4e3367e5079c41ac39bee9a32f7241c7,9,0.9405442476272583
0e7ff364469e739bd19a2018338a9876,10,0.9703715443611145
502b49964a1aac0647b784f8c701f8b3,0,0.9805142283439636
152c095a509ae39b4ddb3cd096081d18,0,0.9806025624275208
115257f2631d5abf07b8178710b89f56,26,0.9253740906715393
3acaeba661f6850d0fe14bf1b6e96118,7,0.9620645046234131
5f9bfd6a590c686a1ac2893084e3f9b2,6,0.9480241537094116
ded52cc51a099213e2eb152c0352e5cf,11,0.9606544971466064
b2a4ba6a130b137fbf346d3330ac0c76,10,0.971479058265686
bf2e530018882f53d45562bb256c837d,0,0.9787935018539429
ca4287e45ca190fbb0c786d017b0a0d7,8,0.9441372156143188
ae5c3c0f77ee72553d2e06c0cb7f1f29,18,0.9338203072547913
e5cb1d186648470f7e251010bbe3c58a,20,0.9606192708015442
977d2c1bb984b4176f066e8467eee529,13,0.9621387720108032
8f4fc318b9a6534a9594736c837ed17b,5,0.9698202610015869
940daa7fb325d3cec40dd88b846afa4e,25,0.9144774079322815
a733de4601e28b02a45f758f40d36c10,18,0.9336605668067932
ead2d8a17ad4f6dafda0556ba752bf62,8,0.9616480469703674
65d900ea70b57e31fe213b2c5253b08e,24,0.9515078067779541
66201b033ff93927e20246427be60397,31,0.8306828737258911
dd06027370f1a7d3c8e227b3eaacccfe,20,0.9608080983161926
43a1983a20372e3aca0dca33048328f1,19,0.9153426289558411
e0a51e061b909d4130993afbfdb9a401,16,0.9467402696609497
50af9c74cb07125978d5195b171ce89e,27,0.861577570438385
840416bb0819f17714419f40f332fcb6,7,0.9718329906463623
0eecfb4b2fc7d2b0b23175df0fae96e1,0,0.9804282784461975
49dea1b1477ecfef4dc130d35560033d,0,0.9800320863723755
2741376fd0ad5e3f7fc4a42fe1c985bc,23,0.9523908495903015
06aab2e559c7f46571936d3d65e94c2e,11,0.955895721912384
58d291d4619828fab1a5c3dcad508234,2,0.9825666546821594
9c0255b495bb5405f4b5b8fed190ae87,11,0.9608827233314514
644f7e8e9251a6fcf21dd316d7e8b5bc,7,0.9717939496040344
ac05510edaaf2a031d5687e5cc1abfe7,2,0.9825170636177063
4595eb901449690a9239e47bd53729e7,6,0.9599244594573975
92e72543308e503f4a5a627941c7aaae,0,0.9748811721801758
5b34027bc8bb3ca7ee3b40af247b8311,20,0.960503339767456
e7123e4b37a25f1584ac5a6acad95f1e,10,0.9711425304412842
4c7bb03cd559faa575a65850a4720b29,7,0.9708924889564514
26de1db00ee56086cbfda0644ef8e452,7,0.9701980352401733
0279ed886246ee087cf128e0e34da055,5,0.9706851840019226
390c87f0307d07c547baea75630b3018,4,0.9526151418685913
57f90317216e27710a93c95d1010919a,13,0.9497854709625244
8dd838ee6b9ea2ea6bd5c4f039f47129,13,0.9626737236976624
884183fef31899d67201ef633dca5793,29,0.8939253687858582
2a4e7daf137f418a4cc8deac09a8b255,10,0.9712971448898315
06a66dda87074e70f87cae63b6d3da16,23,0.9526407718658447
290f873069679521f3d5206609eb47b6,2,0.9824296236038208
def3c8111ac23cbde1eb951799b6fae8,10,0.9715141654014587
9a482b34b5ecd700f0ed6d69a888da63,33,0.8468515872955322
2fb24667119c4c24498463f85704efd0,2,0.9824610352516174
b2a88de6c83a7ccc58b52654bc18595a,2,0.982399582862854
22624f8472cbfd33b89798dbaea839d6,4,0.8880432844161987
25604790dfed4a594b5ae34b8eaf8db3,12,0.9209132790565491
afb90203451fbd2248035a8099544044,1,0.9651471376419067
f486738f402ae2ee336fa124ce7f94b5,11,0.961403489112854
ad02312990fe7dc909b71b528c996956,6,0.9606400728225708
802f57fc72a4c31b357388fcc9d52cf8,11,0.9609500765800476
75f2ab2bea6ab44d81cacf0041314977,19,0.9138946533203125
bc4648de6accbd2f369b0362f4cd9676,11,0.9584255218505859
6777ec45641b597ac09efa0967922abb,2,0.9826852083206177
2c8b72aad41ec3737a950ae5937079e4,2,0.9816206097602844
cdddfeb1eb30c933ba7bcf03ab8d4af0,21,0.9359584450721741
6ca938d50c8f62f800e2b40f3f461395,2,0.9817637801170349
ce03f78b17c01fceb8c71c00cbadc53d,10,0.9707431197166443
75ccf83bc071f4efc23a24ca93c2d6b9,25,0.8032903075218201
e14e1936ce8fe3240b6a93c8508cf2bd,6,0.9582403898239136
ae77367bbfe4bd6ae3b20b99ca4a3adc,5,0.9703263640403748
1443a92b0fa853f042401aaa44e869ff,23,0.37441882491111755
d5846a07dcc9b0b4ee6252be0874129a,10,0.9715296030044556
0443e720542b6bfaf0eef4246b187a4c,26,0.9254356026649475
1551b066312a7a80c1bf42edce955ed1,2,0.9814499616622925
43a7a62ee5566fd316ab0a0efd18793a,2,0.982320249080658
a28fe71dd7f2a5ce20e91fc4057a5810,0,0.9805132150650024
a31c68dd35d3f7e5d3ffac91cde165f4,6,0.9602291584014893
36d735223b3f58d82b90e039c71a8bf4,33,0.8556915521621704
4a95e0664d856663d3758b0f6c15eb37,9,0.8953286409378052
feee71d353d4a75f4553f166ffd0169a,6,0.9606912732124329
545db2e921cdda6f1a259ccb5c1bfea5,10,0.9707651734352112
d852bcced32eea8d9521b06ea93697ee,0,0.9803469181060791
8f5dcf706158bd0f0d64aef71533e6e8,10,0.9710142016410828
d715b6d6cc625d9fb8303a6c65caa916,2,0.9793339371681213
83f10e7660fb56f4c208c417837e0757,0,0.9793905019760132
189150888a59d661c7f1c4945abdd42d,11,0.9612242579460144
12492ad7b805a2d85e362b394e9800df,2,0.9805867671966553
c0d54e83b039b941b0af1f8e0745be63,2,0.9826020002365112
5da66b11a1a487695b0cc008b4482edb,8,0.9616802334785461
6ab66346fb4c7d5d6f2ecdd98552a6bd,10,0.9712149500846863
f8e110f3bb382f6023b420cef1ed1684,2,0.9827238917350769
d6ae6d776a5cdb5f0a41b30c9afc081f,18,0.8911530375480652
553486e92890c273571907eb24ed271e,11,0.9393062591552734
9f5249570b5c25538cc34eb378238bb2,0,0.9806297421455383
8adc72cdfacef3aae268a88af2cf3d4b,4,0.9401623606681824
6c56752988afbd07d80d9f1e0dc2a4fb,0,0.9676114916801453
1ebfda2a049083321270a18cd18f7340,13,0.9166883826255798
e10880db7d3e6f93b8783abda5de4996,7,0.9718227982521057
75097052ff403c47c2515aa6d4ab9139,2,0.9818871021270752
21fd4643f1a62e53106491de88b8c395,0,0.9803143739700317
790e5823d6a83a2e67d48c432ddc2429,2,0.9758267998695374
cb31af4e8f7c99f5f7a5e319c1d34019,17,0.934053897857666
8a273dc480a2eb848d3435d92adab8b9,7,0.9717206954956055
eac1be84448efa80e62194920574478c,28,0.8833822011947632
59fe2b01a0255f45e5260cce98eed6c2,21,0.9330395460128784
e0a12b6be778ac163630f35fe21ea32c,19,0.9165090918540955
1caf9e3b7ce6660d25ac1a22a37bcaf5,13,0.9617322087287903
aa37441025b583afa3df17abf2fc098c,13,0.9624935984611511
2ab45d616da0d54ea1ff3b3e00314337,17,0.9294115900993347
6daa7ac53d7cadf4e4d934b63faf1f15,0,0.9806768894195557
9a93a88f56d462ab66f3a7a9a7cb3e8a,1,0.965594470500946
7c3feba189a0e316431fd2efcf738562,5,0.9695795178413391
0d86973c57c4c8556e3d946659527970,33,0.5206634998321533
40d570f1fb88a90ad6450af095a34024,2,0.9826834201812744
5606f4ba952589b5658800c6e4bfd024,5,0.9703556299209595
ea59ed97c982844f92021a013918f7b6,23,0.48488935828208923
606235cc9cc77e442ed485bb2668ba69,23,0.9526452422142029
2f034f018dcee921dda4fcbd96772c37,13,0.9624273180961609
a8264bf212108f1cc1a2d87666e6217d,5,0.9703705906867981
38017faef65a2c1276d0974698b6a26e,5,0.9704922437667847
d82ac7bb888bc1bb3bec9c65554219b3,6,0.9600058794021606
ee28a0091065b23b3d64b2ac1dc1b962,11,0.9605191946029663
6e59dd4df388967449763b2290e0d74e,30,0.900097668170929
6efa0a5c3d92179195d1a28a84b2afd7,10,0.9714482426643372
ec679433c9a52f9da5b38356634be278,11,0.9603568911552429
c8c16d9f338ff0925b4ca24f87357d05,16,0.9474351406097412
9be977cbd49539473cd81f911cbc668d,8,0.9615888595581055
4e1f0efad38f8493348772b3eb870aa8,1,0.9653679132461548
6f5953c9054227145a693ce3e5279833,6,0.9591664671897888
3f8fb32f97d225eba906c9a47639eb80,4,0.7243209481239319
455e2038042471ff2ffbd3779e18d096,8,0.9599024653434753
84c38a8d31654654262ac81024a8f34a,20,0.9602438807487488
8af298083db03a6bafcb9c2a61f3ba1e,10,0.9715195894241333
8e0f3330ba30bcabf1e1446f7b6cd2f0,21,0.9304371476173401
aa67874b184267437ad9e448b3bb93c0,2,0.979729175567627
e9787e753fe584e828131aa891ce7ce6,21,0.8916297554969788
22306d657a4b2c940c983269c87962cb,18,0.9313602447509766
c1376001542691320dc845fb557093fb,16,0.9471203684806824
2cfc7bc568c2bf5171d046b61247ecfb,8,0.9615674018859863
1b21bfbfcc0d97eaa50c4fd408deea2e,0,0.9806275963783264
e75e7a44f88457f9dba5b11eb2ec8c9a,17,0.9390573501586914
f4732bb436f298b12bfaab6f4c287069,11,0.957912027835846
89cce7d36c344e81660c19e0b1874767,27,0.8643450736999512
05f7a55248f67e81ce8e943c863adb07,5,0.970200777053833
44464fd0767253951645091f41319227,2,0.9789078831672668
c89cae455b115cc88e0a39bfb56ec067,0,0.9805692434310913
13bbcb758344596caf1f6ab7e5aae9ba,2,0.9818825125694275
1f4b50259007a52a2198c1f33833380b,13,0.9623384475708008
4f88ad7d667167d59beecc532230ba53,30,0.9032663106918335
cef0ff12cb8c1d2e41d69b7693cd2245,3,0.9314073920249939
10a4948b262004c6b1797f4f91436bb8,4,0.9525490403175354
ea1974458267d9a4dc89ab46ca396583,24,0.9532033801078796
5064ea73392ec5563e96481ef09ebac0,4,0.9520822167396545
7fb818c4282e60388ceb400f56857afd,7,0.9715604186058044
6f58a09909df01f8fddf5e20323fe2e9,6,0.9605320692062378
2072af1e9c4160852b9da2ad221d6a71,10,0.9628551602363586
1156ad6c7a6b71ef0f40fc83caa6d1c4,11,0.9605994820594788
81c3ace2d2dc90044bbe3b31f9a40b12,2,0.9818498492240906
1d6222464681e2c5c4f5fd2f5c54a05b,10,0.9713965058326721
f272d9c488d9b00fefc939483dddc5ab,6,0.959968626499176
e8a051a875d9b6bdc3658f12aae3fb43,10,0.9714354276657104
9954dcb275e3122eb13cd4ec7a464780,20,0.9603884220123291
76f5ae65e75120b77be52896412ac166,13,0.9626440405845642
f8581184ed86529c4c8876af372068b0,2,0.9827092885971069
6dbf16a648d4cc21b65f47be3e54f9c0,34,0.9263094067573547
0d4fab3b3fabccc5bc7d81c2dd94a55c,4,0.9516366720199585
0188ca861674d13f1fe3cd0d35efaad3,5,0.9703900814056396
8177d30ea61f924b6f31b4a18796b032,33,0.8369526863098145
d387b1b31dd14909a402a4b40c14f9e7,3,0.8605743050575256
aad34b93d3bcb48a09d7c6dfca48a074,5,0.9703695774078369
ae04b33e9e6881b28bfb71df7b686129,2,0.8456498384475708
3010e21db2ec3fbc0d83ad38e387bc82,4,0.899003803730011
3ba186246227690ed23cf364ef1463a8,10,0.9713963866233826
c14361f309b9d8b67ece1135ce89103f,5,0.9701492786407471
451e359c206f30c0f46b2353bb1452bf,10,0.9714464545249939
f8e1326fba309fb713b906c2a185c1d7,34,0.9258486032485962
fefd650534e28c2b2c347414bedd159b,35,0.5876176357269287
3fc756b06d91ef4d91af7baf86827780,10,0.9697129726409912
2f6ab280f8939cc28a07c1d4ba415a39,11,0.9582679867744446
1b231ea2c6f2c00da2ce02b3e983d481,2,0.9821450710296631
c29b633a568e2b757daa42516e5d6e01,2,0.9745714068412781
4466a0d5f3ff7d074fb4c0a3ecf5e285,20,0.9605503082275391
955caddbd5df6becbc50162870a84476,20,0.9606379866600037
5a3e1bfdbc3f189f329d1c88f7c32995,6,0.9597517251968384
197a162cde2ede6156a016943230c448,2,0.9827187061309814
85545d971648b17f9b37e5b667065c2c,8,0.9490339756011963
66c92c0295f3d1d653cc677cab092fc0,2,0.982174813747406
158698d275898afb035fb9f28fc55458,11,0.9609764218330383
df74e1607285a3fa8eb641cd9fef9b09,1,0.9641461968421936
763d703fca338784e3884d476cfef5ef,23,0.9495974183082581
93a2aca49c7356e6ea94df73f597b079,8,0.9583297371864319
2ed96bf25c4d68329f2bef01c6333349,3,0.9295871257781982
fcc24549a4a26f8ba402c57551def015,3,0.9311385154724121
4420f3690a2c9103deac1077f818285c,11,0.9612041115760803
f2308ca60db0ba3a3c82ace2979b9698,0,0.9776113033294678
29ae89f2f4b44530acc6a6fea004ed76,2,0.982637345790863
a50667b4f1eabc9f6c9dc5ea8af25230,2,0.9806256294250488
c969747da57414415a264a76adfb5523,2,0.9801013469696045
f989d4f03545bef01f4f35d2011ca83d,34,0.9154976606369019
8aa1c82e53d176e7749e12f57fd0f8b4,6,0.959097683429718
b42dedbac75567932cd725ebee4b7931,2,0.9827405214309692
5fdcd0848c7d2c9727d7a5278cd9d12c,9,0.9373050332069397
84f564c8e12bbbb7a7295b3d166739a4,6,0.9602156281471252
a8cafec63f4b774eaf45fc919b16c720,10,0.9712344408035278
3808a2c9ce64b5c81154788c9ac10a63,2,0.9813607335090637
b604a7cca4eecba236b20fdd22046836,17,0.9181367754936218
4f031595604465f035a5d7cac50c2997,21,0.9324695467948914
e150906457cc8b6828dddcbd62db185f,2,0.9827533960342407
583d13a7c4a78eb56f63efbcc5629991,18,0.8726522326469421
2b130a8d477cd8da6c1eea43d88ad5eb,2,0.9818992614746094
97fcc4fa33fa163767043e13e7e23d6c,13,0.9511856436729431
e56e521748c21e99b7a2c4828a669599,2,0.982671320438385
bf6271db6a7811e165198236fdba2160,5,0.9700770974159241
8101c665c13cf1ede99a0c137b3ed0d6,27,0.8820305466651917
664f4f9c73abb26d7a08816a3a38d359,20,0.9331712126731873
666003d8d33c832156ac8dbd8c70d1dd,4,0.9523632526397705
153def128bdcf5d4854d7ab1d5dc9f95,1,0.9653380513191223
1ee56e2f94bcf5bd0732321054932abf,6,0.9522411227226257
38aaae86815123204dc93d24bca953f0,15,0.9489246606826782
59f1d9b3db6377f14139c2a9b1edfca6,8,0.96169513463974
bee707729085c6b5fc490e903e7a09a3,34,0.9264723062515259
4a86e448a0f2c34f9359198eb16261dd,5,0.9703924655914307
e0fc5849007ac75ca1013dfbe97014c4,11,0.4873632788658142
1ec640972b54cdeeb6b957e99c557bca,18,0.9103646874427795
d39ac27d6577f92adbd94a3b341c903c,2,0.9809495806694031
baf444c29b0d4085cf6dad0bd2e74587,0,0.9807230830192566
68e27ce517dfd3b9b05cdb1c92803485,2,0.9823383688926697
8a294b2fc844d6819d6a56afcd2eed23,2,0.9826894998550415
21b3bcc8072019dc0ed79d17d7b549df,7,0.971464991569519
265ac5cd8e471595754a80e39bf8cb7b,0,0.9806822538375854
017b81bf7986712a5dde3aa2de746ab9,4,0.9516276121139526
53d879eee955e72ecd79321037987619,8,0.9615874290466309
4963707c57f1ecb44fa69eb5d329787d,4,0.9491721391677856
9d622fef202ca1bfd2a797d114b7cebc,7,0.9718629717826843
8116cdda042d2c6db40596182c75f770,13,0.37234175205230713
b3343c717e3a8288221af2022c1e3d28,4,0.9446027278900146
786883665b229e03ccf6961b5680a768,33,0.8532959222793579
17864039df5632d9640455549e0d0497,11,0.2429758757352829
c02d4b28d6e350f3db463d8a69dbdad7,25,0.9144684076309204
2974549ce2d2002e279a8926e31b54cd,25,0.9033470153808594
2ceac6d4572a400949bbdba74e557dd6,33,0.8560486435890198
47cd46ae3489f0894a393700e79ad21f,5,0.9705516695976257
d930beed3b7efe4dc99a4e8662fd95d7,11,0.9486002922058105
4f5fcbda9e40998f9b6e2112932b81dd,10,0.9714418053627014
233fa253249ea1275201cce14f4f950c,10,0.9714593887329102
0964d943afc5208d728606efaa62a299,31,0.8733475208282471
4550dee4d281ee05584dddfab62a2c03,0,0.9470120072364807
5a010d2faac76eec443397ca9cb520ba,11,0.3603184223175049
900fc8917cce5f75557c02eef9f4e54f,10,0.9709304571151733
b75ad653f52fd4d7d790a26e75c8bd7c,11,0.9613798260688782
a812ffc20d59b6f6efe6e093186f96e6,0,0.9800737500190735
30fc757d7a06d4831ee792d8953dcdd0,34,0.9258328080177307
bdac827376cd89bc027bdb34b0d1efac,2,0.9826287031173706
264c99cc48f34888fcfdf89dc5f8943c,1,0.9450453519821167
d36b12a148281ded8f54f9ddb48cef14,10,0.9715046882629395
327b11ff46a7f31e9b830f28c5d02a3d,16,0.9438185095787048
e403059b1188256b92c85402acb6d3ef,18,0.934136152267456
7a6c8553b9c890c9a3e387b1041719f1,8,0.9615325331687927
95379cfcc27518a7ce48ab23c82ca053,11,0.9609723091125488
b209f01bfce013b205d777924b1b5fbb,11,0.9604352712631226
fff7142d0e4e5b9878ac01666e18dafd,8,0.9606388807296753
0fd3fa2644fa20beced14a6f826022b7,10,0.9713209867477417
ee11454c200e33b1d1c8e43b22ffa9a3,6,0.956777811050415
ef02d8fe8582d227455606b31c26c7d0,0,0.9806038737297058
373062cfe361ce07f3f8eb206d388a5f,5,0.9704575538635254
9fe47af7c061494f7000c71f004bc7de,10,0.893631100654602
e3a2c5ec1870de5ddbefd987b3f56023,0,0.9801098108291626
c678a7ff0d0f0606794ed09ec101927d,1,0.9655852913856506
fe5c7905febf971b34b5ec234cf0efc0,2,0.9611208438873291
3d27195a2456d1ff0cd6d22c64490278,7,0.9716775417327881
d5ed6b5c9b248324864501c536f538c7,2,0.9770575761795044
ff4ffdf35c0759ccfa1fedec82d25dd4,27,0.8802468180656433
c71bef82606d1978d9a9daa59200b79a,1,0.9655615091323853
b18b642973d167d9d0ec325bf16c8056,18,0.9340229034423828
08cdeb1b7692bb937a5895ea6044eaba,2,0.9827421307563782
c63df5ed2daf300aea6e5147682020db,34,0.9236415028572083
f458f329276929f0cbe9597190558582,24,0.953326404094696
eb1b633f2cb3582a16b4fab43ac209da,13,0.9627882838249207
3893949059190fe3390946793e5723d7,0,0.9803987145423889
f815b10809dcfd8c85bdb36837b00e46,5,0.970258891582489
cd6659fca564c0e7457c26fc4455d61e,7,0.9718557596206665
9783b040de3415b3cdee42d46288ebcd,20,0.9604709148406982
cd26ddfd0f0342779edac9118ce881f0,11,0.9072996973991394
7b0ed72f9b9c89085954438c883ff982,10,0.9714686870574951
ed99128e850fce05dbb6a687e385774a,2,0.9116675853729248
762fae09758753100b0f7531ad88601c,2,0.9824533462524414
040179c307a49ef626172101d191d41d,20,0.9603402018547058
0a086832cb8ed56457b7d3c048f6f78d,1,0.9646720886230469
7e3fbf08c7efec205ca1c4fea9e7adda,23,0.9522087574005127
3f9b0a416bbadd935a055ea2ba4aa2a1,12,0.9209268689155579
192b922c334e21afb2090828fdda2c94,2,0.9826290607452393
a8411df949426e1014f92e0988c5cc0f,2,0.9821639060974121
bd92cdfc3af37dd8ac8fd861ffd9c651,1,0.965514600276947
65b56f8bf2756c4e0cfaa117e2b37247,23,0.9526042342185974
43537a31c1d643289139e15386a4fdf1,6,0.9362981915473938
1ae3fe314f28e45c0c2c4fdf6be9f37e,2,0.9811930656433105
1cda1472003a9feccc99b99900963947,5,0.970648467540741
44113568a44d1dd0a27e006e6d11e2a6,15,0.9534572958946228
0b1e8f4c8e13aee974d4e46b25fb38b7,10,0.9711709022521973
99e8b399d0a8eb5f772b3d803f5ef758,10,0.9713432788848877
3fff991f0d3eecce20c17ad9fe6565b6,5,0.9704228639602661
4c5a6e03c91cc84b340f781b710a95e4,33,0.3425435721874237
f6014bb8ef3382e3de2a3e3544e10283,7,0.9717611074447632
1c5942a7b7fb8ceada0943eabdcf3ccb,7,0.9716487526893616
cb35375c3a97debfeb26a8e4fd9343e4,28,0.8936129808425903
0b2554fc69ac6c733555ad90f107b937,2,0.9820041060447693
30874be09df09ab508940bedfe2776cc,2,0.9827123880386353
c37a250e228cd0e4502cb9f9258576e9,2,0.9814648032188416
5b93983402f383558beef2c640329359,13,0.9609964489936829
ced5691c9ab9ba11ec676b2f4cf33788,2,0.9825213551521301
e0798fe91ded8c3e648483e5f0f35897,6,0.9159982800483704
9ab648bcdd9f89e9c1b8df25e72b249c,2,0.9826188087463379
0b081ceb990c2e330d55d1da969af894,9,0.9354583024978638
e5015f87338029836b73a8a1441707bc,1,0.9646683931350708
4d22bbc86f9fd9f9f453cd58a7c01c2d,15,0.9535693526268005
e4448c96d55fde4e7c27a506275893e0,25,0.9151778221130371
3ab15cc676be82b08b7b8f972f4422cf,1,0.9655910730361938
910eed0bfeac268ad6e2b1af02334e80,23,0.9523918032646179
21ea41d5e6081562d5a138ad6d7cd5d4,6,0.9492049217224121
1bfadf790d254ca92264e5646bdeaa91,2,0.9827090501785278
b11003b855f2c859b5ed669cca4f6275,16,0.9462151527404785
5449288728f430dfc12eaeaec43762e9,24,0.9530792236328125
16b02cc7460df13418c167be9f069586,7,0.9715686440467834
0fa37612ee6539aaf9c06d3ad099bb91,8,0.961636483669281
c5f651c9ff6a42a8be31df9c4e35e625,2,0.9828885793685913
9dbfe6f2b035a76b57da073d7d3a1eb1,2,0.9258157014846802
8a3cfd3502547f83285ddd117f641d97,0,0.9797884821891785
888611ec25808e14b793f83a22292a1b,6,0.9601752161979675
915fdd9ddbecc3a06ebd86b0b3ec3104,26,0.9263471364974976
71b050b928192305797178fed1ce4e14,0,0.9696992039680481
50ad2340cb04a881e26ecdbe25420f86,20,0.9607869982719421
4fff653001b9927aa63645f9a97d73a3,1,0.965423047542572
c77dbdf7e5b50d3c8a8505570fa28c1f,2,0.982508659362793
221eeda9bee8692758dcb12cd24d866c,20,0.8650733828544617
18e9dee76687bd2073cda391842cf91b,32,0.8075799345970154
09d921819e4f0b005ebcafa4a75647eb,0,0.9802466630935669
add366ebc04057ddd64376ea428d6b4f,2,0.9826380610466003
4e5513dd402932ed387dc821ddadb3be,30,0.9057278633117676
6b054e7fedffb9bc5f6d267eb62dd5e5,10,0.965251624584198
35a91899f9f5342be34eaaf6b4e63edb,13,0.8769418001174927
48c2036ddcc354b97bdf758d7f5bb1d8,2,0.9820824861526489
61eeb3ce6861ce7ae0afca1459f9ca89,8,0.9597203135490417
8c1fab973a1de9f48293ba8879b9eef2,0,0.9313685894012451
1d433483c5ed2c3a03b85475c647f9c8,20,0.9604554176330566
c819859bd88e38e5d74cfa47b5c882b9,4,0.9218447208404541
b1f504f9275f18551dc5669a51f80e27,10,0.9699586629867554
1a1d07ec7e62426bd833099fc2ade00d,10,0.9714236855506897
4462f6c87a7cc2b3b417263fd7cd9431,0,0.9807121753692627
6b98b2217e1670da54bc3f9bf5cd05c8,0,0.9792095422744751
c3c228b02675ebd0c97c0c4a495ba453,2,0.9528847932815552
1429e08b5fd0d1c43ca5dcd5c354945c,31,0.877185583114624
e5f51277d2e20ea79cb1088c65505da7,5,0.9567831754684448
3b91b5c7e1656684ed587e60b0ef23e0,2,0.9150937795639038
074a4fe97e2860e274c558a5fc0905fe,2,0.9575926065444946
a0579d24b7104fd40bd812092188d45a,10,0.9713118076324463
45fe22fc6f5c705b24c5677cb9c7fbc3,6,0.9592827558517456
a5dd7731b5170302f771027f0be3eb35,0,0.9794008135795593
35cec446791a8577c522acad528622ca,28,0.8739062547683716
2ea693196907ae718d1a2f3507712011,10,0.9714568853378296
2fb720fc18d3d584a2999d9caa23018f,1,0.9654918909072876
8aa90d11e75a17a3d3853ab5429b88dd,20,0.9606577157974243
8f44ce0040c19819e2260ef8a0b8dc7d,20,0.9605152606964111
7f14121d1fdef99a00e06fc4e19323b6,10,0.9712879657745361
02df8c90319c82139b5b86294a0072cd,0,0.9806845784187317
7ae441950e069711842338ee8d7aa77e,9,0.9385617971420288
6451198091145c0a158001efc3664538,11,0.23696193099021912
93d4f93818730ab0c1e38bad31749fe1,2,0.9786176681518555
b8b2642105c9d9a61c95ded9d98ddc47,10,0.9713072776794434
1a706489d7fa4598f8024a282c5bc739,9,0.9392805099487305
d5e444713a90f49f14729c3bb2fea8f8,0,0.9712047576904297
990e2f1dfe5283133e10317787e0b812,8,0.9616577625274658
aede149e660cc7aede1fc6c878c421db,2,0.9818825125694275
5f68fc4779b1fbde39a2e4a9b56c657b,2,0.814764142036438
60b202000adc8519fb26c07df39625b0,4,0.9104098081588745
dfadb1b4cdab6bfc43004953ac772471,5,0.9703753590583801
18b425053a66cfbcdb229d818afd8840,13,0.9620978236198425
5259f066f3d7c4750de3a6a2add62d96,20,0.9605503082275391
135437984856b290825a35794ae052e0,2,0.9827393293380737
33df9f4240e520d6aa1c992ffb6c0318,2,0.9826849102973938
f4de66c1e901fa1b5b428ff62f2906f3,21,0.9357782006263733
09d9789b8accb25f31fef46f0c226cbc,22,0.1852189600467682
501719e58d1f882e7e2f733f15c4ac9e,19,0.9160633087158203
21767d03a65d7023f4d2bb8cdabb3c96,26,0.9261727929115295
05e551da353f1ee214891cc39d0ffa91,1,0.9650259613990784
469589965cd7cc6fc2312aa2a11e261b,0,0.9804184436798096
66449e4b0af38810998b4ae036b55f26,2,0.9826908707618713
02bc62dc9f0bac17aa963e090616a6d8,1,0.9599525928497314
a24b8ba08d49f2fa3a7bd3add8ec5e86,2,0.9807206988334656
096daee9ef8fbcd2c24b8fbb44854547,10,0.9713305830955505
27f8a0371dcc64bace73907f2a3efd06,25,0.9105253219604492
b2a779a44f511d1815eca0e130bcda6f,6,0.9559419751167297
68a2270fb68ddf96761163880c9c41da,10,0.9530375599861145
df221985ebee4a997536c37180754ef6,10,0.971467137336731
fc683bf3e147d563d4f210c05884c3cc,8,0.9616413116455078
ef2f56d54fd912c953ef3069e07fcb6e,20,0.9607902765274048
b5a6b99734565c9f612d803af303914a,17,0.9337025880813599
1058b6edfcec6264a45846a73c9399e4,7,0.9665420651435852
d019b0bceef0aa002644efc36886233c,24,0.9467572569847107
4e2c411372838ad5aba03f167b2a0f6a,20,0.9606509804725647
6fdb94258aded54c7bf2ccbbebd94823,15,0.49869272112846375
63f096c9a7310a4a0684910bd8ba17e6,6,0.9607057571411133
4fcf0f3a15f8bcab110e58fe64c0601b,11,0.9598402976989746
8550fa92d26c67327ff8afe68e25f8e3,2,0.9811421036720276
7e18a1f6e4d104e90f10798477731075,24,0.9536445140838623
34250fb9a72404f6f6130913c6813c8c,7,0.9638583660125732
44fd728549eeff2db2e88fed78fd4bfd,2,0.982586681842804
45b7972389777013c39c040783e79cf4,4,0.952256977558136
9363eb29b0c54f043c2b0ed075a57d8e,3,0.5196115970611572
50838f9dad766e5abf2a1e08dee73202,6,0.9565873146057129
4a105400f6e94aac2471a8b148e47b83,8,0.9615052342414856
5505b8dd739c7e93cd8891bdb983489a,0,0.9585052728652954
118f7aa8a5ce32565af0b4f428c84c35,24,0.9534704089164734
b9c88a3a97ef939354faed1c57de14c8,20,0.9606105089187622
d71b7a724c3081b569e501a0b551c2d5,2,0.9819788336753845
ba9476e29e2c4ffa93c080c5218089db,16,0.9471070766448975
16cb5542bc85c3def4dd69c48c77ec89,10,0.9715083241462708
baad68cd58523ae1bdf1f58645e865f2,2,0.9826549887657166
b19063e92ef5f8bec71c19bffc603bc3,27,0.8680223822593689
6a95d75b7a1fa7b57bfad7e4a6fa3b8d,2,0.9822906851768494
23ee5b4ac0d869d5fc674ec9b53b7f2f,7,0.9713990688323975
38ce5683e00ba7320c46c1aab59c9ee8,5,0.970255434513092
951eeb9885af56a1757ffcdcbf5bfb8f,21,0.9356582164764404
6978f30925554bff015ca6c56cede5e9,0,0.9805740714073181
efb8ea957ad549fbdcfee84942227979,7,0.9696128964424133
22142b316bfdfc76f2cca40556a27208,9,0.8015522956848145
b13ee70b17f15a7962c9d710bc84e584,13,0.9623218774795532
8e44abd37486e3eb3552da532e532535,21,0.933007001876831
d3c6c9464a35edc95712085fbbfc86ee,10,0.9712632894515991
ea5757808e86d86976e6b2cf292671ea,10,0.9714392423629761
f7c6c905dc105713af0107d5b900a48d,1,0.9648646712303162
8ec547493ea482e68989624b6cd7ab5a,2,0.9827100038528442
6e317cbc08bc9183c1c967e473888da6,13,0.9615954756736755
b9b920883e03dcd38bf9f29062b51a2c,1,0.9650266170501709
c6ad6e71285297552e1a220fb5c5cc79,0,0.9806806445121765
2f9e55d0c67d30c8521e9c16fda6eb3b,2,0.980832576751709
8708e96407ae90c0362d79d3d7b1bec7,2,0.9762440323829651
0b58d4448c9c61acca9916a41293803c,23,0.9514670968055725
350784110d4a49fb0e6091074ff0a0f8,5,0.9696590900421143
5c11d81b0e5c931cc980af931848557a,11,0.9604747891426086
daa84e8ad549af9be0baf336ab94d465,0,0.9805951118469238
0683ae5a314ddbe636f7acf2653f2643,9,0.9376986622810364
de23c51b1b53d408332c623fbaa7cdba,10,0.9708721041679382
543950baa2e25d3750ddee291aef6fc5,8,0.9616686701774597
b16277974155562ae5668bb50bae81cb,7,0.9719314575195312
33c904f30f3427406bc3d173400422a7,11,0.9602821469306946
a659a9901cefe9cabcd3b9eb771e12a0,0,0.9806987643241882
f2b572d8c9cfc60044f33bdb668afc0b,15,0.7076711654663086
c23b91ac319b47ff6f8e0bd9a1433208,0,0.9806031584739685
2e9fa20941d32cc1321e67f5641b5733,0,0.9806473851203918
80501b33238716ed9cff44d907bab511,4,0.7010534405708313
6d369e17c782701c6dd91e632fec473d,0,0.980593740940094
946f273532598cbf9391d56141206f8b,21,0.8024787306785583
97e2515d3cf94a339470afa6faf8ca0d,7,0.9629465937614441
61039d671937a8c6593590818c3f82bb,4,0.6585906744003296
9826fec68785c43b84116c0d37781eda,0,0.9804872870445251
bbcb1235d2668fd8bd1007f202006a9e,7,0.9718977808952332
847df31d786cdc80bf341daa24027b20,8,0.9617167711257935
da2495af98def8512ec69648b8f2ea6e,0,0.9805012941360474
4575ef185d902deb90c278d2cec7f95e,16,0.9115679860115051
fb7b56e458deb919cf8c8f82e3dc8ab8,2,0.9827805757522583
4e8d74055796e2941bf5a0731c3abe57,12,0.9215041399002075
a43993d0e59dda93bee10df198ccda0e,30,0.9040533304214478
da23278f2798b7d7fffd647f46c0c6c2,10,0.963444709777832
dd7af15262e1e1f1ca8345fc0729389f,33,0.8491492867469788
f706e9982c1b75ce737af68b49b19d56,2,0.9816164970397949
00713f6c50f838a9eacf8b82da00a95a,29,0.8935481905937195
a5fd460fe9edbdf466f1ee7e9710ed4f,5,0.8725376129150391
c8a5fc93189384c49c545f048e823f28,2,0.9823645949363708
5fcfa5190e07b92725bda5dd64b0e05f,2,0.9820061922073364
19758b251c6adce621fc7846a1ad09be,2,0.9823706150054932
c5ad3b093012209f104bfb5e34ce1f0f,33,0.8323184251785278
0574fecd7bedd7ed16bba1d78a6ea8ac,5,0.9600517749786377
6f13fd683e1fe74d1a1794e1681d2bf6,10,0.9715061783790588
b9d69f16d1af3b956f1e8281c7dd5c1c,10,0.9710940718650818
9b67aa3a19ff6c5930d6624b9191d5e9,9,0.9379502534866333
8a54b345ec12f17580e15e12316250d7,11,0.9603976011276245
ac3883520a2edf9f9d3df778a5e9d898,2,0.9822521209716797
b968eafd43b56d2ef36b2d697e87d38e,13,0.9624122977256775
025972b365bd0b99b247b5e3b4ce4831,5,0.9704781174659729
f42d3f2ecfd2b9c820b40315278df8ce,7,0.9709657430648804
8a7a68bf8d1027fdf85620f94fb6b70b,10,0.9711544513702393
ae9976a32c8f495fe2e8c6ec8b676d0f,0,0.9801855087280273
2d428b963b54109f6c8d5c7c8d7f3484,20,0.9604427814483643
1fd6c1cfa6d998b2fcc359a4681bce6d,2,0.9790119528770447
968f818b7fe84f774e49713b86c91576,29,0.8921422362327576
8c580771d656901b778f761e44678228,0,0.9801449775695801
b5ea0f1ebe14114a8a2fc27dbcd23b23,6,0.8973785042762756
b8a1261061eb28f669e4b1b22fc2d2af,2,0.982018232345581
7c72dc4cb24ffc46393ae04cbcb3f8f3,1,0.9655511379241943
9416ccd61e91f28813798647f5508d6c,22,0.3668001890182495
6b453af7a008f141ddd152b127fe240c,11,0.9612586498260498
9a6a8a8adfd9c426db63d4a1ff1c2e7a,4,0.9527048468589783
e0a689cd9445a10e9f451bca88343fe5,10,0.968936026096344
894d5987cb78c455c15608a51fa1c181,2,0.9802353382110596
f21f1f5eced064f527362c0b0e73da19,0,0.9807132482528687
2d9ea3e076ffad1b4fcd9c054dadf12d,25,0.9141931533813477
55b0b715d58b4c12fae20884cc196bd3,7,0.9717029929161072
697a27567f1a5dd996b7f7e63e417ea4,20,0.9604740142822266
1374282f1d212b6ec2db00d5492b293c,2,0.9818869829177856
8624e9419583afde56abc7f53cdfbb33,7,0.9717707633972168
2c67ffa1eebe63b152858432b20317e5,4,0.9412738680839539
f8e5d8a04092c447379dc26e4c553899,7,0.9716941118240356
f2f1cc88f315c11ad59f14c3a182c176,10,0.4723416268825531
75c4adf835b036da8b1b4f42285e9bcc,22,0.8952697515487671
b25fc893be8cfb068be741d2da0a00cd,10,0.97113436460495
7dc8592a2853542a348223ba931e2d6f,0,0.9804256558418274
e3edeec790e0e512fe5567d18171ab37,22,0.24254365265369415
843072e886da3d85209a9cec799772d1,0,0.9799551367759705
1185a991507561443db5b38cafe9139b,23,0.949539065361023
00a1ceebfab4a18a6897483d8ec830ef,10,0.9714116454124451
4af345a313e9c7ee721c89ffbba3301b,3,0.8326867818832397
ccd2aa09191b7bad958f3de7dfbea6a0,11,0.9550385475158691
841b67fcf03f2767e5228293a6a16dc6,25,0.9128097295761108
585933cd63c50bc3d47b3677a5946a33,6,0.960369884967804
6bb50267013f58940dedfe3c1c255971,5,0.9700520038604736
59290f202ad86ac19ede8bfc340a8bb7,3,0.9140473008155823
14625d08e61f8f9e2041cfe5712f0a02,16,0.9468517899513245
193ee7c61743b7601b6bd18fbedfa13e,16,0.935718297958374
40c4e9fbda3e9bd0de1726d0bffb5633,26,0.9257209897041321
6dd7a57f9e32142658584f08dc94669c,0,0.9692895412445068
6073c00da9624c6e7730f99b80c96af4,16,0.9460840225219727
9bffb05fa39d13a04421755f0534bfbc,5,0.9705116748809814
0b3e161ee3cc01b11e4eb8e9eda9fbc4,2,0.9817458391189575
8eec50ab8b99a20b4ab8673cfee5644c,14,0.8852611184120178
330b887f8e45d279c96f6bcb7cfa9b43,1,0.9650415182113647
d3fc18fca96cd4b0f90ad3170b8af70a,20,0.9605594277381897
0e87c0d4a9d911950cd3b0e032dd426f,11,0.961005687713623
5c2b457b195540c42cdd065cf479c9be,2,0.654941976070404
ec8cab60536882efbdd06d3507a09e12,13,0.959925651550293
e8748f0034b1059fb59ada6a8ebfb61d,2,0.9827877283096313
2b4b7e4dd74be7341500ea1c030edaa6,2,0.9827585816383362
ad0b0888a41c27a18e64a5105ac94c3d,2,0.9826351404190063
6993b35aefc990351665ab28eb138c22,2,0.9825561046600342
1a7a9a7a38dd577cc441f102d509bbcd,7,0.9713507890701294
9b951d76e0ded0a5b6f787a392543ceb,19,0.9160346984863281
16923fdb214f1d33b82fb4cfde65077d,2,0.9826716780662537
793d2c6b5887d7406ec8b3887d03375a,2,0.9826985597610474
0678f1b3dfa0d6671e57c95ac11c9a63,13,0.9603818655014038
0a9f7989b2590237791768e5fabaa79d,6,0.9327734708786011
16582b6f45061d6217efa3d8249289aa,10,0.9711394906044006
532cd7223004bc6d01e674ae5d46d65b,25,0.9004744291305542
2555ffc331e7cddf6a46ddde0d281fc9,14,0.8932049870491028
e946e7131df144c843a1651461f68322,2,0.967875063419342
49d708791eb332d15b2a8e02ab71c7e5,0,0.9806424975395203
f6f1130b497bed20dd4edca3dec2d1cb,1,0.9653334021568298
a362b3baffc30db71415b65483f2547d,3,0.8010706305503845
e317e712887d728981803ec783bbf44c,7,0.9717339277267456
87bf0247a9bf1e6c130c835275d94295,11,0.7244240045547485
e138eda6a81c51db70c33c863f57a5f0,2,0.7980725765228271
a23b9af018804a1b351cf1733493b172,15,0.9525038599967957
b536155d686fff133e9fc1bae12177e3,2,0.9395730495452881
d08b2e39f787b3c98acac6f540b01301,8,0.961280345916748
cf3dbb9c3f5e49be983df155fde9b743,5,0.9486716389656067
19795cbdc1ad55797635e86432a7f549,4,0.9515641331672668
55219a869b69f0750b11d5177fca9a45,10,0.9714032411575317
c9e75d04f49be20afbbf27a79beb85c2,2,0.591509997844696
e8cf259779501f9d9ad79e612b7518e0,2,0.9822031259536743
3d6f24ac7096cee75478bb507e8690e7,7,0.961730420589447
9d92f3d1fe703814385a95ae788052f2,2,0.9826232194900513
50fb32a120d137672571b8c6f12727ed,13,0.9606824517250061
588821274ee4af868c2a71a5c44fed63,13,0.9622021317481995
1afbc8b427c8fac8bdbdcc3923421a6b,21,0.9347506761550903
73eb87f24605f58f030629c7d915c2fb,15,0.951374351978302
17b1355daffb6570e4181254546dd346,11,0.9607671499252319
4bba557ec924b564aa6b15c4e88363db,17,0.9392544031143188
5ecf3e15775cf6582852bee2a66e22f0,20,0.9587993025779724
4e982bac847c22c857bac301c5125861,10,0.9715311527252197
577d05c4f2c777e8924a43d90891d940,2,0.9450650215148926
cb9956ec54b725138d5abf7d598416cb,18,0.8708375096321106
2fe3cb5f39366d598b21bc5289ef3212,10,0.9713141322135925
055a97bae3d21cfbd6442c1540d652bc,6,0.9594398140907288
d544f67450d9f15aed642f6ca9f7e0cd,13,0.9622783660888672
d3ccdd12d817a7bbcfe5aec331907756,8,0.9616259336471558
673f08ecc9aa46422e100ed99eae8793,2,0.9821773767471313
2e530c05a31ea20730f9c808fcd812f3,13,0.9017231464385986
808e528221dbb46485ea13c23aad960e,11,0.7367280721664429
a0ce7085043f0ecc362e359581741f36,13,0.9620143175125122
2fddbfc5de0d3ad260296c3c16291c22,2,0.9819328188896179
38cc66b06f6d77f39267df70db006c7d,10,0.9715092182159424
c68156ea19373a9e49c36ddeb13ffa78,4,0.7171069979667664
b7a1986483c050abd79495d881bb12cb,14,0.8940834999084473
f70e93ab6c5ab3f876b082d5262b25a8,21,0.808211624622345
f82e49a095946c73432012749d809191,17,0.7236475944519043
de4fcb4feb382bccff792767bdcdfc63,13,0.9623550176620483
a9ab4c99003282e7104d3399b8f68354,23,0.951692521572113
abb6225125c971999e2c966b55d10ca1,3,0.9331647753715515
ecee1ebd265bb31ab3c5d757a09c3efb,5,0.9703136682510376
9ca69f88a9dd1ea1b8eefd196f345d3f,4,0.9520222544670105
04e3af38c1da725018c12f15b5b7e8bb,4,0.9518325924873352
b3b89008ccea2ccb488f15173ee1b3b9,0,0.9783341884613037
87513b5d249e60bee17c947fa3a68aee,10,0.9713146090507507
84c0473896f729736d2a723c15919ed4,0,0.9804832935333252
ec5819d3b671b05887af0c0b05c6fd29,10,0.9712228178977966
4fed69b8edede8f9ac842cee43fc3c78,4,0.8582322001457214
b7d5406864bb3c86f40cfc4f84a81c61,11,0.37238672375679016
c6583c740271c5319080ef4af32b3737,11,0.9610872864723206
27e6ef6981486a3a101179368f95a812,5,0.9705966711044312
425c580ccc0e6482a48a2a768d60eb7a,0,0.9805485010147095
f248436fe7c2dad3281ad27cf503cf10,0,0.9804234504699707
dc83d9062366ae86103a6f333db17fd9,17,0.9360417723655701
24d59900c124872a7c170348131c9ed9,34,0.9121980667114258
8d44f1d4ac9143e71f6793c799c16094,0,0.9678164124488831
ee71f82d26f9cea19f7fa18de0bbe8ab,21,0.9286457896232605
a9944f446ea7207b794d7f75590e1db7,0,0.3124192953109741
aba5f9ed5ff003a90740adc6708bc15c,15,0.9515265822410583
bc4ecaf57d7d30c59306f42894c3ec00,15,0.9520527124404907
14e15c7e8e98b0e055c47e99c1b4fa9a,10,0.9713920950889587
4e085e315aaae87efb6c77f6ab4dd122,3,0.9329374432563782
1bd13da60bf4cef010f3f50719589875,0,0.9728221893310547
dc3aa574e07d9a15bce8b7ff77db7d8a,5,0.8842134475708008
9355d79e3b86fadd41dfa7a01457b689,2,0.9828007221221924
c32a0b41f82fa7f5f03742d10dea9957,8,0.9615913033485413
ef17f77ae1cac31c677753feb8a0789a,6,0.3404311537742615
4256291386095a10689ddbf28549967b,2,0.982761561870575
acf38c66f5265f9041fe8f37ef2eaf49,2,0.9827149510383606
f9023678be181d99e847c65ccee0921f,28,0.28226256370544434
d13d966ec78b11d7f7f1a823f85b6ae0,16,0.9461172819137573
4a1517caf8a40ed663b91f4a246cab65,2,0.9801652431488037
b9f4f8d7b0710df2eb3a3db1854f0a38,5,0.9705722332000732
a47601a7b9609fbabef978f07c20a66a,7,0.9508458971977234
73f390e73381b336c9fc317804b694dc,2,0.9810441136360168
e8485fb1c4fa22d32f4a99472672bf85,8,0.9616736173629761
0d3c0504dc5269ba41a97e251fe9e805,19,0.9165239930152893
f66791c9055c450f0a539721ece0535a,8,0.9616410136222839
6bd356ccc972c136504789570b0dd5ce,35,0.9235551357269287
9c94e6f2792e75b23d010ca05162459d,0,0.9711345434188843
bff60a4c2db51f185626c1bbecbc8774,1,0.9654881358146667
cd9e51e8229ab3a3a16aa2fe7097f08a,30,0.735136866569519
b5779a03321827670bbaba0df21ea8d1,0,0.9805132746696472
cdbbdc25025626c320497dbf15bca0e1,6,0.9423659443855286
fae75545f480edbc1a729f078da4bd86,11,0.7415599822998047
69372d411f107c9ad5392e90c15e8914,26,0.9268417358398438
ee217ec2a76dad01e89c00a79f9742fd,10,0.9710956811904907
e6463d693c812ed44386adcaee0576b9,19,0.9163494110107422
0d23c2762527fb0df5f4f94a51ecfc4c,2,0.7694187760353088
cbcb6a0030ea076aa5b1a44c24be240c,25,0.913681149482727
b5d5eff87b07d39ecb5db42ddb6f0dd3,12,0.9190046191215515
4f1cb7db648d46da8d5ca6060903f189,10,0.9713630676269531
0bf2e0369b4fb2fa2506b17cd9f7b0fd,0,0.9734793901443481
28e4103aeabab89259ddd5007e19f717,0,0.9802106022834778
3214f54c13972c7ed0511e572cbb5c52,23,0.9522099494934082
b970a6d128be04b5ba625b90a40e9c34,3,0.9320592880249023
48e2780d0910bc0bfcf7ddf5bb6cc925,21,0.9334835410118103
57e7d89631098feffeec1719182e9302,0,0.980014443397522
165761732a50a415761ca95e1b829a5c,2,0.9828150868415833
ebff5230ea9555a0c0d85fe449fc99bf,2,0.9824436902999878
0ce8ae5fc9940305e39dfbb7a07c4c2e,4,0.9529387950897217
35a312754bfb2aafab9cc9c902108d91,10,0.9714156985282898
6bc8b21474608d590bebda6ca603b5cd,5,0.9699693322181702
21215542169e139afac611c09a5416dc,5,0.9706119298934937
a5ba08f90007284e8926d430339f053a,13,0.9627137184143066
d272c89c7fca28a3df10698ab84c7f98,18,0.9343140721321106
1937ce2574ae2bd28238181b75309f5a,26,0.9253553152084351
2a13ef9b0dac26bd77198281d0ed1a49,6,0.9582095146179199
60e40dbdf93d307849b4164a7e35b50c,10,0.9714104533195496
aba2c401ee2b4c47481ccc1571c2a642,10,0.9552484750747681
abc4bd7fbec00fd6294c140f397183b2,2,0.982745885848999
95c949fb29d409536c22a6352bb369e0,13,0.9624719619750977
f47a8fb3cd0a05d31e5504e2df8ce8da,0,0.9796736836433411
2aa30a0613c3a9db12b06a416b8ceda3,27,0.8808197975158691
1a8f30124f147029b4d9be8df225d96d,0,0.9805520176887512
06dc7ebbfa6d25ad0e324bfccbab79f9,11,0.9615020155906677
f1e7d06d6c1c04e14b6cbb578bfa19a1,0,0.9804133772850037
ffd4513cce312f6f010789707045a868,10,0.9284701347351074
1d44105b1a59874fab3840813eacbee9,26,0.9269129037857056
173c354162b15664a6c242a963c4baac,6,0.9511123299598694
ba5d35bd4fca2c6302c80aed3bccb49e,5,0.9701263904571533
4981751f79ee4b92a7fb055102974e63,2,0.9827644228935242
959c2a230001ba734e2b13fcc6a96cc0,20,0.960542619228363
2171e741eda109abf89d6798dc279062,20,0.9607005715370178
65d952b9c2d3fbc9d2e3009adf640034,19,0.9167823195457458
bf911a9d18dd8b08040da323830fd5e7,2,0.9826993942260742
f0da402dee26d7628f5d105246f9fe8f,34,0.9251111149787903
72ef6ddcae69b1c1444bb1754b1dd36e,15,0.9532020688056946
c4f17862e307e16526a88d43277901dc,5,0.9704484939575195
1f6da8c3ce1c1588a83fa466482617c2,13,0.9623880386352539
e0e6c46835eb3b7a115b1104a1d4316b,11,0.9605758190155029
7dbe1fdb2d37d19fa318d78037dea35d,15,0.9533395171165466
128774798f6d4a2f0f31c169f6b9e3d0,9,0.9399976134300232
13b8236d783ed92355c258c3f6368c60,19,0.9160100817680359
09be19e140c0097292ba4b69fc7841f8,11,0.9610909223556519
febd8a848487f3208fe838367b879c1f,0,0.9801762104034424
3d27f5162896e6e9895f199fde420d0d,13,0.9623796343803406
d2021f46564c425cdf2441456702b6f1,0,0.9807649254798889
dd8d3a493304428de0620c69234f16ab,0,0.9803507924079895
35c9f73e307b17f98dadd915a2592944,2,0.9811261296272278
fd734e2100b70a112b2744c14904926c,1,0.9655765891075134
a584b7f1ff9425814aa66f811bd5dbb8,2,0.9825373291969299
2355b0d8dc788056058bd8bbb4013699,29,0.8915247917175293
9fa2272f3bbceb24984b74524c5e1935,26,0.9251636862754822
d9f1f3dd7c85f11c4e1d81c446389f36,8,0.9616277813911438
ad5e5fbea2536c6ff8050884ce7bed17,0,0.9804897904396057
a5ced40ff384a94c74bf1df0b4c61cd3,2,0.9809962511062622
30dac5d1525bb77f6959e5153d0e7852,10,0.9714540839195251
e09f54c8132d6a171669947a8435ac86,0,0.9805404543876648
9ffe3e21a4b9926ae184ba92b8c675cf,20,0.9120854139328003
579cec60abb376184597b4205362c2cf,2,0.9797934293746948
ce4d933f659873fbd412411aafdff51e,3,0.38945209980010986
114c7d45d4a5ced378648e1b857b8597,7,0.9718780517578125
05682d329a970860cdd3b6caa8bea225,3,0.8901923894882202
805178314862732296ae4762d19bc4e4,10,0.9713266491889954
e18aff134da7f1648ecfb67e9d5ed971,0,0.9802933931350708
68b58629fff93749491473dbb293d4ca,1,0.9585878252983093
7c9148fe12f2c8810c55634c084e22f0,11,0.9503528475761414
fd1f23e37a6d2dca006496601f9da9b8,2,0.9823567867279053
f0e740277d7e36e9c48b86860ffdc0da,30,0.9041290879249573
fdf34bc67a20fa46a00ded39327dacf5,2,0.9811109900474548
d606c8f0c914d1dcae90139605192814,0,0.9805393218994141
0dc4625e0e9514959b3854643a50a4f5,11,0.9608618021011353
111c9ab1b9b74af48183dcd2c1e52c6f,13,0.9625411629676819
d80307c05fad3451a84def855006fac6,2,0.8639269471168518
5b76c8c0d07d5620fe621ad8a9fe37d3,10,0.971462070941925
0e7607fcbacf8c32343390ff8714903b,10,0.9713828563690186
f9b8a98643292c5c566395b39998055a,6,0.959355354309082
a58b1d8e6799d3b0bff0cccebec9b40e,3,0.9321244955062866
dd29c7e6cec02a08202e4decefa96554,11,0.9554815292358398
45968c67576a8c91614018db47ffee0a,7,0.9715609550476074
22d9075a2df76e5f7a1a3c1709f891af,6,0.9460523128509521
72959d6d0cfd1c07429bb25391b751a3,26,0.9195051789283752
a9c4ee89a13d8904391c79c15e062362,8,0.9616433382034302
a849e8a060b112ffaeca08def942975e,13,0.961891770362854
2e056e7f690b133a91273a2ab70879bf,15,0.9524161219596863
a3317ed1063727206be53b26659fe610,13,0.9622772932052612
bf7dac30d287a179a5b3b12a7cfbf359,11,0.9611027836799622
ccba06af1ea5c45e645911dc8fdbaa42,13,0.9486345052719116
dad0a27c7bac715b01b8afffed8249c6,26,0.9238573312759399
d373e75fbc654227cb85b5b98c5835bc,0,0.9805948138237
f26257d7fd0d06de1946997dedee8ea6,2,0.9824771285057068
7368c21ee806228ce27e44251dcc1480,10,0.9713177680969238
b8c5cd453dbe90a4eb912162ba4ae424,1,0.9653465747833252
38135bb618dabc36af3ccd976c40d846,2,0.9462177157402039
225247658bc648efec95a7f52dc6ff4b,10,0.9713809490203857
29d2dca07ecd936979a8cb6a340d590e,1,0.6757899522781372
b4f5637742f421d889f1fbf81513086c,6,0.9603474140167236
c44926d16ea3c1ca484fc481cad4d606,14,0.8974683284759521
83b8e0414b1fc0392ced7c7156dc7c3c,2,0.9822172522544861
9a56c71e8bf5a5b43d139265d67753f9,2,0.9828123450279236
2053422a340a1cf9e5219e63a8f0f7bf,19,0.9147123098373413
de2d9f99399257e16db7dd0393a1ad13,10,0.9713119864463806
c6260bb003e0f242e82995af730a57b8,2,0.9825605750083923
bace4b455376399685d4ef2c3492f661,4,0.5015933513641357
75b243fc3d22be247b6fa58e4324a51b,20,0.9603015780448914
7993416235ceaa86e8f12eba20f76059,10,0.9444535374641418
b8320ff8139de2307d928add8f3b3f87,1,0.964876115322113
835ce2bc62b82ddeb96f736a401a0086,7,0.9713736772537231
4ec5807adaccc318963d833d4db0bd37,11,0.29234299063682556
f3d4bd89bef02a3295468b2744dca360,2,0.9824008345603943
f976aaa9921e6ff9be48bd1cc588fc48,29,0.8938464522361755
f730bae6a6939d37c4a1d886c32fb243,3,0.932675838470459
3992eab6218e59860691ff3b9c026e19,5,0.9700186848640442
2127180f1e93f379779a84a2998fa591,11,0.36711394786834717
ca803791c5ac0a9ced188196c8bac2cb,1,0.9655613899230957
b82357cd447b62f2ac6cddfb604bc8ff,7,0.9714934825897217
7435e5c7e78f18b91f4f7b0d64226b64,19,0.9051182866096497
c387d503f8b28b1e34d83b829d839f62,20,0.960719645023346
44599bed4d0ba557fef21af65f9df21c,24,0.9537165760993958
206640fd734ac0d99ac8ae798c1b6099,1,0.9648405909538269
1d31bd821518474b7010db2ae75c2ee8,2,0.9826945662498474
379fde0f6bd96e2aab74c779a19e76de,11,0.9555742740631104
7c98a49e6b1e9cce196805cbeb502d19,0,0.980198085308075
4386bfe241cc88450f8e12b235129976,2,0.9818632006645203
fc954074e3627687c0303b9898b4811d,2,0.9442737698554993
be8f54ffe4e7af8d3af4474dc2d4c55a,10,0.9708812236785889
61ec332d550278a9b5517fd6fd45d669,24,0.9528380632400513
b89b11f9d60118569ee21369d6723b96,0,0.9806288480758667
f28e62ad6348731e2aa6e23f46f39072,0,0.9806089997291565
028314b168533059dc6324f5f5ac7847,10,0.9712396860122681
ecfdd03f5c84f6679c07a160243226e1,1,0.9654685854911804
419379aa438054f0a7106d879ba3b747,13,0.9626097679138184
a9ac87d5d810e26fe9c214f8262f967d,1,0.965377688407898
7b36d08d7efcf26d7b47946dbdd23aee,0,0.9798409938812256
56d8af90bb076d66e280b10700df2714,5,0.9698706269264221
a13fec3bd300d9a6c6d0fad482e9f323,2,0.9828213453292847
5a1b135b41826052d820a80c3074d4ce,0,0.9800961017608643
46cbbf0cfde964f511da9f26b9e18bd1,15,0.9460185170173645
a63d95eb595400770bd9cb640e68ddb1,10,0.9713195562362671
547edf28177ec1c5c5f432152aa3db50,2,0.9799971580505371
46401cfc3fbd51d7dd3c6f487e9795b0,7,0.9636846780776978
cdbb0f1e1c4f3a1c60576a594bf4ac00,15,0.9516654014587402
0f31894d5425ab900e821772553ec4b8,11,0.9556986689567566
2d03429a074abe4e4ed12485a26ff49e,20,0.9603803157806396
8d4b6b3e04164b00cfeae81a939a69f4,20,0.9608936309814453
e89604e0762a3b718f10cdec9ca39361,2,0.982417643070221
b03a008c7892eca890285f387bc64664,2,0.9826311469078064
be69d4ece47284f52e7109d9e11b74c4,11,0.41597068309783936
e6d23df930a48feacdaefad7c00ea807,0,0.9805702567100525
c27e71ab8212ed8c7cac35b10658f03c,7,0.9716491103172302
1ee96426357f4a41cbe6999edcc78f66,10,0.9713656902313232
f29f7964d1c5fb21b8c78e326e1cc140,2,0.9809746742248535
282dd983366c2e9c2a8274153db9cb4f,20,0.9594640731811523
79154b03450d5cdc7321362cd5f5c19e,8,0.9616495966911316
0c6f5d287db8b9c054c911ec717beafa,4,0.9512274861335754
29d20814b8e4bf42282164f3c89c3af2,4,0.3595361113548279
7faa43ca8962a3d7e88e79011ee9ad70,0,0.9800822138786316
db3348eee65ec9aa13cbf4431201755b,10,0.9713584780693054
409f7a5a53729d34d2f362315da673c2,1,0.9654082655906677
118122f5f2d13568124af032b87a8dcb,0,0.9805309772491455
f78decedd3ace9cbe31e01dbeff0056c,16,0.9466320276260376
970830fdba8ab729e7f1475fce27cf12,6,0.9608234167098999
a1cc67cf5e7b492d604798f5a0ae353a,30,0.8846463561058044
12e7579d2c3d4757d526be4d06922615,6,0.9598678946495056
88f31730f38384f8666247369d9e0bb2,8,0.9614084362983704
a225f63756fd36cce906fe521977d12d,7,0.9713156223297119
2e531433f9df91d1f740500ed4985897,2,0.9823495745658875
1ef7c05f2316931b05cb05cd24bf0b6e,15,0.9520291686058044
1819bdb1d734b4de3440b0faf1a3ea2f,2,0.9780332446098328
09ea31743ff4dac7f7d33807c0399fb0,2,0.9820412397384644
4937218da854a55752f0041e7c3c3af4,1,0.9652215242385864
fbde33181132d5a1abe5a375d4d39c29,13,0.912348747253418
a0172f5b30c11fca72da3377e3ac6af0,1,0.9616903066635132
bacd5faeb27a960fdb19de21f88c0acf,10,0.9715080857276917
18486cd6743cc96ef6586b79e09cee08,11,0.9498290419578552
c10b8313359a7fb50aa493281e9665f4,0,0.968271791934967
ea70c94372cef2d581d871e83de9938a,2,0.9215553998947144
64e183f0a7a239294894b08cb0af9089,6,0.9604516625404358
0b2a8ed6a4a4fc9e320ce8bd1e231eeb,0,0.9803664088249207
53b2a583d914af75f5691caf9915c936,19,0.915679931640625
9351ef03402b7fcb7e64991292cac831,10,0.9714139103889465
565ab6b90102ea4bbd726c1e98806188,2,0.9406070113182068
bb5982bbcb72793eaeab37a6f94f3c73,10,0.9694839119911194
68eac07a6d755dc898f05c345d045aa9,10,0.971495509147644
cc7b8d4e5f69aaaf8e734e8dbdc5bf2c,8,0.9606208205223083
c1f7f3f5d1f7fe96538f2128911e952d,2,0.9825877547264099
73ac6fb16d76476737f85153134b9ef2,11,0.9608867764472961
e47f303ba6326eebf1a6154647e02564,0,0.9802394509315491
ab623d0194530a4810f98a73210f4bd4,20,0.959792971611023
e0d1e62b4e6037d435a5e02a91830c81,23,0.9523049592971802
fa9496e286f76cd790d2375c99741a3f,7,0.9718123078346252
ca4b59e8e7358f989153f294a3a43432,10,0.9713276624679565
9ce8492084470dcbdb3830f549ac72dd,10,0.9713725447654724
3170065d5b7d99bad142431d34d62404,1,0.965428352355957
07ccc883ef97526332e3387513703437,18,0.6721230149269104
a627e482d56492b7c2403a961d711001,0,0.9805841445922852
96694a66afee1fb08387f787b4d4c26b,2,0.964477002620697
ae55d574d74d3379a586271835e13697,2,0.9539088606834412
f4fcf08a3f3cd21042162e36ab9dd920,4,0.9519064426422119
b623d665e5cd939dbb5cc8072c537b46,8,0.9616605043411255
35b2f6386f12d9a776e98c271ccf3513,2,0.9823134541511536
9d2d6ba774089141a125c5fdbdade4f4,4,0.9511045217514038
9ed3c3d24eb4dc315868f386c58a5aa8,11,0.9596292972564697
a9615488bc9411971f105f9b20148df9,30,0.7189589142799377
bec4be4bdc0d574538a2b22780f2ebfc,7,0.9712121486663818
0507d4ced2315a56837f9985e6f5ddaa,10,0.9708494544029236
82bd9105cb56883f4122eae698cd1f76,11,0.5380257964134216
b6b939f135e97be40513fb9a6eb9de52,13,0.9624457955360413
4eb1dc6924e34614bd73e73ed760f2eb,15,0.9534215331077576
700cd0d492c94d7dce272385f21fb473,10,0.971402108669281
d66557359876c8757beca34ef7888bb6,20,0.9606285095214844
afc46c87e5e5d481c36d723ec063aca3,8,0.9567538499832153
f2d0be218133414d8408c461c92fbf1e,2,0.9822160005569458
8341348de511e95528d2a1daf1b26005,28,0.6563311815261841
831b63673d32b5dd1c91fc017dfb24c7,2,0.9823982119560242
e8620321c72a85a246f1e4703c6d7d0f,11,0.9589568376541138
b6362b553258882bd995cc61808838c7,7,0.5527440309524536
2f53f1209eca4efbd0abaea1c5262dce,13,0.9410604238510132
2593273f36d8791b9d9f1b7dd06f4bc6,18,0.9331164956092834
64b177d950331a9d936a33a88cac930c,2,0.9819676876068115
09985b267f2043ec998e8ceef364405c,4,0.9479349255561829
8bf7acdcda189a131e7fbb5a7ebda4a9,3,0.9315667748451233
f5866a32d58387b21f0c6a0a40d8f0f9,5,0.970318615436554
9d777304833409f242cd12627b3ef426,10,0.9708474278450012
bcd02cb95daa269ac8aaa443b1faaa71,0,0.980635941028595
84acdeb50710a12b6e2f1d1879db458d,1,0.9654288291931152
c9b902096c2a01af165c47265ffeb53c,0,0.9778876900672913
0cdd46353ddadfc370c38c4b0515a366,10,0.8967818021774292
7cc20cb6bc81f532e9aae560b19c3097,2,0.981590211391449
330f5db5569a5a2e9253f748df31d66c,13,0.9627635478973389
7ff71952826f2b56cd4d4b2ed802f356,2,0.9826197624206543
3df7644c75824f4e19ea8027f28d8564,2,0.9824337959289551
387ad2903110e3960028f86532f2a620,0,0.9794115424156189
4c1010d36be6487077a5b65640371816,2,0.9635116457939148
d34dd68dbebb4f0ef02665ee80769d0c,27,0.887301504611969
13499566da48eebc2882fd18f7e94817,2,0.9819950461387634
c7ad380f1107584b281362b499d51e8a,15,0.9434438943862915
fd5db2327209d34b5a4f42863b3d37d7,7,0.9715052843093872
fa5e7c69f00d54ae5e2eb88e7d342049,13,0.9622625112533569
6e60f1fa3cdc3a9fef360dd646956e60,16,0.9453725218772888
8a2f061b87d593f901042d65ac34762d,4,0.9487661719322205
f09e0116e1c19fb0b7f189ba7c4edcfe,2,0.9768948554992676
4d72bdc8cd4da364a3c5d49503cc08a6,5,0.9702408313751221
f2325574a3f99552c632c6c655a85c4b,2,0.9821281433105469
f91c097d8270d9d092e5988d40639adb,28,0.8796531558036804
6df8a5225182e8ffc9b380f6d233f16d,10,0.9713366627693176
755ca5325662c75792251448169cd75a,13,0.9626387357711792
4442c31465461ea8b170e04ddc75db87,0,0.9805793166160583
87a4bb6f11d30211b0b12cb63dc1cd8f,11,0.9607836604118347
f8924ea738cb74c5984a003ad0cf9aec,7,0.9718853831291199
0debd4223713a86faa70bc54c0b49a5e,0,0.9802416563034058
45ad9e3c7e7f1e142a7a3ec790e0a1c7,20,0.9602314829826355
421bb5de91add15ee043e0d7e36fa406,13,0.9624391198158264
b0cab84b30b910e867bcb1a420f44789,8,0.6068758368492126
db8c35aa8e0abe947ebdc02472bd3a6d,18,0.9338048696517944
c8ed9412e5812b1d87f27e9783023d03,2,0.4861084818840027
5d5de4af25b68d783211a812b423b7c7,0,0.9688571095466614
af56650d2c0758df74887448414fec2a,6,0.9295284152030945
edafc3dad0a4d465e6d788c14962c06f,15,0.7096590995788574
ad77edeebf9ef10e950699dab5a2e1c5,19,0.9148102402687073
679b9099b77b5cdb911a863d85d8deb9,24,0.9359752535820007
013534153b75015356e6dcc986db3028,15,0.9516415596008301
71f37ea6a334ba186fe8f184e01f2cca,2,0.9826381802558899
0c6b13af89c25538631a008bfc8a00ff,10,0.5123668909072876
df1b40a5e78b8e0eb6a17a77c98c6153,10,0.9712344408035278
c72aa39a29cf15f7c56fd651ddb71689,1,0.9653713703155518
dfe8c4587b3c405cae381353aa913642,11,0.9497668743133545
02e50f86bddb8ee982fc1ac2e450dffe,13,0.9610336422920227
0c95ac80d0a57022816022db0eac73c7,17,0.9347018599510193
617598d8d2ec7d5999c0edea7e7459b1,5,0.9705610871315002
328cf46487eaaa2ad804c0b620a80d43,1,0.9642301201820374
c2e89cd342b9646688fac17cd8531e90,2,0.981427013874054
457a5f9e8aff115ec785997f48b64400,2,0.982481837272644
d2b15e674982770fd1e90df7305c47e9,14,0.8942385911941528
1077b4667a649de1a4c3f5f30db21f1b,9,0.9405636787414551
a70b4579392600e3ac7c5e2dd8f49bb4,10,0.9712618589401245
9ce3dd2a7ee026babc6917e3c3b9d13f,5,0.9704239964485168
6a4746f11be6d7f7af4b959962538436,2,0.982674777507782
2c98f64679c430d747948734ace06b0c,1,0.9652121067047119
d3ee44463252ed05bcf4b882497c2693,20,0.9529201984405518
2138d969e7f87f3555b945458866568d,7,0.9718322157859802
ce69728a3f9a0d7d2fad4a9b5186e7f5,29,0.8938097953796387
5d0e701e39b7426e9fe9185ccee31448,18,0.8824073076248169
4bbe532ff34ce307238fb2fcc1c33a36,6,0.9599922299385071
406a176d977e97283eb658f240644a69,21,0.8534512519836426
78cecbc1e840f5a41b62afbd730e5632,23,0.9524085521697998
9dce2e26cc0daad10e59ab6bac82cfd0,10,0.9712920784950256
4ecbf3635a38237a6aefea9158883818,13,0.9595261812210083
4e2eeca7753164703f03cfa005e2b777,1,0.9653902649879456
5c825992a610ad89ba9567a7c3842600,0,0.9806093573570251
bcf14d6802c4818832e56d475464577e,10,0.9694620966911316
cb3599c0584dfa26bdc655b7ec3010c0,11,0.9486662745475769
0248967ad15190523ab9164787782383,11,0.9602683782577515
1268f78b168532ab0a10802671f9b616,25,0.914531409740448
53a70ee33dcd2224ba7f39c0f25ad8cb,7,0.9692974090576172
ffe1262bb87253edb55189538b97a21c,2,0.9819613099098206
11ed59e81b6824e1ab460c50283e11bc,0,0.9463258385658264
7a4d08d2e130b62abaa489d74b8a7bb5,6,0.9464761018753052
e2e5213b6e7d039aa3cdf1ea3861249e,23,0.9518002867698669
2c4d9261b9ad740121965936e91c4a65,10,0.9625089168548584
156e3e127dba8e5e51c5de6c97e6b07b,6,0.9606037735939026
d81e0a697552ed5207b5ef5b17a2fa4e,20,0.9606466889381409
11e7758a8c236fa0aec7201f0613e53e,28,0.8819337487220764
cd7097ba926790194df00e69d2d2d00c,4,0.9507094621658325
b41c27c2c3aa9dc2becff074e4d0a080,4,0.9527677893638611
54d5d185d68870bc999b230ffec9fc54,2,0.8024485111236572
5603cc13f3c754f3d079f7c15efeb4aa,11,0.9325215816497803
9ce99dbcd0876506dfabd3a9255fa4aa,2,0.9821374416351318
d200cb3cb51449aee17ac1a5896cd885,2,0.9826337695121765
6f853392ef929e1d044cf26068f25263,27,0.8112292885780334
5318a7c4f5b2770f37a4daefd989e611,28,0.6982383728027344
5a23e69bb2af3467a5124234cb46ca53,15,0.9516077637672424
69354e876c62a42c95d0aff0ab0de027,14,0.8950257897377014
281d4e684ec7f709f014e81acec47208,2,0.9787369966506958
cdc81ac8147ff2c05536b76f3f84943c,8,0.8031095862388611
3844e15051876eae9bf5e8a75340df83,13,0.9624304175376892
1cfe28434bfc11f07fa1e4b7844161f0,10,0.9670829176902771
1750ada39deb4159bc1f0de02c6c28ec,13,0.9621532559394836
59c4cb41f9321b60bf951a99c7ea3b16,2,0.9807735085487366
0bc5d7bc06460a072a3d6a8508c1c90e,0,0.9779931306838989
a343020bfc3aa8b91dd82556c9ba9e44,11,0.9609652757644653
724395f8510b9d9874986ed5f32ec784,4,0.9518744945526123
86fdc80b47b1e24919d37175df8bc14b,10,0.9713308811187744
9bce6a0bfd671eb2706763e146bc562f,7,0.9682760238647461
c9173b67635031b8043bf62211ae5fdd,0,0.70590740442276
2fa0db1642cd2001d84a56a5a477b6e3,2,0.9826451539993286
255362fcf2738886f02e3252b6f3b291,20,0.9606732130050659
05114a97dc37e95d91c829fd03374707,14,0.8632618188858032
d51690f1cfbfaf4ff23fea6fea24ac22,27,0.8862390518188477
d7f020051153fa7dd1608aea5170cd97,11,0.9609092473983765
afe8802a5d79cf172add54835a3a8393,10,0.9710359573364258
7483346d3837dd42de26394a62541e86,8,0.961640477180481
4bbd4bc0900e2cc17d3ed8a7268a33d4,20,0.9606976509094238
c6833d6a0afccf5f8d05c53bda312a42,0,0.9803373217582703
56366151eda2f29df48399ca1720979f,1,0.9653920531272888
7d2d89295131b173a6973f1deea1d914,10,0.9713538289070129
b909cbc4a52cbf31cc3b52e92fd3c7dc,15,0.9453995823860168
4814acfc9dd3216775efab0286e9483d,3,0.9295632839202881
774cb1013d0dfac57975b3d6d926a661,8,0.9615067839622498
15bfecda1675b9aadfa6c9e233985bea,0,0.9803904294967651
498778894f4b04a795c2ed1e068ef36f,5,0.9706528186798096
55f4bb016eb165d592505e6122cbae20,27,0.8783357739448547
ef28e19caf27da021d374b90b1d8e791,20,0.9605438113212585
4f769335239a2f87ee253325ea2dd762,5,0.9681873917579651
813c08b34d0199f0516b62244674a2af,2,0.9788957238197327
be69a9e9a8047361994b14f0f4cc9363,18,0.8965769410133362
7cff3d583cd4e42ed8716e2a344d930c,17,0.9335233569145203
640eb667cebcbdf27bd5e5a9b6a055fd,7,0.9718267321586609
29fc127777a47095163f42c36904e0ac,16,0.9469447731971741
366876b19da0a8323e1c9b6e7aa43fab,10,0.9713793992996216
2f9f88ae2e9e3329b632c4a8a52117a3,7,0.9715611934661865
4c17bb055a4bc4b5714baf9ae84af914,2,0.9826393127441406
71e560980ff2aace51ada50c38a9d46b,2,0.9804185032844543
a1b4334d472fd4b9b38c80b36956f1a7,25,0.7814048528671265
8b7f79e18b58063bdcbcf7e7cfc40787,6,0.9604188203811646
427477afb28ad0e06d592927a4ff9a15,2,0.9748952388763428
c63f599f2158144a21e6c48fd0367a4d,6,0.9608217477798462
1f6f3cbf2df7512f7c77db27593cfdbd,26,0.8968717455863953
cc92939df2c2dfde48a7a4fa3e14b47a,10,0.9713245034217834
1ffc3e76f934823e17902964aaced701,2,0.9827920794487
f34002fdacb8cdb28db1fd41a8721c60,2,0.9824966192245483
cf1328f8bf904dc8e054c88f00ee4615,0,0.9806110858917236
fd3dcd62a5d8bee9dbbdc52e1b914a4b,11,0.8687577843666077
71fb623268d40f2a4e78a178f3524398,1,0.9653744697570801
f9d78e2924e775e73090e2f70b6ad47e,3,0.9326446652412415
20e9c989915cedd405ea539a6a51fa52,27,0.8891523480415344
9db46c8e123a0e026c44b754de8d7560,0,0.9790812730789185
826574b6154e6f8c00be957d0772f44d,2,0.5484664440155029
670de1d31024db64dc294388f5358c70,11,0.9601201415061951
1589cbde810317f9470211928944092a,14,0.8945114612579346
cabcd1e6bd904c81d3705e7dc41e7fec,0,0.9798173308372498
a71a7a07ce803c4bbb78feee7f3f9875,9,0.9400026202201843
daa7811e0a7fd59d639a8d0c766d6eb8,2,0.9826594591140747
028a29e78b328dde1e22112dde63f145,19,0.9169794917106628
a3002eb35ee3d78b1a43df3827abe284,8,0.9573268294334412
aa83f7db073deebfcb6afe3c06c7761d,9,0.39563342928886414
74bc01e52be18373d17b11796424a768,13,0.9623085260391235
4bfd23bc67a41a2f33b19ebd46bd67cf,5,0.9707856178283691
7a12fda9ee1a4a4de0dc279d20c0fdce,13,0.9626230001449585
afb51df733dc2ab2ca9da11112d43848,21,0.9273806810379028
c122e157068ec91abad7e44fb448f384,10,0.9715458750724792
0353992e8a57ecf323d90a909b7f8807,16,0.9473394155502319
b9be2bcf9b553315f67cb702bdf3e607,1,0.9648066759109497
9735f4e33d990b075d521b20a69fbab8,2,0.976833701133728
b18d037ac16d5d6818f24aa65ee22b7f,6,0.9605728983879089
8daffd1bb6f387fa337914ecff34cde6,3,0.9294282793998718
3c82665a91a2c4122e52ae572f3a56ec,11,0.9608882069587708
68d6b04d62ab634a47a0185298fe4263,8,0.9604628086090088
ea5cd7bd5a51a22e8ef43be030288bd1,4,0.470975399017334
204da0884467102c9f4c48a038006919,7,0.971825122833252
9c555b0f6eeefc9f7e941be9bc034954,11,0.9609220027923584
15fe353ee6d32c4e608d7588ae8d9351,2,0.9585253000259399
4b8a194992e768d03c850423b9a47989,2,0.9439205527305603
5b96ee9b61d88a2490f1a53803ae01e7,6,0.8937774300575256
9e019018515aaddb60d26574799cc792,7,0.9719009399414062
ac874c8188a5536b923e2a62470a448b,7,0.9714644551277161
e263fea15ecf822cdaf6bf1a7eb922b8,2,0.9754226207733154
59bbf9722abf0aaffff4773d60f498af,11,0.960455060005188
aa1ee3cffeacc81434cafc8cdf6781b3,10,0.9696696400642395
e7c28f4424470e1e41dc46281d3cebef,0,0.9806190729141235
0131678eeab2c6195a6d064dc7ef134a,2,0.9825308918952942
4a53eb45a33770e61a77ff225a3c9a54,7,0.9717488288879395
fffaa6da7c7a8a3f28238d53c1493e97,10,0.9664255976676941
d9b0f368592b660986599836542aeeb3,2,0.9826579689979553
37915516c798a926375baac39f4957e7,10,0.9714072942733765
12a9944f1dc23484d9e95d67a3dd6036,30,0.9041005373001099
1b5fd0b054c3ad4ee93fd70f97f0482a,2,0.9826543927192688
ef10b90f2f80001e2a3247cff0adf2ec,7,0.9717926979064941
1ae0c2c1ec1bf4852dcbca8df24a9d96,20,0.9606602191925049
4893ef0c976632a2fe4ec8140505e491,2,0.982699990272522
48e186e292207e92cc9582d8534c0905,23,0.9524683952331543
a4ebcddf883340d13a29c3d83bbdf55d,6,0.9604713320732117
4fd0cefc764f5da65aaeeb9d1df5a24c,0,0.9792433381080627
bfa15a0c97481999dd4bac895984f02d,4,0.9427511096000671
fb6cf084d2cbfe0daa8cff6e6b06917e,2,0.982669472694397
bd66825e5ba141edae740a7703d12eba,10,0.9715286493301392
6c05e6b1343ef9fc62ce992619b85e87,26,0.8908084034919739
238abb4fd9417ac311c1dad640e9dfb4,5,0.9704256653785706
768b94e03e818ff6dc2425d11cbc8b51,7,0.9660266041755676
1cb3838015c5422004c85e82628cde65,1,0.946709156036377
0c28c54091d2edf781d3f0b90c9076de,0,0.9801614880561829
e3de49816f00e8386052d1885514362c,19,0.3309475779533386
33df5c6f2f4c26fb334b3d68bffdc669,16,0.9458215832710266
2a120558cd964bf35eea8423d8fb3cd7,4,0.9429887533187866
94b9b1fcd07601147300414e929dfbca,28,0.35529330372810364
4266f672c1d871b79628a0d39ddeda57,5,0.9649049639701843
5253a56d98bcb4d18c2a34f297dbb267,10,0.9714967012405396
6ca4fc5625f3cd9042d877b27f087684,4,0.9504493474960327
3324e4ba55106127dbc15a9a6ecc5032,13,0.9626300930976868
ba57803b7a03d9a7ddf6f0bc42659f08,17,0.939007580280304
bb4cd0ffb423fb543ebe3983bc07e8db,10,0.9681044816970825
ef4e9adaf21d4ca89c864ae40d784f98,18,0.3122687041759491
24c2152b8e640d933af74b5362c73d5f,21,0.925990104675293
ef4cfa0842959bc5c978aebe67ea9a05,8,0.9615547060966492
f0e4015c1c4e0b4573c1fd262f8868e0,2,0.9826688766479492
176f0f0e525a5c690351495cf58ed847,10,0.9704694747924805
e257b2eb90997030a0353545944ead2e,11,0.9595713019371033
9e7d0030403f68f97cbabeb5914f765e,15,0.9519573450088501
8411a15e0996d8f333f565f4b046134f,6,0.9604416489601135
e8098b4a8361d51f6c89ce2396ae5505,10,0.9714312553405762
8d99ef5b69352afed5b33551da9fecda,6,0.960466206073761
6103fbf3d83f3dffdba78793cb232c17,10,0.9712681770324707
9e90a53446dcc1a30000627277152dd7,0,0.9789881706237793
2647c172834283a350d6c9844af1c58e,13,0.9413173794746399
be6bfc31b13ac87b1e5a9abab48665f8,34,0.9262201189994812
350d18174371766acc1e9b25e8bc200f,2,0.9828238487243652
137834c95ea37bc4f9906c19795fe41b,11,0.960301399230957
9b43f7d90f2191d847718c650d0faaeb,2,0.5425461530685425
05a6b47d11516c2444c9bc24e9dd9c83,15,0.9536687731742859
b2abdaa820b2fc4c010d2fa762fd0d73,3,0.876880943775177
1a4d0f11b37e4b92585efa0fdd3d5e0f,1,0.9654823541641235
b7866ddf4854aba461737c9b72ace81b,1,0.9647711515426636
dc4d07bf1f91bd499cfae2575e78b586,6,0.9600005745887756
0f2985bdd6a02c30deab1d3adf44c30c,5,0.970764696598053
4e7f5c670d917334dedd5602eabbfd54,2,0.9822208285331726
b9f8bc0ccb83e37b4e750f1022fc8b60,9,0.9397227168083191
a3d92181c0febd1f3be6142aaa4ef18b,4,0.951855480670929
94bb4f9b5cba0d896bfc616563ef88b6,11,0.8282822966575623
07ae500a4bf347c472e3ed4eb2379f8b,20,0.9604145288467407
f379a5057dcf7fb1f666358897844819,17,0.9368600249290466
d0be551d4467e1ac25c7027c26ae54ab,10,0.9714150428771973
4c75df1db08f7598ff46c7d010f6dadd,2,0.9452006816864014
28799b4b5bd8604f9bf33f7305cf9b19,10,0.971512496471405
ef087544d9762999c011b4cef600930b,30,0.8225092887878418
019667f64aa1f994e000fd6b511cab21,11,0.9607369303703308
42c621e5eb89b723c077b953a97786f0,0,0.9807553887367249
74a780bb5b342d697ad88af7f6793ee4,2,0.9808574914932251
c5168467e87b771c5ebcff3f032990a7,8,0.9110732078552246
686273da6ab720c7f352dcca611afb8a,6,0.9600650668144226
d9e5d458d5453c285a7cf0b291731795,15,0.9524499773979187
8af92b3b95451578f6230f85baaea06a,23,0.948136568069458
61a518139d9b6bc45e159d33b3413c86,0,0.9803053140640259
544b91d9074f4817a634d6bed40e7a64,20,0.9606726765632629
1f1d5c1fad6be25321e19782ad2704aa,0,0.6254080533981323
15920121ce7047905cf28e3819671c2f,10,0.971138596534729
543e5fb666cbf2497b1ea9c3622c302f,2,0.982849657535553
2094ada4469c085e7469bb6b0999d817,6,0.9603719711303711
feadef4b2fb392eeb54e419f5e707faa,2,0.9827531576156616
2ab231ab2b95407fbf9d34e1649086a7,2,0.9823787808418274
a4601fe2fa26a05360541e48399e6cf2,27,0.38600364327430725
68a9da3373831313d44011a413dd8a66,2,0.6913819909095764
718e1545332f420a91e3f9eba9a3afbd,10,0.9714432954788208
32a003f8b5e0facab8ab1c0ce3e42c89,8,0.9615044593811035
8817b242c7efcb92b6398dd232ec499e,23,0.9524984359741211
edd89d895c53b7addc933c9d014e403c,26,0.5628016591072083
df263e3b7994ef94db5b36569c512f18,12,0.6492457985877991
2ede037496aebe8110194a4cbf02509c,10,0.9715419411659241
978ddc24d24ceb6facf1c4452c9d08c7,1,0.965223491191864
bd8719a31cf9e7a559aa2658dbf3df05,11,0.9607901573181152
7c2909b1b1a7125cffc2574c7724c793,7,0.9719488620758057
90fc07305150e7f70160c4dd38d88457,25,0.7413032650947571
874fb37f5e626010f9f968924d3d3e77,6,0.9561668634414673
299f5e6affe92b5b173cb7787a107fff,27,0.652313232421875
a19600bc84ab59f39e7c6b3320864367,28,0.8571456670761108
515449908aa7fa05dd5faced53b54351,4,0.4276667833328247
8545770fb0133f769c6eef223c37cbb7,20,0.9570082426071167
d115a2c311b512ebe9da39eee20fa658,2,0.9812639951705933
1ed7bbcc054d235126c4bdfb3a1e5e54,19,0.9152238965034485
b15427afc659afa7fee5f5158c15d0ce,3,0.9323607087135315
76668aecaadf5fe607554febfb477a66,5,0.9696782231330872
dc661d4e81d45b7bfd873648b1680f6d,13,0.9623017907142639
b8abe742586ca96e5632505603fd2e44,10,0.9714000821113586
af98c46bf9d90a3e834dce2138d63a46,15,0.8822794556617737
de11cd78caa0b1a2a8a10e5e41c1286b,3,0.8864667415618896
e128ef73882a768d551fe9cdbfd9b53b,8,0.9572823643684387
41af20f9028c403f6e941022c0faad27,18,0.9330588579177856
56e8e9dd1bede213e015c4e1c3ced1da,24,0.9525790214538574
d11f7776e9a9f7c98cbe7ff5aadba7f1,10,0.9714752435684204
6ec7f6abca415f18849e173da8bc0794,1,0.9647170305252075
6dffe706b8eda68de621d798915bf574,1,0.9655541777610779
5d9760a1e89afe639def148cc491f5c7,2,0.9820996522903442
a01b44f980c9e226abd4e8df28efd451,2,0.9825949668884277
295b1e19fa2652c28de242f673cbbf0b,2,0.9806511998176575
acee3d7bf85c9abac5af76ff2045aace,11,0.9276719093322754
a4d50f205c22f7e21a467c37a6556a4f,10,0.9715429544448853
f295cfe6b1913540280797ba1ee0276d,9,0.9381279945373535
084dd489d14591e814e8970645e4cd07,19,0.8241086006164551
d7877d8dea97e93e2008885732f8a097,7,0.9714933633804321
aa82871918ba38809b85fe31c94a4e32,0,0.9803774952888489
3e70a444c8c1a546de98777deb17a6af,7,0.9716917276382446
c8d578931d202b64805b0377f4f26d21,18,0.9340036511421204
392026b45c314f8e4a7d785e9ae78a57,10,0.9714656472206116
08d28c7943ccb5f2caf694c7dc1fb4bf,1,0.9636785387992859
15c2e76fffa6ca46f0bbefd2289a6172,2,0.9820131659507751
6fe7b72cd1df0cfbe07536c59bbb5562,0,0.9805201888084412
ed77498dd99104a3fd488c0e4d269b65,0,0.9802631735801697
5d476ddbbba58c91728be002f5b9c9b6,20,0.9607191681861877
89712159107a52328480f3b5bcb5b87b,5,0.9705291986465454
76801cf7571addb401db7e535bd33d32,6,0.9603519439697266
b48519ab8897ec91e46ddba54b5da7b6,8,0.9616211652755737
cd2f3c1b3bc2dbea2ed83801f05f7223,15,0.9491048455238342
8c0d5a84f8bfe40b9fd7a701b95b28a5,8,0.960111141204834
1141c6d58761225a8b2ff394d9e130c0,1,0.9655299186706543
375207f91715c2d020bc53e0780a9192,4,0.6741660237312317
87dbc5e176c64e964d841852b922a3a0,11,0.9610787034034729
a679e4481954c0154a81029aca2935a5,0,0.9795702695846558
231a072a3097247318d2a9c17af31142,2,0.9816583395004272
8a4596a424e0d02d0ea92c4bcf8d26eb,0,0.9800028800964355
fa7a200f1af9db4f1717d1645a04729a,5,0.3652965724468231
382ae71b5af9b4ad218e625485f665a8,5,0.970358669757843
b2da9dccd0c602e6dbc2e748873486a4,20,0.9604766368865967
f26a4f33339b21cd2d75a7689d5aacd9,16,0.9462409615516663
4d3b6f77129c1dd6b06b86358e3b0e53,13,0.9607152342796326
7beda7ba34e2a539a9824810228195b6,23,0.9524679183959961
ba555aa485ee9c0259c2be349350cec1,0,0.9799472093582153
a1df571eaf1bbc2945a8f156761e78f2,24,0.9535947442054749
dd9fb8a59fd41d93b429eec65bf55366,2,0.98248291015625
a83d4f7b38ab03db4e472be28ed736c1,2,0.9815359711647034
e28c1f9fe6024ea7acf8feaf596a6077,2,0.9791883826255798
6c32e9f2eccd34abcd50898532b824e7,11,0.9431833624839783
06fd7a2b3182c465b90b42b6ab63c480,10,0.971062421798706
e66d7bc4603b8d020cddac898f0d133e,0,0.9806720614433289
5f88c5345233b639aade77f8733e3de5,23,0.941457986831665
fc14ee4ceb52417384d57ba528cf772a,4,0.9491847157478333
19c7f12fa878d0e7d3c13638e32ae1a5,26,0.9254689812660217
9238747a026a1ec8a3fb32116ed0edfe,2,0.982039749622345
018d4ecae206677d29346c8488f778bf,0,0.9805275201797485
03910a5f89309c38e936a4df0e6f1af1,10,0.971327543258667
df46e883a3c720b037b6a7fbfaec64e4,11,0.9607767462730408
0e2fb4d75cf87ae1959d58ef4e80138a,6,0.9604201316833496
09caf6fc83f861c1672879b86e81ce09,1,0.9654788970947266
fadb8efaffa57af24c2b46b48e4ede19,2,0.25193852186203003
06ea591c0ca2235dff8ec388151b9e97,10,0.9714117646217346
00398f9fdc7a7e745b9bba019cf0a301,17,0.9380583167076111
9c01c7ebcb0ba60682d1f2fa2483aa25,5,0.970210075378418
c4cf2a7daeca4364a50947283d73f1dd,23,0.9214706420898438
00c8fd47f9625da4857c6eb75eed0f3d,8,0.9468000531196594
6cf670e65ec0d03195c1ac3fe5220553,2,0.9819521307945251
525bdf36e227e5a51606e303ad4b7907,20,0.9605072140693665
cd84b8283248c5dcfbeefd2c4a14ee5e,24,0.953337550163269
104fbf27dba58e7a01f6932352773173,1,0.9633198976516724
c8bc83c647d70893e07c48c129624554,2,0.9824259281158447
aea457d493535d00c80c95fc4545ae12,30,0.9048653841018677
14d9b1d8fa4daf345578dfb5695c02c4,0,0.96562260389328
6d8650796e566d0f50436689e06571f4,8,0.9616460800170898
ad709ecc849e744c75c9fdf7d1063bdd,8,0.9615445733070374
589ae0f7084ec747017201d694fb7872,7,0.969044029712677
e3fdeb9d47b42d830a61c1b5a17e9d9d,11,0.9613529443740845
d4af490ed97ee73fe99422b13b7afbd3,6,0.9599597454071045
c96d48bb9fcda8ccc5ce2205b024e7ff,11,0.960981547832489
84018d9105621832dfc58b7fa711da54,10,0.9714987277984619
0891ce8f9641af9ed2e3ef01a500e271,10,0.9714658856391907
4a66ea6195db7c79b37f327c7465645e,2,0.9796009659767151
7d7b4b43c0b035abf26adb786b53a18e,4,0.9521155953407288
d25a685b4b8da926c0b8db87fbb1fc4e,13,0.9279986023902893
15ad5d765f03df5b836310d44e725718,2,0.9827096462249756
7ecae54927948c38ecca788eb807bc71,2,0.9827593564987183
f6ff22f7edfd1ba7fc1a74c7cc66aef5,2,0.9416521191596985
83ed5242a7da9ee6be8ea9d58d5c4104,0,0.9805042743682861
66662546878200818cda59b20d2a0e01,2,0.9825873970985413
00d74cd356c3e6a905846d06a5b00572,1,0.9650182127952576
fab9b6b160b5f6b21d8bdbe8958bb3ba,15,0.9437629580497742
9ef973d0e6b927c6373e4b195574872a,7,0.929013192653656
3154bd389fc95f6b7d415641a5c5c2ca,5,0.9703300595283508
f31b59ecdf0c98c6a73513d6e412a9d9,13,0.9594875574111938
cad5f2a721ac2fa46f9a068f9b4d7975,11,0.5387570261955261
aced1881d4482fc300d2a67ccaecf59b,1,0.9650339484214783
e9bc3720f0aa27a62d65c8f1dd2c9c60,4,0.9514514803886414
ee1e9b8b94afcfbdf8db38834d9f40c2,20,0.9608615040779114
2a87672ab2154899b4d22aba5fdcda41,24,0.9493010640144348
d8979c6e4a493a1f60e2ef6c63c65199,2,0.9826453924179077
d069e16a6c784145799fd49b76add6b3,15,0.9532133340835571
a15ccc2f01811e366e7e6ba1aea49a96,0,0.9803102612495422
13362a3892f2c3f77755e00b0c3bff15,2,0.9828148484230042
b341cc1eb68b97b3a0f29080608d6e9a,2,0.802893877029419
5c4aced53309aa06aacd8e1b8798bd21,11,0.9600540995597839
1ac8ae1f3e7d6daf2c3b9d12ea746a16,16,0.9463080167770386
1b7a39fa801b0b577c314dadd09550a6,15,0.9532231688499451
a128fb1dfff12ff7af59adc332428b88,0,0.9804757237434387
d7b75f6559d0deba1774fd76c49ce364,18,0.9219585657119751
ec50f6d314dfe9028f09e27d18045057,11,0.9588943123817444
a028dde208379a4b9ba613bc38955c96,9,0.9398812055587769
54e6fe1f3bf9b13c156b57229faaf1ad,33,0.4950248599052429
8b69fa2511cd1874a323e3f98b711537,2,0.9822106957435608
2f0d40d3d7460df8e7d2c032b60c74cd,0,0.9802860617637634
e85a18bd22cd39deaa3b2dc8a49b2ccc,10,0.9713205695152283
45df1b2caa34b0a39da1b84a64114af7,2,0.9825947880744934
960a61cfb0a501864fc3ad81da8b6c26,10,0.9715534448623657
9551a37f2d91602e02252508e9edd229,0,0.9764845967292786
c9fe5f4e0082efa5a9ec123d0c0c1bbf,2,0.9825752973556519
2677f5f04ae6ee909a2e18ea2f822ef7,10,0.9714756608009338
1e5c9fe6e6822f505ced6df93d874ee1,2,0.9649819135665894
cb620ee00246dc2d45b6486586349734,10,0.9714590311050415
aaadd343c19b254f850ff9687f7035a3,2,0.6541844010353088
d74a7af48bc0fe450981fa7ba98ce231,15,0.9534037709236145
5871d290f9c8340681bc5282d2815df6,29,0.8942694664001465
fe36873a0ccd1a3820bb6fe4f5ba6e2e,11,0.9611386656761169
7cc799cedee394e3b669a18af4c3da7c,0,0.9782570600509644
4084f6a1d1e9e8d9308da9e412101574,19,0.9139648675918579
df50fcbc6a1e79374807957dd0d783f5,2,0.9779005646705627
282ef114d52adf7ffa7aaeefa5793713,2,0.9827877879142761
d823d5c9ade5060f1ea61cd68b377fd3,20,0.9607846736907959
88f1ce9bc14920f80dbb83c4462b5323,8,0.9615558981895447
66e9f687bb1710d477b8b123fdd437c8,4,0.9520784616470337
4feb0f087dce5bff17f13922a7348311,2,0.9828041791915894
883e27f8cb6defad8cb72c8b8268e123,5,0.9706332087516785
2936536cad8fdf4683a78f2746921831,11,0.7885149717330933
eecca7e0116e9d8ae0f4aacb349946d7,3,0.9326002597808838
a40d5d7ce87b8d3f3a860d9994147a24,2,0.9826182126998901
1c86e97effcdbaad678acf9cc3acc0ab,15,0.9514154195785522
f95ec81d604514353da9fd0af8ad511e,11,0.9608485102653503
06bae6e28650ea2967890828fbb300df,10,0.9707687497138977
125f53e72a195e726904a134b49c8f96,26,0.9203292727470398
5dfffb1d222bc67826a84a50450e61e5,15,0.9528102278709412
8b714808fa879c44f7b503d142076a9e,2,0.9820441007614136
1accbe52ac3fd510d83c80327c337d21,24,0.952566385269165
ae3b34cd095e427c10fd670480748f2b,2,0.9733849167823792
7d9594c777eb134f18fee1ae18f085e5,11,0.9610981941223145
25ba7b1fbcf8e5531d1d3de4ddacb2c3,1,0.9651378989219666
227bc4c815c2be1c461ea74c45f40413,28,0.48335397243499756
6c0b188ef51effc9f4ec366497946923,0,0.9801668524742126
fad8ad9d78443adea555933a74917178,11,0.9551725387573242
20653d3c0fcd1d6ddf2e5949c6874cf1,6,0.9343792200088501
f3a728f714bc9bfbb3e20fc353b21aa8,2,0.982555627822876
9e1b28656c07b83ab9952792f6f5125f,2,0.9826489686965942
ec77191ea1b900328aad61e5e645c435,10,0.9713802933692932
4987b1e3f53d63654ff250c7b0d7aa58,0,0.980616569519043
654bfd0077b6a705b58e7b112fa03872,13,0.8781761527061462
ddf3e44d4c3125e63d01be36324b7722,34,0.9257825016975403
25361770ff39d84410b506aae9436cda,13,0.9624731540679932
57dc315d47e839b5d1da980935807a10,20,0.960740864276886
f883975b2a28ff4d706847bf85cdb908,24,0.9509330987930298
b44cebeaafc9d192429483d10b8e901e,8,0.9612828493118286
849fb844d658b1872bf1e5dcbd5b3db7,0,0.9803963899612427
397a5acaf03c824b879bc92d50c41324,26,0.9269053936004639
35ab4d5230a906e6ca48f397f78c9d14,28,0.8913840651512146
af3c0299094e11e8e253d31ce395a604,15,0.7708234786987305
fcc75c3dae6df6114261958985cb6aed,24,0.9519303441047668
1da6529f2bbf17eaad90ed89f073df42,2,0.9827767610549927
0315f8819caa1995dc945f485a823290,0,0.9804518818855286
8d2a9967d2071f3225c47dc7aeccd139,11,0.9611755609512329
4c8eb91997459de655a81cae76c371cc,18,0.9325340390205383
608042e68dfc89661dccf4070a3f62b0,11,0.9610685706138611
a62c8b32e29e7849796ef9c545572ad7,26,0.9254108667373657
b2a7f2d6272520386055c5e6c2014438,2,0.9820417165756226
6ec273bdcd81911dc713f609d08bcc4d,11,0.960708498954773
da47ee0511fcb45486aeb39cec1b5fcd,10,0.9715076088905334
3390d02ffd6f4f4390865028bb38d95f,7,0.9718053340911865
28e7651df9264459a4659ef871fc82a2,16,0.9466928839683533
3ec9319b11a909f8a47ec98cd7c3b7f1,27,0.8697358965873718
23a1a8543a3b09e558fa4d3db2f9c86a,0,0.9806715846061707
c7e43ec63fd5acba172920fda92f0290,23,0.9519855380058289
5bb29d9eafd8fcd5dfbaf53ba60b4ca0,18,0.932431697845459
c236e2915f49e7a005c2a81f1fdf7d51,23,0.9313187003135681
69f3ab5299625fd0b99bfa7109e6ae1b,6,0.9591283202171326
245414981083b58f63e0c718ca78acc1,23,0.9494784474372864
1f618237a4f9401ca53f8f332d83211f,1,0.9653358459472656
3fc7f69be34dad9782d1ce3c95dbba50,2,0.9602804780006409
9ef6a46668fe50cf01a2e3686ec2a09d,10,0.9714919924736023
bb92bd0981f087af4770d3ee675f35a0,11,0.960942268371582
e215624968d0465077f2f29945b21b34,2,0.9823085069656372
261af0aeb7bfcce9afe574c8015ebf5c,2,0.9826367497444153
29e02a990d2b5fc73410d43f964b65df,9,0.9263258576393127
19ec41c0b274527f338da882c4a67699,1,0.9653801321983337
c757d86521e133fb27fafa61fe41e5ca,28,0.8441834449768066
123d3f8c573f5bf68ecabf734a719991,4,0.9462657570838928
ff269f84ba195e453f1b61b47e1edbf0,0,0.9803600907325745
c05e0862eb1a160c1c4c51e112233c5b,24,0.9533661007881165
febaf75a71028b0f8884b5e8e28c25b8,25,0.914248526096344
88ef3bf311d4191a2c22f1aa5d1c1508,8,0.9616245627403259
db83ca1c4187fd6bc01f2c0ad0c5bf91,34,0.9198483824729919
2b1ef123053f82b58904090baa1253f1,34,0.9223518967628479
595cbc0bbf1aa7704901e26baf57c207,13,0.9513427019119263
8b5948a80c2c8d057adeea64496a9577,2,0.9827405214309692
2cba6586dbd566d19f601e5582136677,2,0.9826492071151733
648782f98c254667ed00faba94441e2e,26,0.9264644980430603
38efac5e04131f9acf3b1a1dc10d0ed3,2,0.9819229245185852
3fd0d694cb2e89849a63953c5ac598ac,15,0.8919859528541565
1ca91d076a125c651ba9f602fe091fd3,20,0.9579699039459229
b9eb0eae04b74e9c28f1286a73ee6af8,2,0.933491051197052
4e274885a12ca13a390ee02c7f56080f,2,0.8822391033172607
a4321eb6533cc9bf44ec5cb13574e8b9,11,0.9606408476829529
2ad892c4639b34a0859a8450e2efb034,5,0.9704331755638123
eb3d576fd9d55c1f215905e10ae88e54,0,0.9807162284851074
bc686ba378a1de153108510a42b80fc1,1,0.9652789235115051
abb340f649b2b64970e62474c8fc5e45,21,0.9306929111480713
61861a6b65cfd98e2674c7a073b710bf,11,0.9610059261322021
5fcc25341ad6cb316e780e5cc14b7924,2,0.8505933880805969
46f47fbede0ef25f9bb65260eab6cd81,27,0.8868008852005005
3610a94d1bb079465b7014f034d642f9,10,0.8934505581855774
fdb0904f9c7ba2e567fb243cd6134e8c,11,0.4699814021587372
42937720604bd4d8cf8ead6c7c749a04,0,0.9806255102157593
bde5e9fb6b2a47b744bf2e06d5e1f80e,27,0.8862185478210449
81372a176197c9da9986c300b1a74bfb,27,0.8611885905265808
3d3819a5aa48071e2ede4ff9c2731c48,10,0.9662092924118042
429bfabfcdd5566d01c77cff2f47aacb,2,0.9826787710189819
82b9fc5fb630906f9549369fdf7a472c,2,0.982769250869751
bf6a2e33752de58ef0e81d1c6d15d049,20,0.9589415788650513
5892910ba1c66b8a08eda689ea6f9f30,7,0.9207905530929565
08dcd5e5f926b4b1f99257d7510873b0,25,0.9151158332824707
7fe2cb0b5a11234a4c9b8bee5b19bad7,20,0.960895836353302
78c8c2a310e0ebd1eea21e427a3e147e,19,0.9165355563163757
84adbb0a168cf381859ccd99e584b64a,8,0.9601309895515442
e74a499c15b8d9f620783bb2aba42ff1,19,0.9161933660507202
81e55a1d6dc3e3dcc3da74d075be2cf8,24,0.9533634781837463
33a0fada3c0174263167459b8829caf4,23,0.952115535736084
92d9d82bf85fed17a2f469655ab49133,15,0.9531435966491699
b7c98eecf2cbb3b3d88f65d6583b0f1f,25,0.6915789842605591
6cca4c68c660d914c03ac789e58756ca,10,0.9711582064628601
e2bb129cd0b0eb3d17a63904699f7f00,10,0.9714500308036804
5b741b71c8f69a101ad9277a4c4569ca,6,0.9572134613990784
d6cc57a8cec948ad65d3fc953f380c62,28,0.8794121742248535
34fdd14f18c32003f55ef4ea65e5af9b,2,0.932833194732666
abf9f1657391fe64f180c0b4f06ea9d6,25,0.9143309593200684
d94d8cc54d0e0e8ff28578238a065801,10,0.9715219140052795
891389c083c629aa8036f20196590ebd,8,0.9366986155509949
b1e1e1d7f0d3f32417e2480f838f7f2d,2,0.9823792576789856
981f4b909cdd7a80a4d1001280d97ed0,20,0.9605383276939392
16cb60d195bd7a8408a50e3599ab9b65,6,0.9604377150535583
bbf43225144160f2da17d2c0291e93d0,4,0.9506288766860962
4fad90341a16d51b27aa4d67c6a17897,10,0.9715080857276917
abff1717d1347554dea00d0c9d72a0d9,8,0.9609450101852417
ba1e6c78610f7b5b334299a12921aac6,8,0.9617058038711548
9129e1e1cb541b88e73ce08c5f93f016,0,0.9805220365524292
a454bec8f23b94ffa3cf8047055579f0,8,0.9574562907218933
2d9be70f1198d5e8f504bbe0fa1a8cf8,26,0.9264472126960754
480ba677dc6bd3a5572e540ee0fcbd12,11,0.9607482552528381
bcad37ebb5fd9751b056cb88cae348c0,1,0.9656162858009338
e70072bcd848d89be9f16c70367ff038,3,0.8898269534111023
e9e6b8a25ab584bf6307f93cd2a5340f,10,0.9711379408836365
4f4bfef08fdc2c03bd7ab1136c7bbbb9,5,0.9704894423484802
5d9cb6a95c6811fc3b0e9c02015d63fa,10,0.9676567912101746
d3833b77cd952eaba8fe499503227dae,7,0.9717338681221008
98dc1a334d34b3e480962b0a9f732114,17,0.9393256306648254
8b0e3142f754f0b4e52be16aeaad4d9e,11,0.9614407420158386
0f23404f63f74d8249a71402f0d6e643,11,0.9613661766052246
78f24e4c54c80ca297e7e880819d421a,14,0.8974392414093018
d8de4d9b8c7b1c37459fe424f5194784,20,0.959783673286438
9810b2236137a422bb2a6c405b4e8e64,16,0.9453926682472229
d70fad650971872f8f24497fb1bc5614,15,0.9531779289245605
285ce1e68f74aa82fbc152dd362c64ad,20,0.9607054591178894
08efa1a8d8989eba7b5d39c8fa08c8fe,2,0.981869637966156
789557cf227421ccf31c7ef76d29eb14,8,0.9616472721099854
155ee36c1cff8f4b7306754b8e308842,1,0.9643582105636597
66f0b2ca9fa091b361d371eb38f072f4,0,0.43914124369621277
339c07a3b303f183811d8551da4d73dd,1,0.9655184745788574
13f435dc86e8e6c3447dbb86ebbb764a,10,0.9713847637176514
58f98a0591ef8d7f42957f2f5ab2bdc7,8,0.9604576230049133
7562e70f47a0f69abe99d1576550a512,10,0.9672209024429321
548c77721b0eedc773d7699d8f946790,7,0.971807599067688
791b990f1ab281e0707a744992952174,21,0.8135964274406433
4f8979f67b00be7a45170048e94a09db,6,0.9605849981307983
2311c74c7853ce22e93a327470d63d8b,2,0.9827871322631836
eb80ba857a57de48b88f5c491c6f426c,11,0.9610272645950317
83277fc9bf85d26425547db78abc4ff5,0,0.9718672633171082
acfc3521f7a03dc72fada4998350d4ed,2,0.9827215075492859
a0993ad330bd4bfe6848e6aabfa22dc9,7,0.971384584903717
bbf109e528f440db358cc432dc128fe7,9,0.9404188990592957
f0b42f81f2e31196097331b38daf5f9c,0,0.9789996147155762
1578deba7ac508d881df8980fdacb643,7,0.96551913022995
e9b2b6c4619afb3b4cc2dde19810ea27,10,0.9713882803916931
3f25bc190fb57ba8f6b01e4e15906c06,5,0.9704289436340332
84cf5f1e3695d760551328987f56448c,9,0.9399464726448059
04c6a54580cebbc1a7af4aadab2fc130,11,0.9610875844955444
076202eaa889624e4b3cef1c279d6dc7,5,0.9703587889671326
04b88a55b4ebb549ae55ea83f3439ac0,34,0.927120566368103
a3672fd7d59a216b40c360591d9885d6,14,0.7893291115760803
4f3998dcb5ea84b89e0691ec305af401,5,0.970605194568634
f658959313412819b015bd1cd67ff393,20,0.9592997431755066
3c040e05a66e578618c9d068d7529b5d,18,0.9249128699302673
8e4ca2b257d6b16257e8c550ffb4baa1,2,0.9826378226280212
e8d663f508cb00777ead358e5ab83d94,24,0.9529586434364319
939358ca4233cb471b6ca59cfa904320,29,0.8935207724571228
5cf366d45d4dc3d5200d32cdf58dc3a4,5,0.9703418016433716
88bf3c9d6ae4691561c30986adf84a9b,20,0.960574746131897
b27655fa55fcc437521db92ba1693417,26,0.9240869283676147
c2e7864fa276e82cce63ca6458acfc68,7,0.9712247252464294
ffea93c9ff96edadd86401c7243edfdf,8,0.9614787697792053
ee55f0544d12e42925f1268ca002937e,2,0.9828220009803772
7562c688a4ee4346d6995c6189b430f5,19,0.9160426259040833
2f41e61fb20a6c1cdb96b86ca6ced15f,2,0.9827712178230286
c1dfcde2fdebb72d52cd713b6c83ea46,4,0.9521885514259338
2a35813710df9ca42f8ad23bd8d5bd0e,18,0.934299886226654
fbf2706ea335a8dd7ca3b07ea4733c21,20,0.9607552886009216
294d430922fed85c46817bd6140a7d05,21,0.932668924331665
4fd883badfe96c20188496eb3bbc2bb8,33,0.8549175262451172
a9152e43150bd5ef882870ab15a0b2eb,13,0.9578281044960022
b757335822b837381166e63cb50290fc,8,0.9615985751152039
02a0044348d80213c7ba14bbcb82939a,10,0.9714514017105103
79f0f0f2ba515d7edf97682ac325e5e4,0,0.9802225232124329
449a66ccec4c375c0da54541e4a540e7,0,0.9804883003234863
a21fc826521547e38c7bac7d6e56d848,7,0.9718008041381836
87c677fcfa7a05b655dc88bef496dd7b,4,0.9257906079292297
f8e6345c9be3f8abadd6dd955b9c1b35,2,0.9827379584312439
fdb28084bf4f546af1740dc81d4e0eb4,7,0.9718042016029358
769e730943e9bab2dd3c48722050ca64,0,0.9807162880897522
2c304773a67dd9756d48730b6ae8d924,27,0.8870166540145874
579922fdd573ef67f9f6d54f18f4b4f4,0,0.9708055257797241
caeef80307071ea47cfd6af27728a4e8,5,0.9702183604240417
028304bb73c12b13f61ee8e8b5f85630,1,0.6296120882034302
f97c5b9eaedcedb4ea3c0c550ef7d92d,8,0.9615169763565063
ab7f041f6e8dde6be5e7c734981ebeb4,5,0.95470130443573
8446d19881063c316ca99793e2c2d47f,10,0.9712662696838379
d2230eedacc61c8a34eea6e67f04383f,2,0.9807295203208923
eee5c0e6112d22c269ca521164a3e6da,12,0.9228516221046448
62cf15ec295a4e27df37ddd913fd73f8,10,0.9711775183677673
30b68b160c80d945ee2200bebca3a821,2,0.9808428883552551
5cd1656280f0be5c2f423e0288abc8bb,17,0.9248757362365723
971a21ee2151c9dbc7148fc9a062b626,21,0.8230871558189392
7a1e5d3fb01052a40b7de19533d5fd15,11,0.4412826597690582
c0528e15da5b1c23e477d1a1f6850f09,16,0.9359633326530457
eb576e91794038ce4ab141aac681b04e,16,0.9464073181152344
4c8218e58b87d3d51d4a7ac1c2a79297,0,0.9804367423057556
6e8689da6ff1f0859f6657d1db8d7403,16,0.9470940232276917
be9060d457ca4051844779a8645fa2c9,10,0.9712881445884705
b819d13e58151be09564f36ea9b03022,0,0.9803362488746643
10fd12ebf71089f65e73710353409f99,13,0.9588400721549988
3d632d9cc9fe6ec9821902b82bb30783,2,0.9826626777648926
ed8f71cdf3c0cee4daed64850db784e1,2,0.9825177788734436
9a351bc21d8f13dee1d37f8aabf64675,28,0.8965206146240234
16fd43806700dbfa8135bc4c599f0dd2,33,0.8539223074913025
a3343222facde04395c79ff83540d765,6,0.9601527452468872
d01166fd40eeb7fa93c4e395264a82fa,5,0.9701989889144897
f1ee826a61e0a39c163d27c9703db798,2,0.9820693731307983
1765f81c3c559db71dee1fc6737fbe12,20,0.9601842164993286
7c93366b7e23a9f0c8ac8bb483c987af,11,0.961117684841156
ced8f9217149ccddf4140588cfb8fa07,22,0.903495192527771
a911a11f108e940ceec278435ae46c84,1,0.9656038284301758
cdf5b871f8885e7b293b7a3017231399,5,0.970598042011261
6d152ce25badba17df50336badf2c35c,8,0.9615291357040405
45aa832959eca06405464fc9f5ebc3ab,23,0.9526243209838867
c15e4b544cad553f3af1b3e37b8d3454,2,0.980463445186615
6bdc95224920b1a125f9c73f213c5726,7,0.9718324542045593
d72c95213cec278bea20664e48ccb5e9,4,0.9511951208114624
7a8dc0a24ef87cb28b0658338b1c904d,10,0.9194293022155762
ea59a4c016bbdfe42423fe6640112808,10,0.9714993238449097
6aa7f1bf58a5944c7d8dd69a267bcd7f,2,0.9825996160507202
564e9778a2ea614ac217dce474de9ad0,2,0.9807479381561279
f6ce2b9342de89d0bb0819825a046510,34,0.9263969659805298
072edd9736dced95a1a01cdd81f7d6b1,33,0.6684098243713379
4733b3029207c72dc13d00030a3c8118,10,0.9713583588600159
997136dc5a12c34982df77d1745c5f54,21,0.9085384011268616
0dc23df0c5dac26996a7acfb4810b76d,23,0.9526221752166748
b105ab63c2e5fb0817cab0d1041d12bb,11,0.9613007307052612
edf26ac5778d2e290ea6f68f3068e786,11,0.9604533314704895
3ba12b8848dfa8aa675a38b88a45ffd0,0,0.9804641604423523
2dc95b319eebce8a62826f2bee18adef,20,0.9605138301849365
df3cc651a3a2f2c5824bae74709b76f3,0,0.9789555072784424
ecec44b46db84a5391a21b5984875530,24,0.9536035060882568
42f8e53e6a0efccb7f7ed1b51522ec89,8,0.9612575173377991
bbe582048ec2eb3f99e907bf7b6ae454,2,0.98247230052948
8df2f2228f1a4df96e8e4ade9fe6eba6,10,0.9713331460952759
c161fa37dc16fc613e4dab6a344a013c,7,0.9718348383903503
875d9ecf20105c9c31f662ead0e01fc4,14,0.8927714228630066
7f9d4339b73cad723c602164edc0bfe6,11,0.9607656002044678
6e0232d4cf90107c00f16a547e4c2166,30,0.9029704332351685
e6f80332dc250691539435cd24c8f83c,2,0.9824784398078918
59cf4607f3e8456100d5621085f28d57,2,0.9823150634765625
7b690c046f2aa0941377dd635d43a42e,13,0.900748074054718
a7ba29994ee868627b31405502e06135,15,0.9525371789932251
44e2ba0c6ce636317bb6e1e8b77a49ed,30,0.9039241075515747
72ee42587e2f30804e9b434719bd73f0,10,0.9700735211372375
a277ea88961a645a58eb8e4cf0cd9820,9,0.8838281035423279
657b2e0e7631f5b4f93ab2781c31185e,0,0.9805992841720581
ed23a5bac58d73402c4018026ec5050b,30,0.534205973148346
50cf0e9bdac937e8061a1cc52dd7a9c3,27,0.891067624092102
d0df5b871f39afc8d214b6fd1eeb1710,5,0.9701927900314331
9ed18ebe149dc6fa089e4a0eb48eb0b9,9,0.9315603971481323
2c2b71329a14d2f7553d738b9a24cf54,7,0.8889243006706238
e8ba2cd7012948cd3ce527f11f5b960a,34,0.9274251461029053
70d0bf1e470276e0963d53364f3ea44f,0,0.9797627329826355
1f6d2c172eefdbecadd5bc168fcab967,18,0.9326676726341248
26ce9d4d1dcd09bc29f5b73e29ab84cd,10,0.9714480042457581
dea28660beb6ccccbf3abd333f3b8d3f,5,0.9698513746261597
629f41a77cf9f20633514fdab9c1f018,26,0.9106340408325195
959b7dc3fee14ea042f54d93b29d8660,6,0.9605125784873962
e0d19b29351935a75f1770adccfb2b65,5,0.9705288410186768
a9619f15d30319e29a498e510f5a3b80,7,0.9688090085983276
5b52133fb06d48effcc50d79bb625360,10,0.9712508320808411
667324df5dbade6731822dea397912f4,3,0.9320424199104309
4c2b09793d0db99328f5c1c99b37aea3,6,0.9438945651054382
38d73b77b52b9679602282d6411d7e92,2,0.982403039932251
b1931999985d282a0610474c5fd377f0,0,0.8885658383369446
abb96f8872d57543009e68c4741bc9a3,11,0.9610152840614319
36677156b34cf529f53b9de2a34e0c70,8,0.961402177810669
24314964ff6425280e530e7bac7b023a,10,0.9708163142204285
18bbb18223aefdba717cad45301bc49e,0,0.978663444519043
3ecb5480c104b9c0e0ab187ddfa14e81,10,0.9705132246017456
4f71eb82855553de56e8a543d81810c0,6,0.9570638537406921
da1b39fcc80c04c863f2e39c479c41aa,8,0.9585798382759094
f706e2391f801f67d7fab0b21f955c10,5,0.970244288444519
34711d363459a09fa98dd962627ec78f,11,0.9611205458641052
2c1411ba18ba7c97e6bb841e5e9dbc43,5,0.9703226089477539
12636608deea3797449ccf005d1bcfe8,24,0.8152685761451721
bceb9c4fcd26efdbb761a7ff47674523,5,0.9703301787376404
7f28b84b7c4ec6d2b8691dff46ae6255,0,0.9806495904922485
b414e29bc42e877ab2e635f37940caaf,26,0.9268702864646912
4a2e82bf20612ef1233d3bd19ec0834c,5,0.9702457785606384
4c3183b9540e8da2ea688a047322281c,7,0.9708787798881531
3a4b2d69a069dec810ddeaa5075e14f9,6,0.9602823853492737
373ded5a01553b18fdde789fdf3f32e7,11,0.960999071598053
29958f219e1052f93bdac9806b32aea3,2,0.9824696779251099
a66a05263ff3473b8bd1f4db5df6dd2b,9,0.5625120401382446
ce76cb4d58bcb3a30de923f78f7b4558,4,0.9501286745071411
75aefe440ad1dfe64e8fb18817a9d70f,8,0.9611892104148865
d3ea6a3610b426a31af82806efb9ece5,2,0.9798865914344788
f72328f51f057ad3ea91ffe42c31267b,2,0.9826556444168091
813ef1873e6343be1f788d5cca0f5563,2,0.3406006395816803
05bf45579726171c90a082b235832378,2,0.9823318123817444
6d911942a9bdb0bb315f8f164f611042,13,0.8524002432823181
67ef413d8f7f42990ff7e24cebc4a42e,2,0.9827954173088074
43ad51240c85f927585d79054e4f82f5,5,0.9705638885498047
2aaec9d5a899213d24c2d16d798d102f,7,0.9710922837257385
eeef2bb537d73a6357acde7cb8d8bc01,10,0.9713588953018188
1469c0c8c675ed0404afdd593e7028ec,1,0.9653465747833252
0064fc79a4ab7f72f76c81a4d98f8c55,6,0.9603227972984314
f46a1c240be13f03c55e72b0b9272eab,24,0.9487522840499878
d44075ee7b610239b62e0d50d24c0588,10,0.9714268445968628
63d96137ca6c037158076cea28b8beb9,1,0.730512261390686
fb80469d4e5ebbe1b0d219f1db41c8ce,14,0.8102016448974609
fd34a9e2bb3199320441af876a9b6114,23,0.939689576625824
1144f17369b5c37a5df06b4ecae9704a,17,0.9400600790977478
e6db4f4ab7db77c4272806e4367c1dce,2,0.7970232367515564
da3be72d77999d442cc2418c7e97e7e8,1,0.9649690389633179
efb308a06f1e67294c43d7e6d1122463,29,0.8892176151275635
86eeb9a60aec5303d1f4b14a02b2a5d3,11,0.9611431956291199
8b3eb330d5cdc20fb10964290a864d32,11,0.9605587720870972
8fe4959226b18f4e1ead18c36f4ca6ca,17,0.9377363920211792
433277650fbde466ee1422d6c738abd6,2,0.9814205765724182
9e77ac204faab725e0c57333dd52f713,27,0.778437614440918
b6f67ef3b4e0f64fd0e456812989e913,10,0.9714720845222473
b16ab4edf1b0f6a94e495784d05abd22,11,0.9608736038208008
281241122f0dba95185c7915530d47cf,13,0.618341326713562
a1883221492786af7562419454e5c678,13,0.9625364542007446
74cde61813f1d9c45fb258138b4f1720,10,0.9711761474609375
cd4b531056e0b6933ec0d6d091eebae2,6,0.9250634908676147
d3e1d3391a0382382f15685a962ce454,5,0.9706348776817322
ce277973f1c7fcd9dcb52ca3115ad1ca,18,0.9326896667480469
f2058bc15c22251ed7858b4a5a59a694,1,0.9619623422622681
db703a2e2aaf5d8ec3aae9339c64ceb4,6,0.4360193610191345
fd1ba24172b1f7c6da3c73aa01821d07,2,0.9817377924919128
a231fb167878072ca81e5b18ae9e0d58,11,0.9605501294136047
d818b5993bd31f8ae6940c4251f988e0,21,0.9362977743148804
fb1801959a752d81d29f16c949390ff7,13,0.9625492691993713
00272f4cb51247dac49afe8f62d03dc6,26,0.9264853596687317
240892cffab48ff1e6235e451ee485b4,0,0.9804778695106506
9313a531c81ac18ad3e38bc62fdb1e2e,11,0.9611119031906128
019cb466e56e322acc7c0c480ced4d6d,9,0.8938937187194824
fc4d60a139646492080176a70ac6c060,18,0.9338268637657166
9cf65f2a5e13741eb10b5eac4c38b7d1,2,0.982720136642456
7a5796dbb2c947c741d281bba78951d6,16,0.9439517855644226
e3ca82342f17247a7de2f745c3021e1c,9,0.9400134086608887
c968fa6a675d49d81b4acd3ab5041fc0,2,0.9801446199417114
42712e911548dc82523b392b1492fe9e,28,0.8646561503410339
40e6359b834f4c44b275842cf5afee09,10,0.971295952796936
8ef550c07c7ca65500a3eb719e40eb73,2,0.982770562171936
eb033f5a8873bb32b52e6a65f07ed407,2,0.9819194078445435
729ab7bf3d67c075a19fbaf20bf1f520,15,0.9428296685218811
e3de2c56b293dd4269fc2c235affc161,28,0.8888041973114014
454f2dc7a8ff347f14066173f33743e2,14,0.8922722935676575
82617db60f5f9d6669d3c9d96d3f0655,16,0.946106493473053
e4ede102a55bd36779bc0351989be2c7,8,0.9443159699440002
49b7d91f4a885e1d5241e9744ee22b5b,17,0.9388703107833862
48aa2a13ae45cc47e9488731a75ba28f,28,0.8199233412742615
91ee375a4193657d7869c89bdd269c7f,21,0.9358336329460144
f31632f617d37f9b5f14e09d85a4641e,1,0.965381920337677
5f7d03942e87b9284be6a85b13b58883,2,0.9693349003791809
57c634f58025c79e01f5871bcab520bc,3,0.9234911203384399
7a6a7e9ed4537a65f4dd65cfa68c609c,13,0.9609573483467102
e16bc80b7e217a5fc126ee57ff65f1a6,6,0.9600831270217896
12ac8603591a13ac34167b4dc3c13e85,8,0.9602846503257751
9ad4be4c635f4f7d641a57c5bd2e8241,28,0.8672796487808228
71769ebf48e89b9b3f8334c569295159,8,0.9616450667381287
1c80a5689a23ea4eabbb30a3e7c3bb9d,23,0.9523334503173828
9752453463ac9b54165253eea6a1fad3,28,0.8950911164283752
4ed91df17b7213e3e61e1e4fe5cbdf00,6,0.9603192806243896
d5c0a112d7945bfb54265df487bcaab1,6,0.9566857218742371
d10751c34e0f139579f432c562843e93,29,0.8792304992675781
712e35a59b4d5ff25cbd3cef91fa8ade,1,0.9654353857040405
19fc622fe49ede1586f240251f30b747,10,0.9692755937576294
a9c32d3f9eeb921638e989ff198a5f49,2,0.9714865684509277
adc22f2b2c9f23c8bd46affdc8c134fa,21,0.9320124387741089
d6118e2fd1e2629cd555441f13c42b2b,2,0.9826282262802124
b8a7484b4f53d6e9f15fcb8a916b468b,14,0.8968774676322937
422fb268a5b4602f5b5ab2e1fe29231d,8,0.8724902272224426
04cafd8c3a56ea0dfb91733fb949e065,2,0.9694284796714783
bc89485d400c7fdf44672a3d403f0077,20,0.9583946466445923
b30b3f1c13da78b2f65d514929e4a757,19,0.9163199067115784
998925247e8df22a00fef2b38ba804d5,1,0.964638888835907
4715b2d6268e79876cc483ed57d94dad,11,0.9571909308433533
f22c0e59e43f95aa258a1fb0c7d2e31b,10,0.9714230298995972
5d2047a892557e7f993583552a7155f1,4,0.9523110389709473
8a2a4fb5e74ae51c9b1eac158fe117bc,0,0.9781507253646851
78bb508ccb21c176a1af53d0182b3ede,20,0.9606905579566956
ac602c21880b8d8449ad30e261db484b,21,0.9353933930397034
1c90217d12ebeffb250ffa622e808ce2,19,0.916312575340271
fa93fd3faad9490bc52545d33ee589d5,11,0.960785984992981
7a38ce038e7abf07d70ba57b394d7933,5,0.9701747298240662
ac17aa09f9f00b2bd8900ec5060a987c,20,0.9607341289520264
fba78792e77b64606367c7ff9953db33,7,0.9704527258872986
cc53682c332e493b9cfe97a429c6dbf7,0,0.9805994033813477
933b96edb2a33c954f27cc77155cce0b,0,0.6202312111854553
165fb229b363ece3cb56c96263b3ccde,3,0.9276196360588074
10667d68a4d6749dccfb3caa40506b31,0,0.9637960195541382
7264b92e55b2e8fc2add0601f7e88456,23,0.952424168586731
92f6a70b49ad880bfb92e43dfc1a311e,28,0.8904147744178772
0ea8973d11a06dd8adc8b4857eb964a2,18,0.9192454218864441
ee63f9933e169c222e75369fcd5d7899,2,0.9826478362083435
38f03972a5e514965d6ebdf4de676d88,16,0.9463563561439514
e4444a42c055798261f61a08e6df46fd,0,0.977490246295929
e8e3db7152872eae26a843573efd2c76,0,0.9800732731819153
45bca953d272ea50f17f25fb7089f432,24,0.9523952603340149
d3dc255f5054e680551b14a76b7ee3ae,30,0.8973042964935303
a93013e1cc2dcb98082597cd25f17fe5,7,0.9717088341712952
4a424b4bccdf71e6c334c7e2a58c6083,2,0.7343814969062805
0ff619c8a7f20368188bd0a81dfa7dc9,5,0.9705386161804199
2fd60e74f80f9f1ae4738da373c7245c,11,0.9614571928977966
7ccd4ee849dec880782cd1f321f00a65,10,0.970966637134552
52c525aeb8bd5b0565c39b47e3886b86,2,0.9822050929069519
9acf8ee2b67c81ff76c023704e3497e2,23,0.9526172280311584
548484e9ae2c957c8bf8f85868e34d6e,17,0.9392080307006836
ffc6919a1f96946d9a345add805655d0,18,0.6399189233779907
4c9422982901df409a5656cd65cf9583,10,0.9713900685310364
2850cf3879aa1728c9468151ef568ad3,4,0.8318850994110107
b50678e338bc1d2468461d620d63e495,5,0.9704678058624268
eccbdfb3aa59690cf02e50b0d914df4e,2,0.9826635718345642
33e4cffda4dd3fe1f89dc29c40db4f8e,10,0.9612088203430176
c152e02024e6b3a7ea46f7b88b6c24eb,18,0.9336609244346619
a4a141d9245201475eece8c0b5308d9b,30,0.9015422463417053
6f9a555f1dbc1b4ccd1b9db5cc3060d5,29,0.806541383266449
7f50ba6d6d42c360c73e7a7932b627b7,2,0.982720673084259
2bc3609bef05c20130b99d4e3f163fac,0,0.9807033538818359
3f75f106d19ba623e0171b91ab2fff44,5,0.9704713821411133
1ea81c2a898b61c81b8b9cbd2ec63bd2,13,0.9618972539901733
dadf6209f82181906218f0a5bc53abe1,1,0.9641034007072449
265f77f18a262b32deac60ab9a9faed0,5,0.9697450399398804
67a59e879000b12318466b62ef4c5734,16,0.9442833065986633
cd7f9a575d2024b801dc2bf8e5ff16d9,24,0.9531705379486084
4dc179a46b2cece880ab9f415d06ece5,6,0.9599054455757141
0ef30e7265480f1583ab84305daa23c0,1,0.9652219414710999
27d44c2b739e77205ef819fd9004d554,11,0.9604465365409851
df4959c913a8810477654aafddf7a63b,15,0.9527628421783447
f40849a3507da8939508cf448f37b62f,13,0.9602885246276855
d65226fbec809a69ab99abc8c2070eb5,0,0.9805998206138611
d29d1bb685bf074f02bd8ac04086c446,20,0.9589677453041077
bb8596bbff671e412bce5494ff38e0d4,2,0.9824035167694092
1b219a39bc31defa5afaac71f33bd89f,1,0.9547358751296997
fa0ce252266f69f2a7196d8790856baf,26,0.9270449280738831
4d98c35f7a99185f7c92ce8ceea87b91,1,0.9648264050483704
a18547d54e9281e6ccafb4cb7bb85973,10,0.9704042673110962
4222244b9f3924a73e1acb49dbb91cdc,23,0.9520706534385681
24b8aa8739c083f6948e58283701930c,34,0.9252048134803772
238802c80744315d614a9e369f953b85,6,0.9604465365409851
1f4142ba3712344e4321f61e0c02e29c,0,0.9775240421295166
9234b1bc3a4524f6f3ca8f9ff12dfafe,6,0.9600775241851807
78691cd03c57983ae0060bb1f10c6599,10,0.9702507853507996
cbfa0416a74e9f045ccd0d7381910603,4,0.9467005133628845
ca2726b07ca0fa2f07c1487e38cab74d,12,0.33369171619415283
aea5431824ec254ffee8cd4d7f852992,2,0.9826667308807373
7a2b83a29d643727cbc01de9f49ce4de,2,0.9823034405708313
4c9250528f004fc85e340c6158420fc1,15,0.9418607354164124
bc852f7060d6245558bf8d3fbdecd1dd,5,0.9702311754226685
b73a5b413bede313a39712b20add38bc,13,0.9625526666641235
5cf8e30d175e2b94f65b608fceb02413,6,0.9527010321617126
9fe088c76a65f3136836420a1d03b7ce,5,0.9705690741539001
5311909fa0b6627ae859ccbf871a5782,11,0.9604779481887817
7ef8cef57f5ec8eb1522773ca5a72526,10,0.9713864922523499
065ead849fa3ee6fb07620b46a5cf6db,28,0.8960133790969849
5c97442cf6a1d26fecb24eeb48983d5c,11,0.37866806983947754
7995ee7ae4ef88beca6ab96f88bae031,2,0.9708225727081299
64317c52c3b1d2aebb4924a33b04bc99,10,0.9713799357414246
5e80a139714729f91e4f6d6abb8dabb9,0,0.9765441417694092
ca87c92d62ea7fa4cabfb4da5a83f59c,19,0.9166203737258911
ff0569fb4f0bc277eb3edc085978ab6b,2,0.9209799766540527
c61c0c8a02bba664f30d1ec7a1a37de5,0,0.9804893732070923
8f84b0c92d97cc3465b8b2c239bf2674,33,0.8434550166130066
88766648e0c1aebbdb77eb0dd641fcb6,11,0.9609187245368958
9d51c80d3a9030fd2c63f95c91db0e7d,18,0.9332278966903687
49504535c901c76499e4cf4445c91c8a,12,0.9243125915527344
015779b8ae268ca515030901c3e05344,8,0.9616076350212097
d17bde88f59a6615918825cba0676ae0,10,0.9712696075439453
a796244d88367e25b5b8154cce12cbbc,24,0.9146626591682434
e56b406a41fabd634b8deaa9904bdff1,5,0.9697391390800476
7dec30e2931a4d2ab9d8ed3423ee2188,1,0.9623028039932251
abe61080f5375641ed38f91d65fb3c38,10,0.9714098572731018
9f5626c9b12a48fac430414be94474f3,6,0.9604967832565308
a99a746516b76ca8c949b91ccc32573f,2,0.7167087197303772
b8d7a258d8bf42e72f8afc84ea0f5a2b,10,0.9708718061447144
4afae8c9f91cf61bb79a4b609178f0aa,2,0.9826931953430176
7f39fb94acaf50b91d43d1b15a37868f,17,0.9390481114387512
a8fdbabdec5f800400d9827c2d7374e8,9,0.9398700594902039
75f3d1793234a8b529d57792c1dd58b7,15,0.935439944267273
f01f17c4a28171b6b05a79a73531afc9,10,0.9714710712432861
91ae6e9fb6571cb5638dbe3f389a9f39,2,0.9822468161582947
b995394acfbdf41b91214c09fc1f7fdf,0,0.9801186323165894
1f8502e3c7ee3ab1296c7e699ac411cf,20,0.9608931541442871
a3a4d324fab6151c49e3ce41617bc4f9,10,0.9704214334487915
222cafc523163158b080f6c3c5bf5f0f,10,0.9714542031288147
4d6067859b9412a1bb10b2271ca41357,13,0.9611366987228394
76da8d5c3b88c1183568ede7c720b9b3,4,0.7329618334770203
8c6dc55eaba1ef2aa3036b1f46438340,26,0.9269763827323914
59f739cf8ed290a6b81ed4b1e5357939,29,0.8943367004394531
80b50b7eab5c77a034461f708ecfc4d5,0,0.9798694849014282
6ba69f146286f4ed1284d88200d4cd48,0,0.97999107837677
96265ecab097637d8a016617d3ea6ea1,0,0.980550229549408
f9211e76352b19f31377160b8bb27e96,10,0.9714969396591187
a4c878fcdc19bff5d439911ca8c6bd83,10,0.9714899659156799
31d49c756431068ca56880873e08ce05,6,0.9599536657333374
4dbf0ad0ec8a112dc7f7a3a2f27c616b,10,0.9715201258659363
b561249b9563feac9fa08c1df8786b15,2,0.9823524355888367
0dd68dd7b83a9bcca60f1ef851d52476,3,0.9323078989982605
dd64e4f941b00df0fe5535cfad98fba3,10,0.9710408449172974
8d48b87e88715828f08e2b644a5cffac,10,0.9714599251747131
a731ed1ef77a468c967315d4e270129f,29,0.893632709980011
90b5a16c171341df251dd3054178a367,2,0.9825483560562134
77042066c1eb97efc8644c194c1ad43b,2,0.9826861619949341
86bdb3293adc43fcbaed42137d39731c,0,0.9804109930992126
0b7100bda70654a8e6a8e1ec28997642,20,0.9560624957084656
5bade2ac4fd1e12d68313a7e5f79e017,28,0.8692477941513062
7073b4f5f5f38e661d1a027958c7d39f,2,0.9815465807914734
ef6560d26d990041cfb79f21450a098f,13,0.9623343348503113
556ce86ffe7433c5b3523244a7f608c6,10,0.9713296890258789
edb13b01a704c242375a03b16e22c1f8,3,0.9305114150047302
296ffed069da821e7628428ff036052c,20,0.9606464505195618
b4535b71c6f8e06bb63f39c8a97afada,17,0.9373401999473572
3f22d5b2e223b86883d4aaf7ce6948b4,16,0.9461607336997986
2ff8a9f67279162034365e8292ffb938,8,0.9613641500473022
111da3f3a7bb6d61e7b251b70c2219f1,11,0.9609658122062683
edac5f1a38de2c06498c1d4f3c4f916b,2,0.9827498197555542
74befb1a56b2095a10286965b9542bfd,10,0.9713183045387268
22abd7c09c83e7e2018b7c39ab752102,0,0.9804659485816956
b04a1a16f68f247255a96b91316420fc,26,0.9250670671463013
d7bbc126c21be1a94148ed307e033e45,6,0.9603824019432068
40edc84dfce94c7a59ff72285d2c229d,0,0.9800215363502502
7e01db7d8eb4261701ad4ceb07f27257,2,0.9824892282485962
68b0a5ea6e4fa049638afc651731b212,5,0.9701898694038391
d419af3e23bf28ea1f0a32b72527b73d,2,0.9810326099395752
4ecf451178c6d5be9aa0f405b42594e1,2,0.9826634526252747
8414974af7bd3c6ffe8eb070e3c21072,0,0.9801948070526123
3015673cb31d15d27015e4d448834030,20,0.9559780359268188
2f461156f0dcd3d7696d079964d7f21b,7,0.9715326428413391
6022f7bf15af866d8975702235ee1fda,1,0.9580683708190918
d7fdef62945c4812c7534b0c6a951bdc,7,0.968538761138916
65055c2307aabd0aba109787f4100598,7,0.9712453484535217
1bf78eba7f1f7e8d719e4f166a48a95e,15,0.9466934204101562
b0e89d92d65038c63b87ac88cb7a830b,7,0.971322238445282
516d2719d8e161b9feba14d17871bf3a,10,0.9712068438529968
aea666d45f15b9a60fe9247b68d55565,17,0.934109091758728
da69c4d53dda17206438a6d19b2c5dd1,11,0.9612515568733215
77f552cbbee0f32e318b318461510f28,7,0.971649169921875
492fe385163cc9d989b2a351e1eaebe2,15,0.9532139897346497
897bbaf68dc33bf2b2969b0f2a5926e0,8,0.9613440036773682
6a7534c3ce9ad080848c9a9831b2a8dd,13,0.962550699710846
8a56b994329e635c756df8a35a9892dc,2,0.9827828407287598
2b65ea729c51a63fafdca4dc7ace58e3,1,0.9655483961105347
00aeb8ac86fb3a7be1287e41a2008849,31,0.8781160116195679
ba6485352b7b6b91aa26d8e769b56af8,20,0.9589881896972656
779335a6ee231ab2b0417f12969b7cc1,0,0.8380820751190186
d96b69be5c0e635a95af9ed7abe8a693,1,0.9037124514579773
42603f7147ad806d273a80a9a0a6af85,9,0.9375491142272949
1d20fe9761656ba54987c08b817d2cf1,2,0.9827971458435059
b9c0f7d0f1a39a34811a44b98891b8f5,2,0.9824504256248474
a6b6c6c3968bb695d28808225fb31d7a,20,0.9606643915176392
ccc11f07a8cd6e8d0fd3eee41035a22b,0,0.9805880188941956
ed2bf3ad35324046c530ed7499aed9db,0,0.9806759357452393
c7beb1be6a800fef68c5ad612b3f8f78,0,0.976251482963562
5388795ea8b3494bd73da8dacf95fe64,5,0.9634504318237305
66b343ea94349820dcb394b616dade99,0,0.9797080159187317
00b57503b60eab4b07d8f90df4cf62da,2,0.9807918667793274
d6b93ea79c674f751882324a3835c86d,11,0.9610736966133118
4e1d41c181fedda027e9979dee95cb65,1,0.9591476917266846
a7be5d7d920d55beb4251b4bd99ea955,10,0.9709852933883667
d4dc1df1fe60a37558b5df25d330ad47,0,0.980556070804596
dafdac3fbcda300d77ed8236a9f5eed9,2,0.9827369451522827
d37902466968efd28b4a543a8ff01862,7,0.9717085957527161
df090a6e520743f399c3a012caf66b4e,0,0.9804067015647888
1a93127997419ec78f70ad63acf25a4e,2,0.9824724197387695
20f82e322c129825529bf6b37378ccf6,7,0.9717075824737549
8830875fad605ec714192b9bd87663b9,0,0.9805280566215515
350a758aac0b345c657ba00f32384eb7,2,0.9826200604438782
03067d8c7141410a4e4c827b11150603,2,0.9823609590530396
e436417552aaee8127e55aac5b65f5d9,2,0.9819621443748474
dc4a0a4c2f785621a69f414c78237f5c,20,0.960387110710144
bdd83f73399cd10c7e5359c035b892e5,5,0.9704016447067261
e9eec2e87ee8cdf53b3eff58b9b65f05,11,0.9608184695243835
9cde7f055e191668c975ad8763ebcad5,2,0.9827306866645813
8fdfd3091d0d2989cfaa2449cd4b7261,27,0.888644814491272
e80e4cde4d95f07c5f47ae25f690932a,4,0.8942693471908569
d5bdb417aed6d499eb868ba634e237f0,9,0.8310744762420654
d73cc60ac76516be052d598b4e494885,13,0.9599581956863403
6b3afca3a4f5133d968a1b1d06c0f6bf,10,0.9713526368141174
185066a6837f1c888172f8e9d8b1633e,13,0.9624223709106445
751ad41ce5ee0c12ca34b2600c505f88,6,0.9601934552192688
af7dea5ab4e5f962f865f57390d85185,26,0.9119306206703186
44c044ddc28305dc5e82deaa586fd003,19,0.9147023558616638
88560e3c98affae39cb91a0c0122ad39,26,0.9244584441184998
17bf647e8d43ca109d80ebf608f930b7,13,0.9580880403518677
b8d6fab692dd23495517465ba9099c32,7,0.9718480110168457
e1f35985525c431dbb2d4339bbebe454,17,0.9382002353668213
2ea38b932ad2c7708507b2e7ac3719b5,11,0.9610245227813721
df6a40151887aa2feeb58de30be25288,5,0.9702554941177368
1c72f6420d87671c81dc4e12ebdf6162,21,0.9362064003944397
e94e1babcdf9a795c820d1a606f1f8e7,6,0.9604348540306091
6ce722595db26d8fa69e352a0ba940e6,10,0.9710758924484253
9ed9177cb355dba0f7dfbf538c06c4f8,0,0.9806726574897766
c038d863d84e4cc6999589bf9c69ca2c,35,0.8711709380149841
b7155ad6d10230579b6d17d88dc024d8,23,0.9518874287605286
5a40e6d9b30dccdc022cd3c755c740fe,2,0.9459637403488159
a8854e4d853119c89fb99736ea9f2c3f,0,0.9803803563117981
5042bab8a987c4be6e31288633f83e1f,1,0.9642150402069092
d3aca984058e3ac3a4194616fdc7e329,3,0.9267938137054443
2aa9c11a8d2b29ada0da3819d16cb748,0,0.9800540804862976
8b9d2d078d027d57647e41e20c713149,17,0.9400479197502136
7273f35a020ee8c7d771ada83ad61afa,2,0.6926720142364502
5c1552043c4b182e00f1c51a13d4198c,9,0.9397296905517578
85c432d7e4f9fe5d677e3cabdcbeeb1f,20,0.9608780741691589
1f65e70878895db3db7e30e9472f463d,10,0.9392588138580322
9ba479f8c82f367b79af0139f2db05f7,10,0.969626247882843
a8399711100f455467abb45c357d9270,7,0.971660315990448
849d469d7799c7789947b23fb8429286,2,0.9796664118766785
3d2abf377dc45b3c8f6258fe04a3f693,17,0.9378636479377747
12320aa45ce1e6326044758cfd1592f2,0,0.980645477771759
71ac0bf5ecb3ab941430dfbb846f927b,30,0.9035177826881409
ddfd7297e7a11b5ad371afadb5b18ad6,31,0.8722842931747437
4ab9e511ca9fa594c371b7f56e6c1d70,10,0.9709729552268982
065ad22b06c72c7ec52abe3a1a28311e,10,0.9714425206184387
c6621c750c88ea1c9487572dfd8eeaec,2,0.9826185703277588
cb5d6fc6ce71c87b52dee2afec825682,33,0.8203709721565247
bf3bac11c57f90d737402a8503123d96,8,0.9613206386566162
ce5016268cf2390729df80006aae0eca,5,0.9702619314193726
938e088856e92339d32d1146698548d7,0,0.9670767188072205
d9224465577e31018ee4c4f38a1db125,5,0.9704775214195251
e6b293fa34ad299c2baf6bcb00d015be,10,0.9715004563331604
93479efae30064464c0cfe4ccbf039ae,24,0.9537461996078491
b1ffbb8f21dc3c5ab2c1fbaf6502a8b7,7,0.5250585675239563
3a5dc7d00fe68f39eab8ae3d24b45130,24,0.9524728059768677
5efa87343ad5d7dd8eab846cdfc2cfb0,14,0.8889082074165344
462fee669796a16c6f8ea5738922e35e,7,0.9692426323890686
242570db0bd384cad480b3a8d3607f20,2,0.9813714623451233
efbaadf88f37f9af6d648ba07dec0f9f,11,0.9613049030303955
6c24768d22ac75487fbca58327ba7d3f,0,0.9786832332611084
3b6a86a6051ede6df3a09a6e3a2cf89f,13,0.3550250828266144
2a3f7e0b447135a68bde44f4b5df19ce,0,0.9791725277900696
88b5e50c03eaae4637c78291a5f7e6cf,24,0.9526633024215698
fccc7a6a11306a953d8d3b18aec4067d,14,0.7589542865753174
df8f8e017e2c35c10901667621db249f,0,0.9805504083633423
d1262c004f4b1ab6494b53b9d851ce32,2,0.9820797443389893
c04fb1d44564f3876c41cc5392730c53,8,0.9122945666313171
0ddd6e1c24c19eab5c78bf1b752328cc,2,0.9825400710105896
7c957a148f69a90b82604fd300005a4d,10,0.971233069896698
9515f8df0d93dc84fc4e4018d6715d09,7,0.9718279242515564
a680a578c6f554f4b5bf6c993960fdc7,34,0.920997142791748
a5a1639e3ac6378dc3419ffb7400a722,13,0.9625746607780457
e82d49c5655cabba34e8974fb2070083,8,0.9615832567214966
ecfa11fff9948be59bd11b4f685b428e,17,0.9296151399612427
7dbcf457fd55adb29a6637d818316cbf,0,0.9770207405090332
aeab89cf8771d1ae8ae7f1e3fba00455,0,0.9803762435913086
c61a5dc724efe41aa19eb19962eb38ce,10,0.9712858200073242
0db91deb14261d73d64372f8bb309f26,11,0.9598535895347595
ffc48eca952cf80dadb4c124d1cd3fa7,4,0.9519155025482178
6cea406074640b91cbb2107c476913d7,27,0.8898629546165466
1642b4ef24cc7dfa20f05cd01554700a,0,0.9803003072738647
e30b6a80a7cdeafb3cf8090982d8ef3d,11,0.9612671136856079
6f36e2e7d3afe5e66ee2519bbf3a2234,2,0.4453841745853424
24c26ee732ec53c5da55edb59d5f93f2,8,0.9616274237632751
78fa208a03c833e2535f9228e8d907da,21,0.9308947324752808
04c510f50b3d2768a69284ee0899260e,6,0.9598417282104492
c18f81475d8cb3a81aade8af76f2e628,8,0.9592339396476746
f4ee35406adca93c12afafbdb0e686a9,4,0.6720989346504211
d78944db81fc9fb65936ad63cfe01cc6,4,0.9510608911514282
a6abe417b05fd2b04bce4dd599e29f64,21,0.9171254634857178
9658f150073e7409a8c01bdb5df5858b,18,0.9338396787643433
5f9e0cd33ec83c197c2c170836de4b8e,0,0.9762496948242188
6f93cbc0ce90739a60e5824d2ca32f80,20,0.9606974124908447
374efff1b70b4da685e9fb5bf0c34822,4,0.9520434141159058
6778f19e9352dfb670739248ab07d1d6,11,0.9599681496620178
3170c1149a42fd026a00023f3757545d,30,0.9045915007591248
44aed27807a14a95a2af73289d3ceca0,4,0.5143558382987976
4021057493c579315861b3af814e2f3c,7,0.9716382622718811
25ef1b575ef6f78db3ba4656dfd89bed,10,0.9702601432800293
9719eceacd7ac4ba951804c665a0022b,6,0.9604755640029907
a376c6134bee9246bddd90329db24cf5,7,0.9718490242958069
eff834903b48a68193a1bb8da5d8689f,11,0.9601606726646423
30d3aef980d695d0f2fa81c9e2e82a69,0,0.9762453436851501
253b8b2dabd353929f60403aed3def10,2,0.9823640584945679
14b3e9c7ce53d45a4e7d66aca788a964,33,0.8573278188705444
119acd925ca9337b3c2379dbe98d34a7,2,0.9805270433425903
1a4ff28c2818e80799024c931619a4ed,16,0.9465398192405701
88d1af88196c8312b68d1dccf47b8338,2,0.9823964834213257
2ca699bd624f14313452f0de2481d37b,2,0.982729434967041
f5144a4a0fefbf711dfdd91445bb380c,4,0.9517320394515991
fe9c2c96f498addeb39af57cfd58d991,16,0.9464966058731079
0823a33dbfac0b52542495cfa2ba617d,2,0.982700765132904
1d16ba58bbfdb5cf9a91fad063e0f424,5,0.9706145524978638
76e611144e0106dffdb46690279f41fe,18,0.9130189418792725
be072a952be2a3a20088848e6d3de11c,9,0.9287047982215881
d3e676cc557a16475161313154ceb9e3,13,0.9626989364624023
052ecf8351b502ad213cfdfe95088960,8,0.8974398374557495
eb34e63b5eb77e75efd35f52275e67ad,20,0.9605510830879211
0d23ebd376748e23e5ebed650a921378,11,0.961536169052124
642a15cbef2f7559453e50eedcc1642c,5,0.9685066342353821
334113b911a662233151c887ebeb56ea,8,0.9616036415100098
0bb6a0063adf24b686e2b38ceef4200b,21,0.9363400936126709
b0bb7b10e169c06ff6a4609365512e3b,0,0.9801912307739258
eb855faac4dd9a55fd76380cbaee7d79,5,0.969906747341156
1fe3e8103c486679d326ab00175889c0,10,0.971470057964325
3c506497f0ca9dffef5a44d129f97a4c,26,0.9259943962097168
1461892ab10649d34c265acbdb9a57e7,2,0.9828401207923889
8f307465dd29027a7534aa94bac11848,4,0.9505851864814758
3657cdb28b2a97920e8608bf43865948,2,0.9813971519470215
c64c5c695f5d8afd6099ba4a6656e775,3,0.8397737741470337
d9b7781fd300afb8750ec7f76be8324d,13,0.9626049399375916
081a274eabd452d0af9723a33a28331a,19,0.9165043830871582
25a310aa39b86fe83ad22f711d8db498,15,0.5476357936859131
136b976fd26594e94ec7be981543daea,0,0.979560136795044
bb40c1d8360933f163b87a5cea91ae9e,21,0.9327177405357361
cc3cffc05d0578cfb99ec923b1c14f27,26,0.32792985439300537
1079f9103a710908b747b655e8b0a8c6,7,0.9714325070381165
8158daafb2a9adf3dc13505a9cae739f,6,0.9605294466018677
1e3f20e45da6e4da894457f4cfc34e87,13,0.9620909690856934
bdb943c9ec50f2f2c8dc2b34f9eefc0e,14,0.8982434272766113
724ac414baf4d3d46ff674f5a99fb7b8,30,0.9060794115066528
a5bdd10c47045487b9a54690635f4e68,1,0.9655451774597168
e3aa9c820e2e82a0fb3dc56b2810c08a,10,0.9711681604385376
5d002d798a177472248e9b61c2440c32,26,0.8922699093818665
5d79ae67c0875f5e0cde5b67de8f121b,2,0.98055100440979
045896f1864f0df99cfa38687de0aaba,2,0.9822982549667358
e259f31da1a5edfd7ef588066763a0e6,7,0.9715237021446228
7b6d5c8f0e7f53dabdcb38bd69aff7aa,10,0.9637284874916077
257ad7341112c7e19dc1d87fd1446f79,10,0.9714763760566711
13d80c437fc86a7896b1bca1a9141dd3,0,0.980360209941864
eaec1ec235c8a0ca3f3b8eb76afbd238,2,0.9827773571014404
58059d9176aa8882360c9f0eff2236bb,19,0.9166044592857361
b69b4e2b10314cf3fda7c9639c86522d,6,0.9596877694129944
67040e18b04e4bc350a848fe60c8913c,28,0.8936697244644165
51206af9fc6a944d6f3ce3a691dc2437,0,0.9796918034553528
382d2af2f27e41b11412ef8990221941,2,0.9823816418647766
4c63a0ef633b579d537d6bb3fbad9ec7,1,0.9649676084518433
0468a3c1c18f55a3e144cec7a2f6e89c,4,0.9517703652381897
1e88254eb3bd5704c086bf8950f8f724,0,0.9671867489814758
c2b924f22776dffda6da51485b98f6d0,9,0.9042589068412781
b871950a7ed062b6021431ef5dcd2924,2,0.9826592206954956
34db1a734825e26ca60ee56017795790,13,0.9589443206787109
5d442c39b09f8853695ec2cd3b4cedfa,15,0.8694244623184204
f8f9b8f250ee4ac272a1bb9c6e19d007,30,0.9042701721191406
b6ce3d54ce510226517cc53127b07855,10,0.9713905453681946
bfc4613e48ca10b8236be096fef52d37,0,0.9807477593421936
dfff91b27dc272d47b0f5c484cd17031,15,0.9529692530632019
17392c5a7c57b7cb7caecb9e4d5117f4,21,0.9326664209365845
380d6b26fac176977b77f8954fa5c4d7,20,0.9608137011528015
5cb5354648403c3e14b32a29e9095d5b,10,0.9710456728935242
fd389ad69d51539b58362106b75d51fe,30,0.9030901789665222
c390d2ea50015d8815ccf96d77f292f2,15,0.9528104662895203
7188e84f27320b10248a8c68078788f1,11,0.9582119584083557
987cf5fcd7791be0fafc133ff325e260,7,0.9715002179145813
c5533e997925042196cc716300cde192,11,0.9497829079627991
ec13a2e0f27fcb242498b12cb36a10e1,3,0.9277992844581604
be4e01c0a3a39d0ffb3538e40697d727,15,0.9521041512489319
720ce2e4c8cb505e86c4a306c7ec38b1,6,0.959054708480835
f002e2c5bc8f374b8bf7cb4c778c01dd,13,0.9092779159545898
e324113c0edb615a67cd1c12b0a24390,10,0.9713854789733887
f32313c74eff5d90ccdf40b1ae18561d,10,0.9715049266815186
b80faf100c50942fa1476a3ef76ed602,0,0.9805262684822083
945af8a5ab12b6418e6818f6b17cd1ee,6,0.9597748517990112
09ccdfa8689b93abffc31c7dcee3be3c,15,0.9178316593170166
38dca84592f521b667114992a1e42000,20,0.960675060749054
26d32900d38ee9ec124e34a5e2bf2295,23,0.9523943066596985
1065d6f55cc1ec84aa3caac989782abf,0,0.9807410836219788
bb76af6c9ae84599dcd95e6ff44658a1,7,0.9712821245193481
956bfa5cc74a609c6f3c662a101d7d86,1,0.965548574924469
1200002b0577e9c63c42423ce7f4c0de,14,0.8745818734169006
9e7a6870160bd3b979a6b4393e2ad90f,4,0.9455786347389221
b0b70000298ed79daf48b8258ab98a80,4,0.9527201056480408
0eb347c2b71e7f8c2cd02143e9be92cd,2,0.42494603991508484
343e8620d855c25527a8ac74ce5c363e,2,0.6883895993232727
1eb186bdd505ba6eb3d8f414eaa20a20,2,0.9822747707366943
49065576db5fe8cf3a00d224ef785abc,2,0.9821661114692688
16f06afd90acdaf8d0a525be41461628,11,0.9610581994056702
9a92dbf329b7112117136c8eca903597,28,0.4507107734680176
366190af77fbddb332e868298e6ed15e,2,0.9827910661697388
4acc9a68e5d42939d814330be1b8aabd,5,0.9682003855705261
f73ff05d40e22f5090a1570ed745b5b1,2,0.9827530384063721
659d372be50997a2666ccd764127443b,5,0.970470130443573
62771d92d92300de2f52115baa919c00,6,0.9551228284835815
c1db75c629612a0ed283632c3039dcfe,2,0.9809365272521973
37584fe83af528178a14fa6b86d861e9,10,0.9706172347068787
e5a4b758bae945beea5321ab6d649887,7,0.9714930057525635
a29b7f0f1197b401cccfaed3db72b0d4,6,0.9518130421638489
2f2153d431642b5a65343762a58f198f,0,0.8173173069953918
9caecf474e219c201aba9e61b0960952,18,0.9339395761489868
4d727cba96766ced5263879d380898d0,9,0.9330896139144897
478d43a1f0a613ca766adce02f41ae26,10,0.971478283405304
4c9b5119d95286a4419e5c044ebee139,3,0.9328643083572388
b37a8071384e9a8bbab764add16be757,7,0.9718407988548279
6fe9b6f385ddd7de082417b91ec5cbc3,0,0.9801521897315979
a7d9b79010982ee028e79e5828054a10,11,0.9609821438789368
430f6a58226c55f4908da1c23c10dbd4,2,0.9828113317489624
456e92a947104508877ed78c7fbf9a86,4,0.952547550201416
e8766635ce9d25d1c25f4989cfccda57,8,0.9615905284881592
50af14ea4976ef4377b7871f98fe73d5,0,0.9680570960044861
bb0e4d813c880f71227d56dce8bcce76,1,0.9653915762901306
9441e8933a74c6f392e1052a8e8f414b,29,0.8945997357368469
df5cde7e80588a52a58c579211956eaa,7,0.9718201756477356
be27b7ba7c77df2f11ca1a033716222d,2,0.980579674243927
1c7ac4cf831f28e9a21722c9e74f062a,5,0.970425546169281
10a01cb850b8d3f0f6aeb344d0f01670,0,0.9797282814979553
becc7834ff066ad0ba10c29f57220669,16,0.9471076130867004
ba9c7e20e408c877e3b99d6b9a8beab7,5,0.9699123501777649
e26f6839a96367c50bdcd315de616482,10,0.9714291095733643
86f19398230387a336616f79628fdd99,10,0.9682867527008057
d78586d4635ae84460aeea8595299564,1,0.9655252695083618
a49a2f154589a97a0bd8e49f48fe6e74,3,0.9318497180938721
81bc52b5086b59b4e7bbd6a71266c1dc,18,0.9291105270385742
8a94968ec2d59d4fc2ab627dcd1a2154,6,0.9037708640098572
7d698ba0915870bd1c3c4f33c80170c7,22,0.8428558707237244
6f5fbb741a87f6f94bc4dfdd350ac61c,7,0.9718400835990906
a1cee968791645a5237bb4c4251426af,26,0.9268726110458374
5f08b188bd80f56aa5373ada4ee3f525,10,0.9713494777679443
abfcc32903f2c8abb248fc1fb483f5ab,5,0.9696568250656128
9e5a49332b77f0b3eb8b613ac46d614d,20,0.960593581199646
0237a46912e044620714e5c951e03723,23,0.9516253471374512
0d54ba1b426e7fe0c4fea45d63eb8f31,11,0.9611861705780029
9d76b402a2ce06b41594a6431218227d,10,0.9713709354400635
f8c9088f948e4ed2398d21bcfe8cfcc0,34,0.9248353242874146
ff40f4aa0e6ab8756882153c92d77f43,7,0.618524432182312
b56c1868c5ae3ee2985b707c485bae9b,10,0.9714116454124451
a1910f0d75e99802aba4761c61381728,2,0.9828344583511353
75d42ead49e2b3e29af13ba077490bdd,14,0.8976197838783264
895e3cf30eadb16d31b99af525368f70,15,0.9531376957893372
c918fb7ea530784ef76ea459c16bf66d,2,0.8844202756881714
d3b660739b8856f4715b3ab774aefc27,34,0.9229825139045715
bba527066d7af091ab73d78a97eb279a,5,0.9702330827713013
24bcd380764d7f7436a4389aa1df074d,19,0.9168615937232971
0d975df1e7e9acf3a2e1caac61e0c0f1,11,0.953187882900238
931dcc725257ae5551780e82ae2f01a4,8,0.9605734348297119
3a85c9ef9164b309e1eb9189c3f9a99a,23,0.9523009061813354
9b1c9d109e1f319c1fef048a55c374e3,1,0.9649659395217896
26ae788899547b194bf8a78780926da6,2,0.9826195240020752
39604d856be3574b7d0c5e0a54199d99,1,0.9653569459915161
468e57fa6a46bec9dca9ce9af8ce3726,2,0.9827898740768433
2008de548d7f562d2d645f2ee375c923,23,0.952494204044342
5b1c65597cc16864a1b4686ee8cc5399,27,0.8883505463600159
b61bce3873c03bb5d85e3489d73375f0,0,0.980535089969635
e40c7ff756c2d58950670deaba90cfdf,10,0.9708996415138245
e5628658c7e711b848cd75e1763bf50a,13,0.9626609086990356
fdb26a665e9c6b6c8694fd5691a4480b,10,0.970177412033081
30ddfbfbffa2282d678d0d30573c04c1,0,0.9804912805557251
fc37d14ce1c031479ade39d05dd915fa,0,0.9803298711776733
9b52ddceab94d5a3f6f0f34c1a1a9892,0,0.9369388818740845
982e318382d14d992266585c94480e57,1,0.9651606678962708
283dcc269593560d038c80b8f21da310,0,0.9750672578811646
b72ba0d0053f6f7747a2466b550d4c67,11,0.9611464142799377
7e68890c75e4a0a27d5b54d72fc1da0c,0,0.9804176092147827
46249a3f2d5aae515ac8450fd4ba43f5,2,0.9823721051216125
2f207701195403991559c5b46c7adc7d,29,0.7851120829582214
e8d064f8e32c781dfc3251850e1ba381,11,0.92281574010849
5e009aa75677336498a074cba00fc281,2,0.9827486872673035
87f0ad1ce4e75ccd4b57ec52f3a5b306,3,0.9327364563941956
ecc0deed9a2cf01dbdb2ee67f6e74f16,0,0.9798714518547058
709289fcae227e05a587cb49ff9a18ce,15,0.9466781616210938
ba9657a2e85215a913027663f176efd3,2,0.9822939038276672
0d9617c4b121a9294385ff3da3b492e2,4,0.9393941164016724
1c9a5351c126ee3402b84a96d250741a,11,0.9611765742301941
b2bad68f85ac30ba226d6e5935b90741,2,0.9826489686965942
84967917727e8e8303e880ea95a6413b,2,0.9827812314033508
b265c83ab3531a32ff30507f71206d48,11,0.9606828689575195
262e6fb4a286a2adf6f462222f5b380c,17,0.938387930393219
f351762030d9fc0749764b913a74f0c1,3,0.9254570007324219
5bbc68eb332c23790f38767110ae3209,11,0.9606356024742126
b7b437e052d7551fa4ee48bd17e6d255,8,0.9615562558174133
aac6a38a3dc88c774d03154b47eb364f,11,0.9232816100120544
dd0a921329d6c4cb9d0091bd010878df,20,0.9607055187225342
9bc6da67d6d7d5caa2691a4b27606f7c,11,0.9516633749008179
3148a63805fbaf569b2ca91f56da6293,20,0.960747241973877
97b9705740661503d7a1d145d3b7b134,1,0.9655113816261292
6af759e7dc04bdd7bd276a3fe7d38473,2,0.9825798273086548
0ea8d560f7d7374c367e75d7df7ebeb0,0,0.9803518652915955
0c070ec4f1b5a8af7ad5d116f154adfb,29,0.891556441783905
2167831f9611ea42eb714bd1e0175910,24,0.9515184760093689
52c94e7b06e269a8e7bbda6bbd744aa9,28,0.8953820466995239
60debfccdbcd6e963072ab07e6e86ea3,0,0.9807689189910889
bcbfdf1aa3ec97f649e0e16224e91fe1,27,0.8463091850280762
1cc75dba1b7d9dac64f1060d7516ce31,15,0.9061172604560852
bc9ab8c9205135e096005d1cf00a288d,0,0.9803046584129333
a9dd823c67948b5969b8e75449649606,11,0.954724133014679
4bc6eaa76c1977ce5d9caa979d1e926a,11,0.9609850645065308
94379d9cdba2e91bf689af64561e7d2e,13,0.9624000787734985
fb7592a4e7319239d00ed213f6f23493,19,0.9163897633552551
418898a0cc78d105a16573c97b6daf3b,0,0.980621874332428
3d7efe6e4b86a3ddfbcffc65c66011b4,10,0.9711205363273621
a02dcec1f70445b82e5a1e5aa79ffd84,20,0.9606663584709167
8bed362ec93fccefb57eb5b63e8bb3f5,6,0.959821879863739
5d9beedaebab3e13388d6aadf0fb5abd,2,0.98269122838974
9d68ab9dac4ef34b4579100076e16735,21,0.9313347935676575
91563a3360c9e020b4a7801a4e2ed13a,6,0.9601278305053711
4ce13de27600ff4b5e513b62f669a0ed,10,0.9713405966758728
56b456430f6ed273e4e506660f72a098,8,0.9615814685821533
e77475d9c5d11143122d9cf18b22c8fe,10,0.971558690071106
d97e8c7643a00e3fde4d203e94e9c4e1,10,0.97150057554245
62408d40b65c38337eb16fe37e91a885,13,0.8635913133621216
bf2df1406821a4de062a823380501150,4,0.9264460802078247
7d3f010cf4542bcf04ccadb456fae34a,13,0.9622721076011658
e6535deba89ebdf8ed4e629f48c727dd,2,0.9823552966117859
5f2425b12a82265435b26b995b970b9b,10,0.9714810848236084
9351c781106f562b442b4cc0b6307874,28,0.8936058878898621
1c58e3cce41ffcc7d89f17bd4267db96,23,0.9523841142654419
3ecdab85004548c4fdbbb7ec0d862ec8,34,0.9263752102851868
7fa86791fa50bfdd091eb321730e3e20,20,0.9545590877532959
a906f0baffa2314b87ba6970dcff8c4d,0,0.980540931224823
17ea4c862b4e4e9e09d753c0dda9a45e,7,0.971789538860321
774ae49ef38abdf2c286d496083d3cd6,18,0.9315168261528015
b040a807def645d5c6482882d1fa2de0,2,0.9828628897666931
675c56b4c78727d1f79e40475e6b5c56,6,0.9603959321975708
01253d513185bac86c9738746a49012e,5,0.9704356789588928
6b77304399cc86bdd00ed12328a5362c,25,0.9106994867324829
9bb256699a275cdccfdc3ae2fc6a6564,26,0.9209032654762268
8a376295cc8d0519207c30c00c1a4359,0,0.9804118871688843
0e0bdc21f721aa6f7bb45501326abe5d,2,0.9827379584312439
b6baf0b51a18126a872c18c4fb2aa8a2,11,0.9576831459999084
c3ccccee8d342b9ce6691b57f9707d03,2,0.9827576279640198
1da522bac7ed75a7aa1976865684881c,18,0.9302741885185242
5a5f81a04763182e59459233116a75e9,10,0.9712673425674438
b0b8e3814514ddc284dc3b95fe3d9b9d,20,0.9607341289520264
a915e2b2b692aa897ae4477b3151adec,10,0.9712056517601013
945620a85747bfec5a16bd36725e6c28,5,0.9704235196113586
c9bb36b3eb98171dec003d788cc0da8f,6,0.9605872631072998
d4afeebf2f823e8cc48597687265bdb9,15,0.3641411066055298
63cf6739f3b4b24ac3cb1885726150d5,2,0.9823518395423889
4ef0756c851d7b1e78b906f4bcb8808f,0,0.955966591835022
a316a6a0c82cb76cbad0f7e96046fc4a,8,0.9478694796562195
5eda95235279f203fcdf703ced8ccf25,10,0.9714829921722412
ef916cec9e9aa133bce5891c9b5c536e,2,0.927635133266449
8c0ffd6267bf7f01242da6499d18515f,0,0.9802846908569336
f44e2219c5ab2ac5a4b88a68ad59ab14,34,0.926734209060669
d64854bee5cc625e636ca03c6f3e3db0,15,0.9515138268470764
d4e4f366b5f831a5c0e4715af2757bd4,10,0.9713189005851746
cb29c5fe038111989fbaf67f5775fc0e,10,0.971381664276123
1ea11d7414ee1dc7189c76ee9ef9e2d4,0,0.9804317355155945
38a6617a246d40254028edf15f7c3462,0,0.9805160760879517
2d4ef0e0b2a9d2e579913529a8d11dca,1,0.9655778408050537
c9084dfd5f9dee7f133ba494d547bcf6,2,0.9458608627319336
1d1aa7a26d840d2eea159dcde35290d4,5,0.9704444408416748
b36f614490193ba8b9e32e7ba0081bd4,2,0.982610285282135
505e28b2d448d52dd74742b77ba19709,17,0.9396157264709473
e6f992039bddcfca540fa2ca206e240c,2,0.9826953411102295
abcf7869f022886c9f0b8c9c5dee42fe,4,0.687768816947937
9ea7a8a3d7ac0296d79c73f78978cae7,20,0.9607337117195129
1fd2fbd38440c02d4bf31e3c61cf37b8,10,0.9030019044876099
6362dd8cdab32ac609caa58dce751adf,11,0.9613102674484253
4cbe4bebb1cd51f6a51184fcb05c063e,0,0.98065185546875
799b4c15839bf0eb737378dc4a2b4499,4,0.2814757525920868
36615af0b8b813abb954f1c8a2f79c92,0,0.9805400967597961
9e89a26f03dee472b24a8a2cb7d1320f,10,0.9613932371139526
07300c59fca24bfb3b3837205f1227a9,14,0.889840304851532
a8d7116218153f9d66262c20dc56f575,29,0.8908430933952332
c3e962e1ac14152faa20b53c7b8f3430,10,0.9714491367340088
d444ede1186dd724fd9fbddc71d1fc90,20,0.9607024788856506
96759109dadabab5138327b5fdd820af,16,0.9447609186172485
64098f353c4cc284367767922de69883,21,0.935795783996582
677e676d680a334c7310401416bb55c8,5,0.9701282978057861
a6ed4baa40dbef67bd4c813f0f2c8989,13,0.9529818892478943
e496b928dfc988862626873ba9a75cae,2,0.9828466773033142
3d61a1be496b850a57493e57339f4ef8,31,0.6717425584793091
72c64378651d4316bbe092a1a546141b,2,0.9826867580413818
5c4ebfb147ddfbddeaf723c8c43fbf01,3,0.9258590340614319
f5f71804e9bf5c7cf77e67e79f8e5138,10,0.9665424227714539
88dde399601d76b3b7e8b6d982ce790c,30,0.897299587726593
cb08a3b36eafe1598ce47bdc494df389,0,0.6016870737075806
1ca7681c303639561d98065dffbed3eb,0,0.43447762727737427
99d4c55805b1e933cb7f4673d3a35565,10,0.9714691638946533
6e42787cdf08f36a0017ed483795f4c8,2,0.9824657440185547
214182837dedd829c8f622427f129374,5,0.9704493880271912
bdaf21ee9981cf69d822df9b9e88111c,6,0.9605538249015808
7c8443b03cf498505647ddcdb968bdfc,13,0.9607724547386169
5249c04ecd93cdd4dee937284ec4941c,1,0.965347170829773
7be48f57b8c8ef10f250247627ae1099,10,0.9715055227279663
190d3415dedda46d5b5a3fc2409ea7f9,2,0.9826117753982544
2e4f0a3976c9a67e353a4b1704352e3c,2,0.9828221201896667
c76d5f1fe705691198f4323c837e9307,30,0.6695694923400879
822d597d8871d866e7cc7c3111679185,1,0.9652095437049866
2b26b39932702128635a9e0087f2b714,4,0.914826512336731
82e23c14747242c840f3e5b1415e507e,0,0.9796172976493835
4c70cd6713cc89c4732dbe584b61cec3,4,0.9453033804893494
08ef1050eb79a8994e04c7d62c885f1c,8,0.9614085555076599
061ce79b94d93e6a552a475e5018e661,0,0.9763208031654358
2107e18288a023b8172f2fa1a6c569b6,13,0.9482598304748535
d1b4e2f12b71ebc33a8fd95d6a09bed2,2,0.9824078679084778
c64a5b6c48ac32ff64245dce37245b9e,0,0.9806186556816101
d81c05b2bdda663710e07e173fc01d2f,20,0.9580339789390564
1423f07460d3ca1551e362b7ab7e57e0,11,0.9086281061172485
f69395a948fdc6b1e5875f8e31a97540,1,0.9641498327255249
300150ec8ecc93be7cf542f97cb28918,3,0.9267533421516418
b62a020ff6c97adfd19a16fdffb6401c,15,0.9526671767234802
8de69d87879cfbaed3bf81f7527b77c4,27,0.8466576933860779
dddd086c72b5ab12c7b274c66ac32cd3,20,0.9607490301132202
2a212467da7b461e3daae41ec583ad89,0,0.98017817735672
6a7fb6d30980f5f9e35c846d3611aa12,2,0.98267662525177
cf85ed45f27dc5cf649a24a3b0c7ae1b,10,0.9710754156112671
7eb77412a72e62c8322c190c254a33fd,20,0.7148188352584839
71b1a1968228dce62a175d9468379c57,0,0.980552613735199
a9a05641d18e6765716046f57c00a61e,0,0.9804888963699341
b19827688527a9f2b1eb38186193c99b,34,0.8859823942184448
be216e3853b29ab9c07998ef40f3b982,11,0.9527319669723511
1c47830090519a659dd4440c23e01468,30,0.8611752986907959
c8ecd65020b1dfa2933dc93c3ffa0cdd,8,0.9615828990936279
1ae653c92ed529ccbd137ed0c5ba814c,8,0.9608455300331116
40feabe4d2bb438ce4ece74f57840066,0,0.9805928468704224
5fc92dc1c9aa1aa99ba0bc884e0786c8,27,0.8882983326911926
79c2eaa311c70e2ac2d549b90022fd59,2,0.9806862473487854
95763e11ffebb2e959c70c16c34899a8,2,0.981715202331543
0ac308b499ef38d97df4e2486effe230,8,0.9616225957870483
645f2958ac828db76d3212b58843b58d,11,0.7507106065750122
2bb972c86f47ed0f25bb3f15a8255b5c,4,0.9423906207084656
bf5d46e0474189f68c83be99d4a81ba7,16,0.9462218880653381
c2d5e5ff5b0121f5008173435982a96c,10,0.9713013172149658
cbe4ca84a48382cb7fafee66adaac1d9,24,0.9532308578491211
0ffae411bc171a77b2fb9353afa340ae,2,0.9821851849555969
2a584131a4f8e2fad9d3c4015e21fe7a,5,0.9704554080963135
e0b69b2bffd38be70026d8cff6865a57,7,0.9717109799385071
f0e0b00916fb51f47f30179bc073f5ff,26,0.9221789240837097
ade6be29a98e779788e7041cda721d48,9,0.9397862553596497
5bf95e329b713ff252bba759807bc514,2,0.9827321767807007
5ded270db5c88accff4ef9516022d98b,5,0.9052323698997498
7c448684e476f1ee926db0f6c3cb6f78,10,0.9714345932006836
7da4bbe26e0e93081bf3c668c8fdb4c8,0,0.9801227450370789
edebf0c82ecaefd2b455efe99fcbba3b,5,0.9662793278694153
f9411c81062c34d033a32076c5fb55d5,5,0.969292938709259
18d51b456a2ae004fcdca6f40a3c0de7,15,0.9522794485092163
f50ad1780c749d67ee6b133d2bbd6bdd,7,0.9715085625648499
d160f846a68d0549a7abace8abc20726,7,0.9705845713615417
8f3cf4c26b4683cdeece32eb203fe127,2,0.6684534549713135
3129622c80857f21427f5bc27898dc22,5,0.9703422784805298
49172e4935992ad9e4c4293b2b0ec283,1,0.9646262526512146
fcbddb26385cbe94db246946070deb72,11,0.5930039286613464
cad3cc0f75b12425a83adb17d0d7b972,6,0.959679365158081
79ee15be8807b50141b6f7bba7e9d28d,10,0.9712183475494385
04b2e613f670327434e68fc8029c4e9e,10,0.9711641669273376
322aaabc1fb61a3fe9f4aa96c75ef6ee,20,0.9603960514068604
c49e33cec13bbe4222f4196f78225286,8,0.9616515636444092
218e17123f4496a122b3abd320b3d4eb,20,0.9604687094688416
052ff295f2f01c99b5f442b9b2414f52,5,0.9704490303993225
071cac55a3ae7d5a8af9c25ce0631c68,11,0.9362372159957886
f99597c9c0c0cb733190eb160229e909,20,0.9607990980148315
4126c0964e84f961a2acaea329963c30,3,0.9155396223068237
d90fae902c2cef1c99499a57c6d4dd84,2,0.981464684009552
3e5fa0f32c95102c4b4c7759c8faf70b,7,0.9718153476715088
acf65bf9372c75d52a7820934dbdb823,0,0.9806175827980042
e736875269cf4a24b4fb255c8a81e2d8,13,0.944795548915863
7e17b57d3f0becad23ed0381d7f4cabe,11,0.8100895285606384
c86f15831629b64cde8439b0148db883,0,0.9797989130020142
e17fe95933f2c2e43edd594a4ddd40aa,8,0.9615792632102966
8e9f1f37f612d9f7d1cef55cc9d918d0,1,0.938157856464386
cc4b466375a0143ea1d5090ebae8f321,5,0.9699839949607849
93afa590dfc55ff7206137a61c1c79af,17,0.9389656186103821
9645cce3aaf036174a6972426ecc3e4f,3,0.8785483241081238
05b4ac205380518af54c50464eae7c82,6,0.9598002433776855
111afe537edf1cf564f2b7441b339867,29,0.894054651260376
e2392ef4bdc5e11cfae2637c0355e7dc,6,0.9602873921394348
7479cf0465ffbbfa93b87252876225e0,2,0.9819263815879822
962a194d44af7c92be6b26d7f268ade9,8,0.9615058898925781
852c6aace4dda7fc4e50eed8e875a32b,0,0.9806408882141113
99a0578649eed03b48e27c9d2e24aef6,15,0.9469452500343323
4bd25bf0634a609ef8e29b777b311a91,7,0.9717984795570374
a3ba7ab9e008eebd291867d4c5535818,31,0.8760106563568115
88cda5867cebae4b25da3c25b2411f86,2,0.982570230960846
63456fd3efc831d3cbd75c83e4b47e8b,6,0.8789434432983398
7c0b7edc8564d8c6103aada430401a0c,6,0.9596882462501526
f8d54774d4a0d0190dc8fcfe7e593034,11,0.9595187306404114
f5b6ab6a36a57436f3813948af298040,23,0.9527132511138916
bec49333bbc2a225f7a190fc3d3d89f5,7,0.9704837203025818
e0674c6e2923ab2bbf6ccf3a10ac607d,0,0.9777586460113525
e1e773dac74bb1e2612930a4f6bd645a,0,0.9805710911750793
61e6b0feb64d17a54ba85c2fdd805c36,20,0.9607755541801453
9caef4ae3de5cee2732243c30565dad5,4,0.9522632360458374
cc758e2242994c8c40b1ac82f7662e09,10,0.8215587735176086
fcb5a0281661858d72f13c4c7adf8f74,20,0.957015872001648
4d34a80a022dfa5223a740cc1dd0001c,8,0.9613596796989441
44dde93db690c4a523d61a973a899633,0,0.9802929759025574
843b21f0201fbac1fa3b306cfbdde281,20,0.9605288505554199
7076762c52c24fec59428f4ade47540d,2,0.9800018668174744
10f737fb68277340b8053b027519b3ea,11,0.9612802267074585
0fd9f343305c9e03d417c91a8174d9e1,3,0.4820455014705658
c71243d18361c63e7a52167da84ebe33,20,0.9601921439170837
057e44ab6d17c20cd306f5c1b6ae25bc,20,0.960708498954773
44d0a93ca415cb298c35b93634d96eae,10,0.969897449016571
2bc64847bd5ee3c23d10d929dec97498,9,0.8503063321113586
ad4bb6614a126bea2b4ff0c7980a338e,6,0.7229200005531311
f3b93f2d728efdcef543f0244508f63d,0,0.683971643447876
0b9d1e16b58aab6dd20a30006578d2b0,5,0.9705784916877747
e1b45a61609f11ee2c7f18e88f35b48b,17,0.9386449456214905
cc42bca295c0844ee8f51b21318a7eb6,7,0.9716121554374695
6da028dacf24232d67a9374fb2756cff,8,0.9616258144378662
12fd95e0c21dc2c123c9c56be6863a3c,10,0.9713907241821289
33bd83cc049fcf83f1163f93e99d26e1,4,0.6703528761863708
95b82409f7ef31b4c2ce818c820d9a3b,5,0.9703972935676575
62c36ae89b310fe0fef7440669b9c639,0,0.9805471301078796
52a3398c2d754b104b2e5d7db8dbb35f,0,0.9728180170059204
7def263e30842ac00719875bd26fefbb,9,0.9374600052833557
811e9f172b03924a5bededa6a273142e,2,0.9766903519630432
c1a8393a175fe2ad967acb259707e283,0,0.9806650876998901
92b67322ec52f47fd9b3211ab84630df,1,0.9582271575927734
76f2cdd9b5145222eacf984d91460a61,26,0.9121444225311279
eae6433eee9ba1ddcf2ef486ca377aa8,20,0.9608888626098633
3c9f524aab1ff1d835340ab678b88337,20,0.835949182510376
96213f79782cd2f5a0cf8ccc76325969,0,0.980597198009491
e2e04e53649c89d1bf065b9dbda07087,10,0.9714283347129822
7502f6177fab98f830d78d8e2eb8dccf,18,0.9333853125572205
ebd3efd7183f25e31c8843df69a6d9c5,7,0.9718756675720215
81ca8119ef5725746077349148686a92,0,0.980589747428894
753f9c80df92eb2714398299b13aa30f,4,0.5660889148712158
135d561968c9eb8926c41b1c5dd21d62,8,0.9555687308311462
beb1c7e0ec53244a95e508d154725af0,4,0.7674630880355835
8c003ede3285965231004f6363eed4f5,5,0.9704188108444214
c8d9cd022f95507c5ff6dca1988c66c4,13,0.9563355445861816
085419a78ebd9703f082860559d1f63a,0,0.98057621717453
cf9a76ed5901404fdcb9efe5de563ce6,5,0.9706419706344604
42a98c21b5c8bb570b20c0eb9fe7b4dc,13,0.95790696144104
bfdd7da938f78cc38b1632b42be4e559,15,0.9519411325454712
2368ef48acc4c17af435145ccfabb492,2,0.9826885461807251
bc3c12e47b71f923e463e1a539233205,5,0.9701462388038635
c8e4cc4bc18eaf858714d22977409cd9,0,0.9777896404266357
127362b0f1f113c3aaa1f6e26abecc68,11,0.9607853293418884
90a578d084067d73e18e124aa0987956,1,0.9647613763809204
87db7c10d9b45dcf5a50ebdadfdf3c0a,15,0.9535132050514221
14dc11cfaeb71cb05ba655b985105fdd,9,0.9391096234321594
cb308a6d166c689838dda7bb9fec43ba,13,0.9622664451599121
9b883401ffe91d98d1e67eb7e9363bd3,17,0.9390439987182617
c0a33abd5e71b4fd26c60497df041055,30,0.9049692749977112
89472255b9412c642464c8b6582f8d4c,5,0.970216691493988
cc86d6e7a7b85fa78975b241d93798f0,34,0.760551929473877
7c413f46d9915c1dab91f1bda6e4e684,7,0.9716387391090393
1a0827c432a68f6b55a81e7f61087d85,2,0.9794743061065674
2cf28f7b74810298f4e898becd298f64,21,0.9305167198181152
bf2eb683cb61689579770ce5cdc78cac,11,0.9599101543426514
29e4e85b397bff791e10b2c5797fc333,2,0.901868462562561
36b956cdb29ce7088a342ff9b6841c54,11,0.9614301919937134
2edfaea0dee029053b7cac6f9d3b68ae,8,0.961652934551239
1489737bbd32e10af065ce0dc0075bf6,11,0.9612558484077454
be69b8f22ee4a400a31540b0923e5836,26,0.9253835082054138
cfa85b209c7896453e85eee75b29ca4c,10,0.9715391397476196
31d67f14b95e6dc985ef73b8d7ad587c,13,0.9626473188400269
1e13f2c9f7f280d77ff13a7389683282,26,0.7610692381858826
0b3ef690bae22f0d00cf35d5efea8170,2,0.9823875427246094
ac756ba782118b2c1d5a1e150b400a7a,5,0.9703421592712402
bd9adaf69d0f0d953a7030e6d408cb5e,2,0.9553671479225159
3d06272b3a1b832a6a05ad5926456f49,11,0.9581785798072815
65e859af2cd3dd588d8942a73ce390f1,7,0.96253502368927
e4e381b92ed4289aab0b7aab630adfc9,11,0.9610394835472107
90c70d1ed71ac7b66005de815156b640,15,0.5811256170272827
dab8dbcb97f06bf02aa1bd848edcb82f,2,0.9527919292449951
0963383f0d9fc83f6014eae4c0db1fb3,0,0.9801865220069885
e322c65e5da31f99fd6871b9e9316d59,14,0.8820382356643677
ed7c4f2656ea1899ba5fcdbb9ed9fb3f,11,0.8369290232658386
e71a2a67fd27d436cca08f5422471a28,8,0.9616397023200989
70c96af348f426787330b381f79de5a9,2,0.980904757976532
c0a17da32bf7a0d9f5d15d47945b4cb4,1,0.959775447845459
61d7d8f60161f078c64eb0847dca3330,7,0.9718942642211914
2d65f412bb76f9256bc02cdb651571d3,2,0.9780473113059998
b9a21309597e47458c8f7b5200a16d05,8,0.9615456461906433
e2e2852fc98912edf1de63871181af7f,13,0.9624634385108948
0331c1ec94c04e83ebc2c10252a0125c,25,0.9146913886070251
f1053b02daf9111492537aaabdb8e0fa,16,0.9455779790878296
0c22019a1fbe2e147a275a7ed29c0fda,30,0.9059902429580688
49ac35f6ad73f0e104fc032a6e7f957e,11,0.9611147046089172
31af4743d10ce1bcb47341f4cba5b7f1,10,0.9713826775550842
8855ef161d5504261e4f3b0426e4bbc8,5,0.970514178276062
150ab9d0b73885f2e94eee7fcfe9a910,2,0.982036292552948
e078a6670e6b52d26fff796689421c48,23,0.9524000287055969
b09759c517ac8f410a2adb4e18931dea,0,0.9795439839363098
1a1eaaedd746aa8be3fbda28a8323f53,33,0.8496526479721069
bcf9b836d8f4509c4df2e91894c8a249,21,0.9323706030845642
df084a29527c2beb79f6bee14d8d44f0,10,0.9700474739074707
60634a16b7fc51ca5051bf12e56abe35,25,0.9084077477455139
3dd554192a1e2dbd869c517c61c0f7fb,13,0.9626215100288391
cbe1dfe006fc384adfe3fb395049735d,4,0.9504579901695251
468a539492f6a3a42199a448396ce6db,8,0.9615374207496643
a0c491abdcf74e7951eecadba4c90349,2,0.9827887415885925
fc2c48e973baf73cf62dabad1749afcd,2,0.9338113069534302
8943c7e1128905ad1530452a4ca7048b,10,0.9714277386665344
446cca7cb9370c08e6af6391ba889e84,0,0.9805295467376709
19985b56f8c639a234b465b38ed288f3,5,0.9705615639686584
4ffc1f1795a44850c751bb29ff1b201e,11,0.9579131007194519
1ec3b7dac6ef532a67fd7e78e94b71b3,6,0.960573673248291
9d04f61a5aeffb66d6153f4edb88db30,15,0.9454415440559387
53a5652b1ff2058c6b7e125c696a0eda,2,0.9823770523071289
9695d1d301934b5aec05386c5a07e5b7,30,0.8906550407409668
e43ae8e64573683e94f9b1f998d7f380,24,0.9537001252174377
303a960d1eff5e3fb565ce764ac412eb,18,0.9323033094406128
7f6c85ff9671e953735eb664904ab5d4,2,0.9822399616241455
08e87c0b623ffc211b7849e598d1969c,16,0.9467108845710754
5a2d720ac68198ba4c2e936f2545c5f0,5,0.9705544710159302
9cf05af341392a2ba6474822d6cf4008,20,0.9571065306663513
0bcf581ef795137274b6d9b505a57508,11,0.9612899422645569
e7df2ea16425595b4833b525b31e47be,2,0.9826434254646301
77a10c80f2f6266d8bb625220e1b9d63,25,0.8822606801986694
a47f720c5d1f12f2cc3f9c37848b51ff,13,0.9626930952072144
f9f18ec8cba24dd70355e6c3ca970b69,24,0.9530525207519531
11eaaf1a0286a1a7c4eec6021c459e61,0,0.9779660105705261
60e9d135430e504cd199fc72ba65f216,10,0.9715050458908081
db11418ace3497c51fe27f75d86a8483,2,0.8596959710121155
3bf6819ff73168a186edbc6f09fbf653,13,0.9626353979110718
1886fbc1321339afa3c52744b43efbc0,7,0.9717881083488464
ebe765266742d4d0aa6d64c63bef88ad,5,0.9536969661712646
613b4594555df3e3efbed4ad05b27615,8,0.961170494556427
e426b9d296b36e86fb262fc800b42d1e,2,0.7246729731559753
6486feda60cb00a88c182dfba05537bd,1,0.9655411243438721
3fd7fe139977c2bca241079f94281be7,24,0.9534512162208557
bde4be7b3c3ea40c25ebf626443be517,24,0.9439334273338318
37e93ffe0c7d3d17391ea54147da2846,5,0.9693146347999573
fdb6f9fad5d1bf5453634467c3a10712,2,0.9809242486953735
896ec9230a33a8eb8427d7799b8d3b26,2,0.9787561893463135
ee7fbdd46a6507b3eaa775b8da353f07,5,0.9703938961029053
89fb1355ca3b42c8fcc0883ad4888298,20,0.9607412219047546
88d6eff1c62753224e1dd23d7391d5e3,15,0.9533835053443909
6938589c9c0bf4104f965d41695655ec,28,0.8903339505195618
0d92fa0705966ebae95f5ae6df066c74,2,0.9824913144111633
f7c7e51dac98521d0ae05dd107e1aaa1,20,0.960582971572876
aa747bb4eea44740b7adcc3027e507e3,2,0.9797942042350769
8925721cd91eb84cb248a086976f609f,2,0.982495903968811
87d59c5f6f225d094b4be3375c276106,10,0.9714593887329102
634e2d698e0dd735aeb5012edce85d08,3,0.9327516555786133
dac94599a62ec2ef94a27ec5399a9352,30,0.9010927677154541
03e87e8641fbee04fbfc449f11b82d3a,0,0.9806472063064575
d6dccd915d69685d345082e15a1e6f00,1,0.9653638005256653
53aff34b6cf11f7fbf9a70e030126050,7,0.8793458938598633
14f03f2ef46dd206c5c9b4e2ed2f4c72,33,0.8546881079673767
5de576473bba6224137be4fb00872305,5,0.9702367782592773
0c893131de20915d34c12aba5d2cce2d,6,0.960202693939209
1f0aeeebeb11434d31461bc373927bff,10,0.9704556465148926
ebe2a43c22ace15b7d6ea2e213cb2f40,4,0.9449673295021057
4316fe02b1ec90693e55efd413b6e3f8,2,0.9827420115470886
650ea3ba9a65fa603a3125ff06491cb7,28,0.7270267605781555
4475269f1fdcf6ad8f83d3d03caee38e,11,0.9608161449432373
269226b7e1f9641f752b710a4d16051d,23,0.9516993165016174
d8b1d59773c99e7f3915e1d9f291efaa,23,0.9527767896652222
9f181f60ab74756169073cd1bc42018f,3,0.9308130145072937
702bccdafb859b54324d8633bc09beea,8,0.9615396857261658
65b3f0c964665e09ab7d79b96cef74e9,30,0.904269814491272
120a23e0f6c5baee58d7ab0dd2ba2349,13,0.9593997597694397
013de7a6fe05886d8c8bbef16242e002,20,0.9606842994689941
be1c5a07eb55db1d0b7eefcebc6d63fd,5,0.9705771207809448
267b24f5babd9f6571a8a2ef521fa2f5,14,0.8962401747703552
d70b1ddb0de210f303f4db136836bc7e,13,0.9608940482139587
c1eb1a7419f0ca089b53c5aeb4c75bd2,20,0.9597546458244324
900e72e8bb8f785842707b3c56219270,8,0.961604654788971
eee4189cb78901979e1150c8d8867481,0,0.9808169007301331
fabf3ee3219bc8771b9829df7b303f71,27,0.889478325843811
081ed67a69ae7b167f2f1759acdfc5db,11,0.9610311985015869
5696fe61351ed2ff57905545b1c0de55,13,0.6423627138137817
0d55887ad1e83581681ec4c441e9c016,16,0.945185661315918
585be6225f9dd7633965f4a8feab6b9b,15,0.9515269994735718
1bd9e18f64450713737e7c78778138f2,15,0.9461899399757385
0face0c5f02265caf761fd4918864885,5,0.9704400300979614
67a63903a66ac01643ed3aedae6d2a41,20,0.9596424698829651
578acb50f4d9a29c25b0f9412b74dfea,4,0.5903969407081604
e5d11c51c27818b5ad820061c8b262d6,5,0.9701125621795654
15a24f1c23ea7fb2200011523411cda6,2,0.530993640422821
1153b4e656d8918a097dda6c37d13ac5,20,0.9607985019683838
ebc2eb38d9fd235a3b01026b6c61a423,10,0.9713526368141174
cd2c74f7b712fecc7b9958beadabc6bc,2,0.9828382730484009
d787356a866a25778e38c046c59d1751,17,0.8764436841011047
e59490456f063f1ae5d3ad830ae1d6a0,3,0.9147019386291504
c7125939b05ba1dd5ecd241c64afc5bc,0,0.9804815649986267
0f9abe05afa2f9e3c88b6f319f1eb4b4,7,0.9717906713485718
22324c11e04abf607fb85fbb57f57c76,2,0.982718825340271
c77482ff4bfa2541f8c8a3076aa5e553,0,0.9806618690490723
66764a32cf7ec6b033a839bc66524ff7,3,0.9323102831840515
e211dd1f7146723d71f05e0ac0d4c0a5,4,0.8830410242080688
cd02837fb8b4db010d27d1ebfe6f2da4,30,0.8773712515830994
0459214309dfde6903f2e75c9a1cccff,11,0.957366943359375
e6bd57c2291281c9528cc6fa37bd2541,16,0.9410750269889832
2a10f5eb6f53b8dd6fe7b27bf51f9084,5,0.9698088765144348
45c57e5d243d69990392c5bd19c20ebd,5,0.9661422967910767
6b49bfdab3f9cc6c96dd3f6f1bf0908a,0,0.9803357124328613
67549e3f44edac7dd2380beb477da787,2,0.9826040863990784
74bc2630f4e08bec2f6bacc655332696,20,0.9592353105545044
84fcfa658a3131b8e4c3c8e4c525a40c,20,0.9605352878570557
822963e07b5b3423f6a1e10f5128b451,21,0.9288544654846191
22da84abeaf91f6a348844cf892d0a41,2,0.9827452301979065
64becb07a4616de3c8c67e8db21a6ddd,23,0.9440494179725647
d13f79f70740f33739f4e326b2ec49a1,0,0.9743865728378296
6f828fe0c5921ce53dc23f042c9c1112,0,0.9805691242218018
c2ad46ea74689168539c80ff6437b86b,1,0.9633128046989441
e5a66dccf71000e9564a2665e005650c,33,0.47176796197891235
01f9d26d21c3266b1107ff782350d949,6,0.959983229637146
05ef423f3aa9d97826a101e4f0c781f6,2,0.9826611876487732
c85854dc511867e59e05e2f237b3f6d8,4,0.950096070766449
050e47300add5cc1652010aa5a020c4e,10,0.9713616371154785
5846f0c5ee3cbb750a9d801635d8a29d,35,0.9229872822761536
861eda2e01b92643d8bfd4d4b87e5324,10,0.9712747931480408
8128c653c51bf080f430c2acab5a1887,2,0.9709856510162354
134f0c5b1680fcb60d1835d115c81eb0,29,0.5639665126800537
c1a92aa66a87ef5ed2eadbb1e9bca5b9,20,0.9593200087547302
e3173d96bfda73dff47e1272937945ac,2,0.9570117592811584
3bb23a4dc9cad0eedba5a99682c65501,1,0.96417236328125
e67ac89601fc915a3187e721580f2731,5,0.970496416091919
c243d62173835d016550599da64ab22d,2,0.9814860224723816
0b8684f1dda374476defa476257f55e0,17,0.9356643557548523
83c519e8e0c438ffd06b1acb9c6d2129,10,0.971405029296875
53e9dbe0c3306ad0b4256c0d1aa87aac,11,0.9607692360877991
e3a46bb05112e90ff450bf2ad075a1b7,6,0.9600702524185181
c975cf711de790cf73d6263a6a6cc29f,8,0.9614428281784058
d0aec3fa61e2a42647b0d5c84d904ad2,3,0.9321216344833374
951f10a0119f3992f5ed3f7e3f14bbb5,0,0.9419297575950623
c91597762abf8a896101996a8e6e886c,3,0.6669483780860901
c8cd7dfca2c0b9c4a43609a85993c7e6,7,0.9717192053794861
41c24230b17ce7c1f71400ab8af61f29,5,0.9705190062522888
b99619c335a72718b9a3d8408182fb40,4,0.9520699977874756
cc5a44a22c677bfcd03c2ab27152dd14,0,0.9785997271537781
cdfe2cf7a5e7ca1164f603ad05aa5659,8,0.9616336226463318
a55c0034b2efa34546f3c4508cf8ceec,7,0.9715695381164551
ed2096fefcd30a5f10644cc4f4ad0bb9,11,0.9604941010475159
1dfdf3e57ec08181c7a0e5d928df7845,2,0.9828135967254639
188fc428b6e593cd1a12ff11cbda5c36,14,0.8968998193740845
8e5653bb3358d116d4d9f8c0ec72672b,5,0.9703646302223206
7e3f72f7d4a2ab3830e4026c2d618434,8,0.9615312218666077
dd11e28e05412c09b6093130b475cc9f,23,0.9521257877349854
126c7e670d4f562f35cf96cbf48d7759,26,0.9253862500190735
8f0ad3cb01765607a1f8df7ded564604,6,0.9595200419425964
cd5b9380fc46348f5546207ad72bb943,20,0.9604732394218445
432034d4d6e431655551f9ca98df8d5a,20,0.9587298035621643
7933f178b493fd2d685684efcb9eb9cb,10,0.9608458280563354
1c44533de0293c4e2c1638ddf1f62ae0,19,0.912158191204071
76d2899abf011307244f260ef61634a8,21,0.9319161772727966
659c3bf27e28dad7ff620a95b3762e6e,0,0.9636371731758118
36d296f09e3e6dc3cc0a7abad3acd4fd,0,0.9798544049263
0dfb214a3546d850eb57df3f5bf3bc0d,0,0.9801626205444336
5c1d75b4c8cc023f3c3da4d6ce6b6616,18,0.9340771436691284
076c6f82567a9e43173f1e03faabf967,10,0.9705941081047058
30c9c23915cd40c0edde373db86bd67d,0,0.9799485802650452
1ab4e5e1f8905606bb6c1e6adf9089e2,2,0.9816542863845825
4e6f0d4b190100eea80bc96223041256,6,0.8626290559768677
c01ebb60bf7c92b81f3f7c95d33893fa,7,0.9212320446968079
425e1ce2d3b4a7d23bf46f5611cd8eea,0,0.9798614978790283
1615c438f291ef483431103eaf2bfab1,2,0.9826416969299316
f9901bf9e33e6b1b2170fbb05ec30976,0,0.9764862656593323
41e054e326c7dbc36f34c4698f5c771b,34,0.9253987073898315
f304e4c0d703fd59a9a4a6d5fe19910e,11,0.9450368285179138
dddb3b7256b5b29b6de1ab71090a75c2,2,0.9824128150939941
5ed8765a3b8ffa5a9807ab5a4b4706c8,12,0.9064770340919495
a5e2d615ce3badc99954537fcf01c2a5,29,0.8924109935760498
0189734288b91f538e42e48809b580e6,25,0.9143075346946716
531d0be9bdf9be10ea6f1c72dd8e695d,2,0.9826585054397583
dfc60d07b8527f8a556a678645b99c06,20,0.9604966640472412
df9ca59e583043aa1235e92d64fd4d94,10,0.9707300066947937
98424d9d892aa1a0454b30e56d7e4253,31,0.8651822209358215
a6ce357aea5987211425ef257cfbb706,10,0.971278190612793
1f370be6698de79a22b7fe81e8390ebe,8,0.96138995885849
716c0228fefe7ab2549ab9575683be48,0,0.978602945804596
a0ab230489533fe41cc3b66024546e4a,1,0.9653885960578918
271adcc874b8039e70161430b0f70414,21,0.9350982308387756
f2d5b156aa749369a22f777fd61511ad,18,0.9295954704284668
3d4530fa9ba1e39bced726fc11cfee11,2,0.9828336238861084
7a33fdbd99a29a956cb3d342ebf9b409,10,0.9433343410491943
65ec9fc12c2ef32583e2e0d7b158bd28,19,0.5776765942573547
cabc42510d52f3d023d2f8090c78999e,5,0.9704331755638123
6c97206169002ca87b07a10331bace1b,7,0.9714604020118713
12bc1d86f136d7d67b23aa579c2a384f,5,0.9705045819282532
903fafbd76847147997b179b7c8d3447,2,0.9827283024787903
e5819a91a364b1461b7193758183265c,4,0.947132408618927
c6ad5a01b669e52d7569ce89fcba723c,0,0.9805126190185547
d05a5fbb3659bc3c8e040275b54f8af4,18,0.7242689728736877
bf9d0f1ce550d4e11fdd57df2dc9b8de,0,0.9805842638015747
432c4ee68fdfbd7a70d3482aefceab4a,11,0.36359739303588867
3dacbf29148117535e48f9894449d592,0,0.9804877638816833
a71fe339f2ddc95ff02a88830a4301a3,17,0.7628607153892517
9b506f92b313936e10ce29142eea42cc,26,0.9267346858978271
d4f8c556d6f4c986c5b81595f44e8590,10,0.971524178981781
5b7dc01282c4519b36ce7f0ec5572a34,1,0.9654163718223572
ab68f8973b7c70807a418ef3368553c1,16,0.9469743967056274
3566942746824f6bf2b95e31e44e2626,11,0.9614551663398743
c7650f6cf7ee8489490cdff1c38ef5de,10,0.9712346196174622
ea12eb4d09ab4f7fda138297d60cb618,8,0.9614842534065247
ceb55bc0c07ce34146cac53d48b4356e,11,0.9582735896110535
17bc67045ada7ec906128308b4a688f0,11,0.9609078168869019
7e056ce3f3e1663688ae67f0bc29ea80,2,0.9825831651687622
ca2ba39193b0086e8cf30f7efc251934,23,0.9521679282188416
bf4eb721af150745586e7cbe031366d2,7,0.9365597367286682
3f60556067c2df97e6a58ce860fe5972,6,0.960740327835083
d50dac0f1579f4efac8b6afd321b7837,7,0.971799910068512
cd11d6057bab1463d70a3f26087bbb63,14,0.8951015472412109
4ca20d9d7e67de8469bfb314768f86e3,11,0.8728532791137695
aba23dad9cdd7833b783cd2870448bb7,15,0.9517228603363037
b94a9b4a26cfcadf20fef6e485e1fc76,14,0.8965810537338257
c0a61e94a2ec1c67de0de1a775aac6bb,2,0.9806712865829468
3679ca1947281602dd17fb976fb8e1db,1,0.7765758633613586
8d30772eaf9bc7a17fed277cf372aadc,10,0.9715139269828796
7a144d6f0496b8d5c9ee3fd2f7caa5b1,15,0.952265739440918
fd82ac577d98c9a92ea8c5bf0752e045,17,0.938912034034729
e26b7482fa05314a31e7f8a52b28680d,33,0.855607271194458
f92eaa44a705f536e184189e90cc8e90,13,0.357616662979126
1765e660924faff9b78673e7b7456ece,2,0.9568189978599548
30554f2b9025266e216beb598747daca,21,0.9284854531288147
3c714d84d82a59fa488e8cd0e9f76e63,2,0.9826903939247131
8ed0272217cd028d5f5e9f23f4059e48,2,0.9820418953895569
c3b759ac6098a0e98fce10348a663567,13,0.9603199362754822
e8b27e647ece40efe94ec87b33022a1d,8,0.9615079760551453
8195461f7e09752dba605ab91f094231,2,0.9824772477149963
9f70c216db25b2a5362876e8e821f0da,2,0.9827410578727722
f8923614939521cef88e9a0a449f0478,10,0.9715366363525391
c01b3969c72b0d2088c09abb4a872eb9,10,0.9710353016853333
acf72462c36ea39cf806ad587f017e75,2,0.9436078667640686
b19dfcdee5286881a0abb46dec61acd7,10,0.9713565707206726
fb8752ce7222ac1c08ebb9433213c307,33,0.8509330153465271
68908eb88510347249fc6772d401abcf,20,0.9602909088134766
035e12126fac9bef0508766aa90b3671,10,0.9713460803031921
8ae6688ca3cdbf206dfc108d45d0602c,10,0.9640704989433289
12552a46a1af47680106a71859875963,11,0.9592821598052979
4fb9ad6775a7d905a7a589c4f9cb673d,28,0.6291372776031494
895415b2541a18d741e96b5f7eda0224,2,0.9702330827713013
fff50ab9e09ed06271ec3ebbd4af8d51,0,0.9806447625160217
15b15141f922fc1be4d8a2e1ac65a27a,0,0.980389416217804
08ad7e052013d33c813ab8817ec5fb3c,13,0.9624508619308472
4c502aa1acfeb0458ea606af0af1e899,4,0.9518641233444214
a7354783ebe6969faea250db270cd980,20,0.9605644345283508
994cfad1961514de5a0e1cb2a54e6f8f,0,0.9806493520736694
47e2b61bd11d6210a7043a3a3e7151f7,14,0.8925307393074036
8467db78ccf5fefc1c726d6925a26de8,0,0.9787375926971436
67242fa1b262a42152b3f1159385d754,21,0.9326069951057434
024275c09bc87a0f4d5adbac5bbe8fd2,2,0.9776844382286072
cef9152b1085b6926e48ff26d41ec511,2,0.9814691543579102
aa6ee6faef0b2ecdba5115c5de00c8be,9,0.939935028553009
13781513fd2ac4d0f51692d3e77528bc,1,0.965352475643158
be782364c0b32b1f4bea4986838a4aad,10,0.9714261889457703
8faf63c9e3b153a06e48f97a7b78823d,8,0.9606670141220093
2f88f9c08a8e103fcbd95f3269c4f813,14,0.842234194278717
14b95d281fa07d9901d1f0abc9df3d73,2,0.9821581840515137
be96b63346eca3e83f5323535d14bfe8,2,0.9827815890312195
eb73177f349ea9067b961bf4dfdcd3ce,0,0.9764720797538757
9cc6fe9b99f94fe34ed124269b5f6a7e,10,0.9713178873062134
f9fa5cb99b69503d68c3bfbabdfa1cfa,13,0.9620479345321655
527bdb7a2bf0f265faec62bfe3c54866,34,0.920868456363678
5d5f3e1765fc14828bcef07bdf4ca677,2,0.9826179146766663
7ba29615e2aad36252abd8d206af6ca4,5,0.9693052768707275
051c72a758846bb96fe5ef2865dba66c,6,0.5232701897621155
b095d0f3de9c3f33836bc33b1e77452c,20,0.9601076245307922
f8ac5e73666c3c73714dcd17fbcd43d1,27,0.8524587750434875
7d4c097e5f99cda0bddddd7a7042e11c,23,0.9513362646102905
8ef7282016b9428c7ee69da9589ddc64,3,0.9330302476882935
1f0394231c4b221db9f2e87d09925cab,0,0.9806420207023621
778f8713cac93b9166baba35ba8ba97a,8,0.9609972834587097
1ad5e2fe8ee7ec1d8594602f5443daa5,11,0.9606849551200867
ebad6906e930a8e9bec25c2c30dfd8ab,10,0.9711381793022156
010703a67ecdace79496c6ad717ab84b,13,0.9626107811927795
4ae85528d7f868b05af500d24010e2a5,8,0.9613655805587769
b50b568326a8afb736b1544effccb59a,13,0.9624765515327454
cee2850d183903a085c0f0d0adcc8e64,1,0.9653422832489014
9bf9d96e2cdbbe7aad086ae8aa2fc4b3,26,0.9260467290878296
e41cecac4d925ba2bf825f46ec85fa2d,5,0.9703080654144287
90f4e4965a3f42dc96f3cf3e0e7c9728,5,0.9704417586326599
32bd0c7890373e61e47b6b84f0ea925f,25,0.9109009504318237
73fc97e1ab583a417d5a6cb982641986,7,0.9718181490898132
5797bb30de05796981f6795b6668f589,10,0.9713942408561707
68f333f773f0df2df986003fa8c0d6a9,20,0.9604934453964233
06621457a551d1c123ceb52dfda6cb96,6,0.9605417251586914
00c6b465c63fbfa0798ddc69be7764ff,7,0.9717859625816345
181e5465d140e164a5d0e7dccd33e6a9,5,0.9705662727355957
10cfe0a83f8f3ff54094498d5a13faa4,2,0.9813210368156433
dcb9a356c2d0898bc0c19aab4f28ee5c,17,0.9365736246109009
1f0eee68911853af5e7226fa46a43cc3,1,0.9655948281288147
8fa8219df8200422abde8b95c6df1e35,2,0.9817333221435547
102da680cda29a9ac65ef543e5b64e98,2,0.9822722673416138
cd14cc8b3d04a790c8bccaa16a23caaa,0,0.9295890927314758
9248a807ed8ef1f2d87c7b6d0da13dec,3,0.9173887372016907
bc3688707fd6f5bebb8e848727d2aaaf,2,0.9826931953430176
4884dc9a9f418748a3107c58dff23825,11,0.9614717364311218
381f803375c6e6b0eb97ef7dfe8625f9,4,0.9527698755264282
0a66a4c7092d570b672ce1b7f4c06cd1,8,0.884587824344635
f6f89c472c231b34be621b4d80c8c6d2,10,0.9712552428245544
7ed19e4b91e292a97efb92acf7f39d99,25,0.9147869348526001
0d9b374d1003b8a17304044da8f23fe3,7,0.860916793346405
1d2bbf046bb2e4ee2eec508cd77fd010,34,0.9036449790000916
83c5883b63a9fd734cabb33e4f0ed884,13,0.9626434445381165
7a3589a9ee9d2df76bb63e88cd6186f1,2,0.982526421546936
b0ae436c47d2979a2218b9481d93c528,31,0.8775039911270142
87be63b58f94b62947b46629e35320db,0,0.5627459287643433
ce7aa1ace347cc608a031ab09111c31d,34,0.926899790763855
b4a3fbcb82c6b559ec2615f8a0456999,16,0.9426806569099426
e3352737460c1b1327cfea2d30393d52,0,0.9806626439094543
438b281de0d53b35c16e38b29e4ff976,6,0.9513573050498962
199dfa6765eefa2b3cf28f3d7a7efd6c,11,0.9607576727867126
2515abc062aca809044b7dc50031607a,2,0.9826196432113647
2802313b1a6f2736fe9948f972d856ec,32,0.5655248761177063
aa5ab8a72ac84176d9a30abed3443afd,2,0.9827353358268738
655c34026a181d9a825fa9fe0969a45d,2,0.9823266863822937
34333931a6aaed464e33afbde1f77e2c,6,0.9600783586502075
7b6d8174b3b430bad4a63b21821985e3,10,0.9714017510414124
98546ad9eb9528369233bbb4086fee0a,2,0.9799038767814636
1286527085961a6a4610ae3f34796fa5,0,0.9806727766990662
83c249bbf68027d3f45b8cddcacae5e0,0,0.9802826642990112
5db2922930b3c82498f6f5afeda69444,21,0.7864833474159241
670e64477b09cc4e835b202c81ebc118,20,0.9607062935829163
7c1ab29fdce321ad66d01c4764fac461,28,0.8896455764770508
013ce80835ac94080e82cb057e4387a4,34,0.25642573833465576
9514a3f78a2b77d6feca221b573db6f2,2,0.9826307892799377
2de2ce37defb2c0705aa029f75cfd31b,35,0.7342073917388916
ff2676d3ded31a0b9a01cf3b405cd61c,8,0.9615164399147034
ac0af42359b1c6065fc402e26a8beea6,2,0.9670061469078064
f6772d9e8c441a95b3ca48c20dcc0898,2,0.9815428853034973
a3f065150c962afc4d90e013b7405cf6,2,0.9827728271484375
73917269817ca4f6baf2ce81ffe55366,5,0.9705120325088501
11caaf7016d9d05336d7d1fbe7db9318,11,0.9606027007102966
421749bae979b4a1cd20f1985b50961c,1,0.9597397446632385
004f2c24faad777fc4eb9f83fc3634fe,20,0.9608837962150574
2f477039ec4f86679123b8f948373141,15,0.953163743019104
076517a98c510d620a8b4b0be98ada6e,5,0.9644508361816406
94f67dabd3a2d6dc1c236d628f65f821,25,0.9137398600578308
387c8c68470e2c2daa6a0955f2981cab,10,0.9713564515113831
ec727bbcee33d540b12cc533bd5a3c91,20,0.9604054093360901
32690fbf0c96486849d734725e1711e6,5,0.9701391458511353
c9e84d9231b745503419cae7628f7960,10,0.971422016620636
4f6ede663b6bab97037aea7884c60494,11,0.9611089825630188
a179836bfebc95b49c377b2e6de3bfc2,20,0.9558828473091125
6c0b99ce3e7c0b1bd98374816aa7cbb7,15,0.9482521414756775
f289ab489469320e487bb45a189f3a6e,11,0.9569972157478333
51ba38d919f528cea3c98980a9631767,11,0.8874219655990601
7f210c8f14c9c188664e660997c19500,2,0.9820135235786438
574326ecc1e52f8db18076b08fd1b6e1,21,0.9347928762435913
0b80bea7bf9a634728a52624282635d2,2,0.6906982660293579
25a89b674383d4c2cf1c04ab956ab011,21,0.9251704216003418
53e9fdbc9b992c586ffb3a3e1d3298a5,5,0.970470130443573
c078d025a6e2870d24744c6342f624d1,10,0.9714134931564331
f9d8847d59310d448df29fd904ebedbb,14,0.8917459845542908
224a779093af53260f7d81a8ec27a06e,21,0.9339785575866699
0abb8245a9554fae6b47fb59268d64d9,22,0.739161491394043
3fc35d4986a0a66fff84550e100304ee,10,0.9703946709632874
2ebf5e938b2e82f3d3112f6c65cd5dfa,20,0.9608834981918335
58bea03b4ce7a16720573e6c3392c39e,10,0.9712573289871216
1fdf6016d8a17245cbed9b2b3a4400df,2,0.9823810458183289
94a84e57f9660d1fb868db6584d48c15,13,0.9625858068466187
dfba405e3c25d4e3a461e5a7728618ef,6,0.9592204093933105
13273ed0732f1e5e9e30877d673163af,6,0.21931689977645874
359252dc74bb2e52a2fc671060fbdf8f,10,0.9714258313179016
58610bfffd1ca1b336db4372c9cdc34a,0,0.9770809412002563
e5127c8537cf94aef5128408d212bc9d,13,0.9625609517097473
ac4490d2e38cb47dc7bcb32aa663d5fe,21,0.9330359697341919
cfac74f4cd2094e018fa3687f91c2b80,4,0.9521293640136719
72bc7408da4c72dc5649eb988d10ae34,20,0.9607751965522766
96a2c3eb0db875f78fed2bdeac04b3f5,18,0.9334210157394409
673d940ef25ebd8f7120c3305d496582,2,0.4849022328853607
f668ed4362ba4f57c28bb761044fcaf3,0,0.9801739454269409
e6dcea2ec1d517c8192ff26c3b13751a,19,0.9148174524307251
87ae5ad2cdf96504b6cb29cf055c4df9,8,0.9612566232681274
2f3e35f6680bdbe24801ca0d5c0cfd9b,0,0.962884247303009
fe3b156d80234f88d51998df2a60f91e,2,0.9818723797798157
536fdf97983a5d434b1e01693d319e6c,11,0.9614251852035522
c0b1382d4e7e179ec87c5de727fb5f7f,1,0.9655374884605408
fb66aadfc9ab706221344cf5cdd798bb,0,0.9804129004478455
d43664b3bb37e9fdc7d4b605d37e9ac1,10,0.9714300036430359
47709a632238d4704b66799c6fa6b9fe,10,0.9712439775466919
17655de6e0e361f42a0687d480da77f7,1,0.9655197858810425
1f18032e8ec2cbe1fec0c7cd7bf33532,2,0.7961337566375732
57eb8824a835bf8b7d760bc0f2de4a4e,11,0.9456982016563416
f04c05ce0a9b172a9cbd6a9b03bab134,5,0.9703361988067627
0f644b5034c8f0e18e2275a2e60ae09f,10,0.971455454826355
97c96f5b10b5de2931b8d247383c7e51,3,0.9003340005874634
ee38461572e850e52532dcd128db774f,24,0.9529492259025574
eafaa2060e311fd36c8c5099453a26f3,7,0.9551509022712708
f2f39bd4d282663b599a2d97b37aae08,5,0.970279335975647
a66cb1f3490ff26105c6c64660420819,6,0.959805965423584
c063088ea7867334af922d179a63fa3b,2,0.5878771543502808
314513ceab49907cf5362cf9ba31cbb3,7,0.9717888832092285
9c2e21e3a322b38d48ce329532abceda,7,0.9717588424682617
dd7ceea5ac96d1e808694590164dc4a8,10,0.971490204334259
72e58941e12d6f4011165327de7a90ed,13,0.962374210357666
a0bbde392701bc133ec9571998b4a597,0,0.9805742502212524
271022eadc0e96930df54c3547c0d0d2,11,0.9583380222320557
e405086b6aa21da29bf32ccfec245403,4,0.9446230530738831
4e0d3ff428c9b904e497669233fd05ab,24,0.8129511475563049
2056a91dd71fcd9f002fbcc3ceac15b2,5,0.9705698490142822
9e19765f6d26b15c87d57c54f7d99e55,18,0.6366171836853027
03f32f190ae53dbed5d468aac70a36e1,17,0.8933325409889221
a4105feda7ea14e1c6e10cfe2454ad3e,2,0.981846034526825
d75fe2e21cf2086c4cf6a96c9ff95db1,9,0.9403283596038818
a6fb8e032522d13f8782a34e2c496fda,8,0.9616808295249939
01a5478926539ee86105f1fe2fd7828e,29,0.585749626159668
c9a0f5ed0a0f777d3c638a2c2b90db8c,11,0.9602285027503967
960cdfe1929f4e85740936e1ed64799d,11,0.9611510038375854
26f09e3d5b323f8a07cdfd3155691b9e,6,0.9591495990753174
2c7c0577e018ff0dab0d1da1ca222cde,2,0.9813701510429382
48a59f37765cdae2b92f53b209393efa,0,0.9804866909980774
015902cc5eb42f6751bbd23e0d4feb29,11,0.9611009359359741
872f2dd477517613315fc1cc2b20ea4e,10,0.9690294861793518
92919858e49d317d3849eac69106890c,0,0.976518452167511
7bb7e39cf3536460c8365bbd34918ace,2,0.9821211695671082
36389fd7e93781c01436bb6bb2af6ccf,20,0.2887658476829529
cac762e82caa0fc8da7a70b4ffbc7cae,24,0.9525159597396851
6922f48807c3501ecf29a66b22077351,27,0.8858624696731567
3f5e9cc67a60173ec909927c5c0f5c2b,2,0.9827151894569397
b893954288bff0daf6f9cebb89c91bfa,20,0.960536777973175
824c6e4797692f1a70f46784f90ed048,0,0.9804043173789978
2ddcd2f7a7cad9a6aaa3f7a53e5607dd,2,0.9812843203544617
d597880f9ab7f7c13de08934d93a9c49,9,0.9341065883636475
7b73eae8036cc253b14cd99207a54eaf,13,0.9606364369392395
b2f83ff04592137f15680531f4043ba1,25,0.9143450856208801
a90a650f7b4dbdb1f7cdaa96692b11d3,5,0.9640834927558899
f4c851991d3f751e9bef6ddd0f90b19e,29,0.8621582388877869
b6be341268d83251f7742fb918259cfb,9,0.9406459331512451
b621b66fde9844daaf1b8d8b56ade0c6,11,0.9605810046195984
623af08dc13a92918f1bbbb10f5bc230,2,0.9643905162811279
de796a8db7e5a27277d6ae5213852f1f,2,0.9828038215637207
7027446e6513d927adc2e85938ad2401,20,0.960786759853363
ef025d4fe2713acc8c6cecf13cb99e0a,20,0.9524925947189331
deb4ec6eae235af2df62e8c3466032b8,10,0.9710623025894165
9bbd37a0b0446c91e0cb610a0e0ea2f7,1,0.9653879404067993
20c9ff2d8c0bed4776a0a19ce0b00f91,2,0.9825168251991272
848bda769b0377191b14ee01258493ec,6,0.9533571004867554
ffcdc3a570e33cb2e88b7748efbb953c,10,0.9715257287025452
710d6368f7b8de37d6ad0b7bf34302c6,11,0.9614105820655823
e5c7bb468f45323432f4551d5d70c67a,8,0.9610793590545654
c319979e698d9feb1c0ceb191070bb8f,0,0.9803186058998108
cd3d2048151fdbb683678963faf01a4b,0,0.979649007320404
ee61c4a2023caa16753937ca3deb2c0e,0,0.9806907773017883
57c8939b4f03a4d67885abdccd0963b7,21,0.9275719523429871
99ee7d27fd03445d2e2aebd0cf4683f0,13,0.9622447490692139
1c740773e33e9c0ffc5e8b85ed81b909,2,0.9815183877944946
6134717a1722b09a7b8bc219d49e7275,10,0.971351146697998
6169a71888dc7c21d57950b02cac7072,8,0.9614613652229309
ce14de7aa85acd9a0356caafafcfcd2c,25,0.8230844736099243
855d20a676449eca5dc1311906aa182f,0,0.9797174334526062
f91c16e8b711050be1c84049c8c8b64a,1,0.9656144976615906
93a20f9c83fd5c7c7b91e7b40de26ff6,0,0.9806522130966187
82357a3e050fd66d41dec2e9687c0633,0,0.980455219745636
49f5a4f85a34c1ead18898dda2d80596,28,0.8838325142860413
1357483763fdf25e2882c7a681b226a4,8,0.9612094759941101
7230e6832c471699d76cf74fb49c83a5,0,0.980602502822876
570ca08cc900ac556501a2b9ce394d4a,13,0.3393266499042511
f2a7974e95e392332fc8294286d410eb,18,0.9335981607437134
3f5ceb5b3ccf572a8ab5a4a38559eb34,7,0.9718785285949707
0657d1a7b5b92c4e50d197d01739dbdd,0,0.980091392993927
895caccf83d4b1eb0a0830ca1eb32fd7,11,0.9611889123916626
4a7c97d291a67a467d04b9eaf929bcf3,12,0.9207995533943176
26178faec6ba4c2203a85fb58f7ff13a,2,0.9826849102973938
ed0c3b42d415e0fa5dbcbdd22ef97197,6,0.959844708442688
54c057b45dad582520aac81866ae0066,6,0.960419774055481
26e855b4bd19fe2efa5b6e1b3c14eac4,11,0.5810885429382324
1bf15a189e541eb136c834cd5999baa0,8,0.9606626629829407
4009259795d957ec009ecc9e92af9a93,5,0.9702713489532471
b45fad46286ecf6bd0d6fbb4297ba34e,5,0.9457302093505859
9f11b391e1711db0d35cac3efc7d5b37,7,0.9695642590522766
fe4c7b794424bdba715d40970a6c866a,18,0.9317135214805603
fd69138c3bf7be3979d0ecc924a9c74c,15,0.9495857357978821
d3d8d7b23097a5eb729a6123495f3c0b,2,0.9828311204910278
1017f76488a22087f6e69f8632fb591c,21,0.9338133931159973
26a0bc623322f55652677b3e92e2776c,11,0.9609978795051575
a3fff8b9d55212048ca31fcc890862f4,28,0.7049181461334229
8b5341537f84c17218dede5b853415d4,9,0.9400762915611267
35f56336235d9be9d8d924f0bc766339,24,0.9498135447502136
e32ca9ba8c86eec363780915d442ebb4,13,0.9621545672416687
2236403ade344f366d355d433c0d836a,0,0.9803444147109985
fa778ccaddd0055e9b3715e71c6b878a,2,0.9823320508003235
b23ff2a190ba5b4f05d18ede6ab521d6,11,0.9611524343490601
351ffc70ce180a0b654b65fe6b74a9ed,16,0.9470207095146179
bef52117ee13137aa9cebfd3c810b319,7,0.9716159701347351
dde0d89b6f4f08d5aab4fa2c52ca35c7,2,0.6318895816802979
9bd78aa48b5600cae6af38d3317a95e3,10,0.9714102149009705
094ef672278226ef71e1363ea6a49033,2,0.9823602437973022
7242a07b0a14d652fa066ef0485132d4,28,0.8953040838241577
9421cacbcd99d04dbf9ccbbdfbe87187,10,0.9710478782653809
e2849c6de194b4b1850407567f11bfd0,27,0.4215232729911804
fdb3e8e30e47e51a30a4f1588b5b6afe,2,0.98246830701828
252fec1c7989882e5a2273ded03a09f4,14,0.8879210948944092
d066a01b7a06ddedb29738827b5d7d61,11,0.9608796238899231
ff28dbd3d29cb63f8957fbba67ce5f1f,11,0.9571214914321899
5b0874275a00b0ee94083db3a77a04cc,5,0.9705207943916321
52dcc6f6ea51126799c2e6b25b867ede,13,0.9626243710517883
ccf147fde1afb320ae071b411109a8ed,1,0.965107798576355
09d1150d0f7b9a2076890aefaa22027a,17,0.9378177523612976
6fce4048885e820022d734997df8ef9d,8,0.9615132808685303
1e798722987b4c14b17b65bf20609db4,27,0.7021163105964661
b698bf8e09070d28ccbac38e968bad51,2,0.9752041101455688
439e27f3b24ed86434ea93d601827236,10,0.9714665412902832
06cd8bb0a5a22e1719dcab9ab6b3cb6b,6,0.9536448121070862
546d7467cfd0fef45fcc6c9557f81bc5,2,0.7304346561431885
0eee94aea6572d9842b4448737556c9d,2,0.9825317859649658
054402f815c67523102f67e5b0a8d478,31,0.8742075562477112
1cfd6a01c1f9e358cf91a9df97d98ff9,20,0.9554564952850342
4ad10ca3d6d31e00163c7e50829f43d2,2,0.9826573729515076
2398f337702b1645e08ed13a77a31db9,0,0.9514235258102417
6e71b16d0930394962c2434df8a71f0f,28,0.8905633687973022
eb56e592a70d25d306b86fcc41fb5458,0,0.9804712533950806
87c4ca4d174c451c94c5ae6e6168d7b6,0,0.9795739650726318
752e70cf0b9dea5617d05a3664dd0e67,11,0.9606961011886597
2217f07e6516632875d34a3e19b54b74,16,0.9466878771781921
4eeac83ae13d667895356fd8c8fabe1a,10,0.9585275053977966
77cecf67121c2e72c10109f10a85abb7,28,0.3239065408706665
f5d56b799b389c211efabd40013cd926,0,0.8537098169326782
31a67f00f2c457159658663cf5c2642e,22,0.9029484987258911
91b14a97158184daf5dd3e0d540c0f6a,2,0.9806750416755676
f8fd491657250426b5725ea1c14adc77,7,0.9716954827308655
5560b65d5e4882e2b3bd53522c16e3f4,30,0.9033753275871277
571c250ec76e29b26b9ca736f1d214ac,5,0.9705731272697449
8327f93d142fa7598e6eb1068ec51a81,30,0.652686357498169
3b4f3a4e3f3e5dd8d43e78d47c65c261,20,0.9606791138648987
620dbe70c44d91f4f22e7738bd2cf874,1,0.9654629230499268
7bb45b2ab11bb950199074648ddcbcc5,2,0.9818041324615479
a0a9886c2f24c521a7041cdb6dd83b25,6,0.9600872993469238
9dcbfa3422534fc70fdbfb11c480ca20,18,0.93302983045578
26b2dc9ee443dcb32f466e59dd37f561,0,0.9799913167953491
1848cd64bb43bfd8c5a9ad6b350b06ab,5,0.9706398248672485
0b88dc11814a5a16dbed108f1ba3eb27,2,0.9828404188156128
7fc2cfe230a941302cc0c35a7d0f6097,13,0.9549781084060669
2920723dcbc4aac64537e27a7a22a708,11,0.9590267539024353
85ac18c74e628e3bf2a853d15a8b9a50,0,0.9783837199211121
ca91df9c1567ee4cf2cc194fce9e0af7,2,0.9776890277862549
1659ee8c1aec848b03b155c7f2e58986,3,0.9329365491867065
abe99cdaaca5eef188a4fe9e7d36a9f7,3,0.9323920011520386
0d5852928c32e238c792c9cd567e1fe0,11,0.9610509276390076
25df05f6d0185ffcae6b74fb3e404f07,0,0.9806134700775146
906a823d29436e657b919df131880203,8,0.9612479209899902
343ec0dea4c2866264283ad41e6d2663,13,0.9626479744911194
165391a306062d6e869e31a0f5ef7404,11,0.9595673680305481
fbe6fc103dfad445a8f0add512d8b59e,10,0.9712278842926025
0ad4e3dd84202e9bb98ca8572252c148,26,0.9243538975715637
79d89ef20afeaaecc26f31fc99d17457,11,0.8631623387336731
a1aa0ef90171b45ebe7dbe59965d3c9b,7,0.9713684916496277
c5cf3dd487a97db8059d16fdc6de45c5,11,0.9603285193443298
2eb580559163d53d10bf46d850241e88,11,0.6667659282684326
5e17726aa15f4b43f6ecbec57590f77e,23,0.9487113356590271
199544db18912058ff05bf17b3c70b3e,8,0.9615222811698914
e3916bcee2aa35e06e3660b523bba30f,0,0.9805142283439636
5174906ae9ab482aba4d464d0f7e2013,11,0.9606669545173645
f86b91beb51969352bf045fb78ab46ab,20,0.9377727508544922
3ee593004cff84ef9849e7b961226bfb,0,0.9806503057479858
dc73de9689f5f1528e6deac63ac67817,10,0.9714988470077515
e6fedaae0328e98574d43996290e57a1,2,0.9827427864074707
abdc148a353943c845e4b7f46be5c054,10,0.9706829190254211
f287912947ec1bed4cdaaef0137d51bf,8,0.9614382386207581
d284dbdc0ec1972739af1fbfe9e9ace0,0,0.9805960655212402
5316e36ecf3fd776aa0666dea142358e,12,0.9148793816566467
f31c4cb73e36abc7b1aae3d7b7c126cf,1,0.9647991061210632
5f1180e8b8cfab7872f1313716e65b60,27,0.8883634209632874
6564364363f9b173888251f3023498d1,0,0.9781026244163513
d232638eeefa0e6e679e65f932038117,14,0.2870038151741028
b05d07586a840566339231ed51e527b6,1,0.9655760526657104
0e0f248b8cb125f960668e39c036f3d6,11,0.4750053584575653
f6d4d2dae7c8e753fcc3806c286a3603,1,0.9652535319328308
34285abbb2ce277a734de7524916452a,0,0.9804895520210266
7560e0a4acab895c2710a312f490c246,20,0.9608160257339478
fbd5525f7da41faea4ffae8b41a923e9,10,0.971304714679718
b3672379aab8e5208c485ddac66a091e,33,0.854232907295227
0a34e8e37cfc2f38acae0d0f2ccefc87,23,0.9527643322944641
23c6f9ab5ffe096b93e36d82c50849a6,20,0.9608362913131714
6090aa0da9d78ab8d871c4d21ce3a83b,29,0.8935146927833557
7da4b16395593d8898c0129154e19482,12,0.9243286848068237
df7df3fe0164d193125dba935271b768,2,0.9825207591056824
71b270b811a837bba4457287f6e15965,11,0.9611986875534058
9f3723f593871909ef576e6764ed0f2d,2,0.9822599291801453
aef9dca57de9124a33798a26def799e2,5,0.9703869223594666
eed2adeefc407ed12a4ba647e5ad1fb5,1,0.9655292630195618
67e33a02bfb8c0b3060216357546cd20,2,0.9795739650726318
9d13d2b9149c65590c884d7c483a69bd,10,0.5753865242004395
18608eabd363345ede843b11f761f478,2,0.982832133769989
f324e1111c638412182b9977dc9fd9bf,13,0.9582144618034363
f3d0780355b717ae44a97b93c69dc8d3,6,0.9604004621505737
2ff59e0bf4de2298c3480b64d2f0798d,8,0.961566150188446
f89008fa93e7ff7612cf80b7d1accd33,0,0.9807120561599731
207c5cd7cd9410f4ae553908f71479cf,2,0.9825471043586731
9370d668d08b56b4470b6a617832339a,7,0.9719528555870056
20a51db1bd06b6416cf5fbfb3306ac09,10,0.9714857935905457
8c6ffd70bba483e633dff20924b432a4,28,0.42981913685798645
539417f7620e1ccfad6e00b933a2ed3d,0,0.9805567264556885
1b6c259e765fa4aeb7f0c47e7330c3b3,10,0.9714049100875854
b0fa86ff1ed64d46d0533f51809a8bce,0,0.9804657697677612
6d5decefd237c56b827328db7b55a9cd,25,0.9143855571746826
7a6be724469c47b4c07f1ed445506213,19,0.9169182181358337
38f70cd2d25aa77432cac128105a6a7d,20,0.9604219794273376
afe2a3e14e962eb0b494e37a6fe5e5a2,22,0.7794205546379089
0a3a0060888864f0599c8b4eee085e33,11,0.9589952826499939
a1f7163209165cf03d02ada183fe3861,0,0.9789878129959106
45c499222e476fcdf6b7ea1be7f83e9c,14,0.28034496307373047
2600b720e3e60abed40261c3dfb073df,5,0.9706025123596191
a9bc095382752ab82bbcb183777e7ead,2,0.9813798069953918
1f315bc6ff515796b351381915db0538,23,0.9524073600769043
a971b2f290c4c8dceb1970d2d4b71d76,10,0.9710747599601746
20061f365d6058c6c2e503af5697b054,23,0.9510870575904846
397163fa1cfef28c5686ea4dd0c3ab1a,0,0.9784175753593445
defac6f7888f6f461344a7f9579c4f7a,12,0.9219194650650024
43b4a63c8e5a2bddc8dd39a656918580,16,0.9465227723121643
7ff461660040e9fe7dca8b04069485be,0,0.939021646976471
b95dc71a9f86421d3d55bebb17195319,2,0.9823688864707947
58c065389f1dbf3d6a8bd1775d67a3ab,12,0.6322280168533325
735dbb7721a290a6b923ab14ed501dee,2,0.9823392033576965
727060baf567e1a784d9b3ae89feaae4,7,0.9711707830429077
c83ab9db480503da0d83acd62650fdce,17,0.933397114276886
00d51c0512a04d9e95648d8aaf4ea2c1,19,0.9165863990783691
32c3973c0ca9f0514109ab898d091fc5,2,0.9709992408752441
555d893a7c70b945eb460afae2672d3d,27,0.885002613067627
4caa06ee41bf33838a29ee97b64d2f5b,13,0.9614180326461792
0a27f8f6942b2b85e45a5ae4b30a803b,20,0.9255515933036804
d28e127eb9dcf48295966e759f63e2b9,18,0.9336135387420654
171d72adc28d11c9e5a6a05c0c2612b7,7,0.970672070980072
817cc8cbcbe44beed1624453ccf45672,26,0.9232138395309448
1f5df60c764e06818a965afe3ddc2f63,19,0.916912317276001
65e6cf7e434c8a7321f142bc15b134c6,5,0.9705596566200256
b63880fbf4c1dc8048241b07eddcae7f,6,0.9563739895820618
b8e04dfd7fc92670224a1bcc40b17492,10,0.9716079831123352
3d48c544fde78d6327a713d5f251b540,1,0.9653297066688538
6b32dc6dfab408aeff75848bb634ae52,2,0.9823113679885864
d354ded6859e694eeb3c3749501e64ed,1,0.9629432559013367
e3993b6bae43f530bb30ee4e3504dd85,12,0.9207016229629517
7fac90d2e0a64b90eb6a20f1b4958012,26,0.9256863594055176
c4899d65420dc30d5cde38ec9436b93b,10,0.9713941216468811
f003c60be468885264d382aa3ff592b2,17,0.9394497275352478
9fe2d855ed82f17cae24bfca9060de1b,2,0.9728026986122131
4f22b9504fd2d8e5ecd30216d67a63b0,10,0.9714525938034058
d6d174ad47b6cca8f13ffca4d1974577,23,0.9522290825843811
6d18df9c6d679318e5e056c0480be8dc,2,0.7247682809829712
0c3eb766df4f1276ecf2998378b7e323,2,0.9824973940849304
da3da297487b5462f2b21cb3d10be310,0,0.9802489876747131
d930aee58fce360fb68183af4979249b,7,0.9717395901679993
57008d68bb09fb81b05266fdbade2cfc,11,0.9584078192710876
3f13d744125ce741615143a3340d8034,11,0.960892379283905
0a89cb617a62258a342c9de1c4e855ee,2,0.9826934337615967
743e012e8609716c2d699f5e351dd135,2,0.9809984564781189
22a8f6768ad5d4fbb48b6fad485d104d,13,0.9620485305786133
e2409da24cc5d2fcec72642687523d44,2,0.9826436638832092
5cfe4a8d3c1d29049bb00d323ff76eba,7,0.9718228578567505
f564c61f306c39318bc9c71f14763c17,0,0.9571874737739563
b2ca17c6da0c190f96ecd18615b23aef,22,0.901301920413971
fa784a7bfbb0caa45b641ca7864cb2db,25,0.9150909185409546
4d5e65b866484baadca0fcc8d273db43,10,0.9682974815368652
5bbbe5b275e68bb1bf71ba7c92635895,0,0.9807101488113403
9330a601bbba16b95568a58a1091a520,5,0.9703769683837891
875ae2345f9651f4113edf75790fe1fb,2,0.9820923805236816
d16b4da394f26e2901c4cd47d1f312a9,8,0.961529552936554
c64d6864e9129198ad16ec6ff8bfc344,13,0.9619965553283691
024aec3b9015887bcfb01f99454a8f29,0,0.9800319671630859
dcf9ce638d02115b0deacfb594093620,2,0.9825535416603088
d33f2ce76eb4f6af4fd51cbae224c425,23,0.9523136615753174
6ce5d3cbde415a483687300b08f7cb2c,0,0.9805928468704224
049f66c2f8d290aa1b8c4f4dcafdc5fc,11,0.9601325392723083
153727a3509721e745545021dda5d6e6,6,0.9601532220840454
5d81b4ee4c2745d551e3ea375fb8883f,28,0.7780131697654724
77880e2971b062813b01b2a9ba90dd12,0,0.9776815176010132
6ed7e1b24591687bd0cf494b274fc81b,27,0.8793659806251526
291d7b963f0bf5a90895796bb4f4bfdd,0,0.977800726890564
8110e88780ff31f04f8e8c99fdb49f72,8,0.36346060037612915
55bec73a9e0fe2ea7e8e43caaa1005e8,20,0.9605149030685425
4fb120746ad34835c67be59d961aa1c8,8,0.9616568684577942
9f29892e0acded374c11adbfd51144b1,10,0.9714775085449219
4dee9e8524c0131ed38ca0ac7a458461,33,0.8519940376281738
085a7043a6a0bfb4bc8ba8c88fea713b,28,0.8863676190376282
2fd16df58b8eab69a3dd0593085f121e,11,0.9609839916229248
5f0cff566260438d933147b074e97772,0,0.9804006814956665
1825bdcf5e21e453043d3dc1bb429477,2,0.982268214225769
aaf57e430d215e2a36a1d03e50a4f53d,10,0.9714300036430359
3925edca20f25a8bbcdc7c664cb75c7e,4,0.941395103931427
7666997cd88115c13cb647e5b0d51240,11,0.9608216285705566
0a3ad8e3c2fe4f83969c132de4733e75,3,0.9253339171409607
059dfdbc38b29e96bac353d5124e023f,2,0.8815026879310608
83772e05ba7664ff8081199e11cbce2c,17,0.9387379288673401
ae40df91f5c9c3c63c350fe89f64c377,20,0.9586291313171387
f9582f573020d6e07c5665e2e07437e1,7,0.9677656292915344
0630e1ffc4447c39dbacd994dc9574c2,10,0.971385657787323
d2b27ae1aea09752ad17ea32b10ac00f,7,0.9678387641906738
de956d9b5d3a16a20bc5ee8e8c5eef93,2,0.9822106957435608
6a74e03b54ba06a3b9a38b549ddaf0da,16,0.7516922950744629
69076de5e1d28768ff2a5e286c77b548,10,0.9713624119758606
5b352da5050ea144360bd3a1f9ab9734,10,0.97152179479599
0b830dd2ca04a3bfc523a6f585c4bf34,28,0.891528844833374
65877190fcf63c5182ba5d3228160bd7,11,0.9607180953025818
b2b738bdf7d2eaf76e0ac27caca37029,10,0.971459150314331
dd942117daa32ae35f7c2ddc2792f531,2,0.9812393188476562
e011901d8d454e34532c85d4c97caee2,0,0.9803564548492432
830a6876169afdf960a70bc723259239,7,0.9717302322387695
2abda60d1d25b581b7033d95735b552d,23,0.9503644108772278
0721b7a25e1b71a0a8ff1a772b812e52,10,0.9715509414672852
35d4da16e815b7ca11c9fe540e8270e1,10,0.9712457656860352
dac249428eee1c689108a83c909585d7,0,0.980685830116272
68858fb9e016ce4a7c5fa00eb1ca6503,7,0.9697607755661011
3db0ac70a07a296466eff66bd76138da,16,0.9437403678894043
0b5531e130d2b3d7b8e886cc0447bdd1,20,0.7325811982154846
ed0af938a037ceba0598276e388e4fa3,0,0.9804052114486694
554d0f53bb49d05b3fb04102f7deb942,2,0.6456325650215149
d81a9a4f4370d412b4c35a3dfad48fed,7,0.9719350337982178
31203239c6460e0e2703aeec8cd1a0bd,4,0.8141297101974487
7cb35d51cde3377ecd612d583ef8598c,1,0.965319812297821
b004c245db2188e957a569ace4e38084,2,0.981890857219696
45fe01c691e683a245ace552964a38ed,2,0.981878936290741
40045d8c34883d7a2978884d6a6e6dbd,26,0.9256106019020081
5a7aa02fc107364da9e035a3d0d5b873,6,0.9603575468063354
66dabd03afeac8114691c0e1fb8b4d0e,10,0.9712240695953369
7cb399c2b644d7493736b2ed9d81bb2f,8,0.961094319820404
08728716fc325c99def0a92ba74d1316,17,0.8661053776741028
6a8046b77e152c85beb96e6a79ee1dcf,0,0.9806168079376221
623994de8b98f2f147eaa1f045ae611d,0,0.9805126190185547
a137a2ad67ad9d3bf911b09750befc88,23,0.9501805305480957
28fc447a0515aa6b55f252a638317cb1,0,0.9766927361488342
a76ff1a37e8c638280430d9eca502154,6,0.9604836702346802
a3b55caf30cda0f3066820fd9d3e55d7,21,0.933841347694397
7d52b645914762d541dfd272af06ea72,18,0.9340147972106934
3a3f2cd731b8b45ad589ed991afa2c54,11,0.9580712914466858
33aac7149b3987a1bbfef042de43747c,25,0.9145466685295105
bdecfe3f8b5e7f1ca05d30904950e0a6,7,0.7739173769950867
6e2e316bf55fd35b8c1705307528f1d7,0,0.8628596067428589
e27cd597adf9e1939a05aab9a6af1b98,0,0.9768807888031006
0536c4e618a03555edff730ab65edb2e,17,0.8448620438575745
3b0576458d27aa22c16ce875237efe87,24,0.9536606669425964
81e48013e675d9d1c7ea74f8302521b0,10,0.9702249765396118
b12534c71ea2c10bbd326c433e69388b,13,0.8860474228858948
f8224a8ef7b97e8519e1efb67dff4590,13,0.9598464965820312
353f12522fa08e11a33885d9b23a0ad3,2,0.982719898223877
767a481bb3224c34f8b6ffec3174946f,10,0.9714431762695312
a6b310d1d5f6de26b1d5ec705f4adf61,0,0.9804601073265076
4a191407e9821aab883d14849a168719,21,0.9348757266998291
1f0cb602bcbe59eb8e83b54de096f7f7,11,0.9089865684509277
db9f5a7b86a36a2dd0f66aa2aff308d0,0,0.9760296940803528
abb7393d56a5dc2ce17998a1e9313acb,5,0.5313467383384705
1c7a44548633ac867cdfe98b146a0ff0,0,0.8293529152870178
c26a07929b19f66ee1ac74ef8693b01a,6,0.9602349996566772
91dd5c4b45fdbca6af46743ca6234dab,2,0.9816173315048218
0738e726c090b432feaca13c694e4c4c,2,0.9826990365982056
592a0fca324873909f062e6f01fc5226,2,0.9821211695671082
33a0538dc7da64a9afebaf737e5c0522,27,0.5222450494766235
82ad44afbfec1d652745365acad93ec7,5,0.9704346656799316
961bf35c086d9cf45eab55bca9048ae1,8,0.9615219831466675
0a292aa86d9f542335228c5e9dc8bfd8,28,0.8965136408805847
54b85d5afce4c17bff51fa891bacbe12,10,0.9714329242706299
9ee4fa605c12298e644953984243ae2a,0,0.9750649929046631
229e824079ce9996da06ba89d2e6ca0f,11,0.9301443099975586
b20c26fb06bb9cebd71ddc3c21e99df8,7,0.9440047144889832
4ebc3e3aded873ea71ab6323f7371db0,24,0.9531702995300293
12dbd75ebfdddd2a4996de6c45dc9105,9,0.9331290125846863
3ae71dd357eba62108926dcf13110938,6,0.9603710770606995
324bd796983a5c6b3b42712bd4ac6a44,25,0.9151778221130371
1281a69cce9c6e66ab970f194aaa1538,0,0.9807485342025757
76d19150d912fde03aee29dc62272bb9,30,0.854809045791626
46fb21b7af21489a54c2b7cdad6d258d,10,0.9715662598609924
baae31e7be02aecfcfa2ab0da9023020,26,0.9261127710342407
76f18d082b82869b720cd6a03841921a,11,0.9441937208175659
7681dd8a76a06a58145fa7034b68995c,11,0.460691899061203
9257b3a39ecabc2ca606d8e82cb01928,8,0.9610094428062439
de3ca2b8e52c37e74a9efc1f4b55b1f9,20,0.96033775806427
762571f96d926b0f484fe76ce0ccee22,0,0.9806217551231384
dbed94092016ec3873aef7a49699162f,13,0.9622568488121033
fb49118a91d80d0b43e914039cb3253c,24,0.9526391625404358
b576dcdcbf90007dac99c9924e80ebe0,13,0.9619362950325012
5aa200f4f8f811c56485c1cb406917be,10,0.9712429642677307
7c866d4d7b519db31f0b8d629467eb2d,34,0.9245122075080872
5ea8fe97781ebff1079ab0e8b711c12a,5,0.9704969525337219
858744f95a41a487c92ef909a28fb2e3,7,0.971872091293335
92d473f8897f2a233e688064b91406ca,7,0.9665587544441223
23897799bff445bdf0af32974aa7a2e0,10,0.9714571237564087
f1a74318a94ef1f0b17710fd6d2a47c7,10,0.9712682962417603
fc8ab7d7bb7c6ac879d4044f032b858c,4,0.4556722939014435
0f5c723b4662a4647eb82653126a6cfa,16,0.9463335275650024
a5a4ac994cf4da7a8601e97a704bb741,15,0.9534276127815247
a8c619bee228a8b6470abbd4600cd3b7,16,0.946922242641449
118dccf72221d175350c92b065f636b3,5,0.9702614545822144
9e1746cb499af9d95549b55911124255,11,0.9603511691093445
48bbf4a1f613235ac95154a7bc14213d,5,0.9703576564788818
ff2bb9b555bd63e701de10884477a5ef,33,0.8483928442001343
9e8d77df6e8460ce4e3e7491268afb07,2,0.982745885848999
248b8390dff2fac2a5e5673a4b4fcace,10,0.97115558385849
a6b5265b62112b4622ee1ba9b241eb80,11,0.9608590602874756
bb7abb7252ec6c01b37321093da17499,8,0.9613821506500244
6eea57c051b633ee2a2b0e3ef435e9bf,3,0.9323809146881104
58e5b1c4cbe07ed7922aef89ed6735ef,7,0.9715939164161682
a2784e84097a2aaa94a95f44028ee647,26,0.5522443652153015
d5a4da4680025072c262a4177d3974aa,14,0.8912638425827026
b5d73ed1626c0a0f13dfd692410fc66f,10,0.9714206457138062
3907fd0cb1282ad1714628afce2741d8,0,0.9801141619682312
6911313eca6cc330c007b82011998cd2,2,0.9827454686164856
3be66f0b37819912121534f3c3002bd6,9,0.9398611783981323
009cfda720c62d2af75ed12cbeaec273,10,0.9702953696250916
8825708d02ff5f61cfacc75ff6d1dd08,28,0.8695082068443298
36d24d8f504fc127f5de6fd1c93840ce,10,0.9714556336402893
02ee249fbf3149f9c728da36978f2d4b,2,0.9827012419700623
6f578ef63a3961562ad52e525a0151fe,3,0.9327273964881897
85090b74c286a0ede411a9b3bd8c8318,33,0.8560521006584167
61d7e1c2d234b40ff92ed63de14d9c53,6,0.9478060007095337
74f73c3ee64cb5d9e2b73adb854b79c4,1,0.962619960308075
8ac806b8d327ba5c835c645583979f71,8,0.9614884853363037
5844d8d5e3cb93646a6ec928818111e7,25,0.9127733707427979
ac29883df90c885dbec084c941511ae3,4,0.9519639015197754
2f119dedb52f235abd346877684abbf6,2,0.9822580218315125
46f59773badb5e83f6015294340f7129,20,0.9606381058692932
7e16546dab09971be8653e60c1a191bb,10,0.9682083129882812
91d822c8e810951eded345cf56744656,10,0.970220148563385
6f63bea728bfbfabd3ff02ed57137e82,18,0.9341879487037659
b759b7659ae64f9e2e67eb9345f769e7,11,0.9604310989379883
d7bd80e3828a83214ddc3dcfd194f244,6,0.9596063494682312
3d821b8b26b20eb4a090cab3fc4c69b0,0,0.9805706143379211
f3b642bbb8ec6bd6582c140345d29405,2,0.9827123880386353
a216ef2af9a39481e8943556b7075233,10,0.9633886218070984
1ca2a4cb2c1b2124ed246cfd50cbc7d8,2,0.9827368259429932
26213b8bcc1ff35f92fe51313f593dcc,24,0.9528655409812927
e2e35542103e961e1e2df1b8e00e77c3,0,0.9798241853713989
623b1de5fefa93a9456cdca43bdf1477,11,0.9613129496574402
756802bca93c1ce4a948d77674d72559,7,0.9718065857887268
d2f27c9ca949a92d97ad962ceaeabb8c,2,0.982631266117096
93e6f4a4a2f503e4745a98374740ec9e,10,0.9714852571487427
30a6250515c47e690d82ea23befa6d9a,5,0.9251985549926758
83aa891205d5d9c82fff40977d367297,8,0.9617164134979248
f963525542f6a21050273d2902bcc836,28,0.893897533416748
2417df213910ae1e8523d9f000b4cd16,13,0.9625327587127686
0b3fa4a909f8c44465d9003c6d943c6c,2,0.9827430248260498
338bf1112c2e378e4cbbf19d3cb06e09,5,0.9703741669654846
ac9b121643edebe8c1b4c390b1d8439d,1,0.9653986096382141
9db52018affa5764a1af20fecefae852,20,0.9605802297592163
8d3155ef94de5ec01dd7337b3a70b1be,25,0.9134514331817627
72e92e3b847e6bbf3182b21e7ee4aa92,0,0.9770146608352661
ba81226a810c95a20d7e3fcfd7155e9e,0,0.9804874062538147
48e2eab92e54525d7b59e98b77b20e3d,5,0.9704630374908447
aa981aa39abafdba365b13e1227b074c,11,0.9394569993019104
3c0d9ff3d8011e66928bdf3f987b181e,5,0.9674733281135559
bec7d778dff1690c714c88f4d59a44e6,5,0.9702770709991455
2d41295660fdb54bc9f330e9b74b7e89,1,0.9650465250015259
cf46bbb8d444ba6a60081d0dc38c1e8b,24,0.9520511031150818
3ecb93591f6c4a32e26d085da8b272d1,13,0.9627370238304138
2ccec183872e220a3b8d607445bc90b1,33,0.5452117323875427
032b30189da8807dba5d329dedbfea56,27,0.6806245446205139
49080fb6e21d3bc7892c8e91aabfce1a,24,0.9530566334724426
d587622cc64661f9fc56876354acf720,2,0.9826309084892273
969cc574df553f621f21167ecab50ffb,26,0.922563910484314
af1c513baceb5c87b83386aab44a5a8e,20,0.957869827747345
dc82f95cf4d6b6cc4305ae83e1bafe46,6,0.9595783352851868
0fb248e0881204695af4f5d1c6b23241,11,0.501901388168335
2ac6ebeab8d1bbc2ddea91f9ecc6ab9b,2,0.9827761650085449
edc4027df140b920cc7baf486ddbede8,13,0.9538405537605286
3e9948d445f0b3b0bc1abd6bae880907,18,0.9335740208625793
3d5fa02c5f0aa9c0d414eed1b051cf8b,7,0.7631431221961975
d101ace0583b4808e30cafb42bf78f63,10,0.9714564681053162
7b0421eb9eae522e4c4b146cefca59ef,11,0.9575391411781311
275f505117862a729e50dfefe8af8899,3,0.8910828232765198
2eaeb7f5f21d7bf4c5139a8b1d7eaa3a,7,0.9706875681877136
8d1379ebedce3e9dd983015c4d42d848,10,0.9713490009307861
bb77c3297b7055cd1adfa7e1cb4164ac,15,0.5952559113502502
bdc412d72ca3fcc33e9afca11edfcfed,13,0.9536764025688171
f17f3cf7c23540b0a119ae6e01fafabb,11,0.9595891237258911
320ed2d4f0424cbc6947097403b980d2,2,0.9824091196060181
91ce76466cf4f15418e9a480ac0912e7,13,0.9622083902359009
e0f3394e6bcd204bc3d893a2dfc73491,11,0.9612053036689758
8d8559abb66793b37c0144c3a84d2ab6,11,0.9439318180084229
a47971624d35e047d65f8e8f39c65853,1,0.9593790769577026
3f1e117fcdfc8435d6d00d9b64569f24,2,0.9827204346656799
4ddb46dba94f8b4b75e24ea018cef549,0,0.9805399179458618
f77790d6763d5210f3df2d7c1b4b7daf,7,0.9716473817825317
10e9357006f3481695a22e7d264d15b4,0,0.9802677631378174
a463ef5a3f8f940e2a3f2aeeb82b93d8,26,0.9267312288284302
9d4a04bf3f3e17d231469fa5e069f267,5,0.634901225566864
34a0817b5937a8f6398d7793e776c0de,10,0.9713260531425476
482211efafa4eb1dd15b83521e7a3228,2,0.9823623299598694
f6ab16725053f6fae28276836cf674a3,0,0.9805670380592346
e9c0e19eae8e508ff95a122ec2a36710,10,0.9713677167892456
99855fbbdeb96bc2234f9d2e6ff98ba6,0,0.9804122447967529
783ef623e0cbc475b02379b7a9130a18,10,0.97025066614151
8a2a0d2728292a44d6fe270026e3618a,20,0.9608393311500549
4221ac94ebb8c9becd47ac804ba8f3c7,27,0.6894213557243347
fdbf80096c58b3b790b0ecb3a4b9c197,18,0.9281556010246277
c63695e56ef43720c5ea0e471d11bbbe,9,0.9402814507484436
19b038d8366a767dbc658ee78cea865b,20,0.9576497673988342
43c3eb22f90d0acc35193a6084503b50,7,0.9708355069160461
3ef77d1299c649a47ef021fd62213731,23,0.9524068236351013
3829b0e7bfb5f82293d0f50fbf6e70bf,20,0.9606374502182007
c604abba2d778f46aae272de4ecfae64,10,0.9706125259399414
abb1f159192b06f689347f169b5fe834,27,0.8675909042358398
5f8630f896343adb7d147a1f3b47eb2e,10,0.9712955951690674
35fb5634b01c3efd990a5013169989d0,11,0.9610787630081177
a47e8a22049291e9be5063cc65f9837e,13,0.9626399278640747
fa7242f2a2eaa5bbab63607dbdcbbe8c,2,0.9827254414558411
c4ff3fd8ff941dc7944fb81ab45be79d,0,0.9784055948257446
b7731e14cfa566feb8505d64ea35a09e,15,0.9472853541374207
02f8eb625c96d5994247b0201d393e6f,26,0.9266897439956665
6e4ebb3ce33971d3eff8343ec28eb3cd,13,0.9624760150909424
a1b46908f5bc84a745f3478131d1ac63,18,0.9334835410118103
4ff9457c2f57b11372824edb9b6c6047,5,0.9692156314849854
ddacdba0591792d18998dc3b3d9a7232,18,0.9334509372711182
4fc09d06644614bc514a563e23a81729,2,0.9734100103378296
b20aefa45f3d7e59958cd4cf732afc6a,15,0.9527341723442078
af30f7d2b6c9728f57a90dbf84aab926,10,0.9714441895484924
37ac60597559b0cf464499d599cc7f86,2,0.9801183938980103
6e6ecbc4ac65c9971e83247d9a46168b,23,0.952597975730896
de63d7198424feefa1904936ffd886d9,10,0.9714130163192749
4010c00f908c92d5ccfded548cf7b3ab,10,0.9714024662971497
c2afa2b322121d58c1d2d9529d27bf43,4,0.9447058439254761
c8ed44e5e986eabefe2053d1d9eb8705,0,0.973290741443634
9099444abaf1ee4c2ccf4f7a44c8a60c,2,0.9811659455299377
bfa74a8b1479f635f2dc713122a535fa,6,0.9593194723129272
85977d7adb7745e0bbecacaf37127dc1,7,0.971749484539032
02fd117e8e0737e0a6d5191122d00e72,26,0.7706567645072937
ae2959dd5146f71b9eb9c56d5db8ee9f,20,0.9605843424797058
0036651145a915f0319f11bbb9e08472,11,0.8619406223297119
8a6e9ba93388b8ea57895e4fd7cbcf9f,11,0.9581507444381714
b3f4002fbf4af9288fa3ab1e1fafc202,21,0.9295063614845276
8e22516c022c6a9d95a0c2bde01f353f,7,0.9718322157859802
bdc86efe2cd6ab9a385d54fe7f6f91ac,7,0.9719156622886658
a7b1ba769fa0b070fd97b376323e919a,13,0.9624971151351929
5fc7f91fb57231a163b595931dac9a26,11,0.9614902138710022
35b08c77aa868d51d015b15ca077054f,11,0.6354354023933411
9759e8030ddbee952e2712ced8843c01,11,0.8594029545783997
d1cfc4aef268ca5c5f07b68af1ba31e7,5,0.9701951742172241
3fc02d058e353bdc9c4d7a0b122dd5cc,11,0.9590681195259094
a2e9692d826095205edeeb899b07fc98,0,0.8126834630966187
429b68a42499db3dcdabf3df2bca49fe,1,0.9651659727096558
e00292c07c3b333e89b4d0ffb5b0b280,2,0.9821459650993347
414dfdd99dda5b1f8a8707f545792304,18,0.9338393807411194
166f86641ef4bcbae42202bedbdb0639,30,0.8551176190376282
947c8e1820d1e9aa0edfd2647f2f0bb0,2,0.9827489852905273
4c028ff61b80ab53a9ebafd147a49aa1,7,0.9547937512397766
1424c57fe2dac80df4d954f2cc4f4e57,2,0.9822819232940674
5b350a35fe9b066bc8d4abbaa87e924a,10,0.9713141322135925
ab5e385073b68101b46912fa42d1653d,9,0.9383543133735657
6096e3a61f053e6f8f536f652b7567e5,10,0.9711949229240417
1d9dc750862ae74b759e49301e9091fc,7,0.9718586802482605
c4a176518377cf0895622b02bae9c27a,2,0.938788652420044
5f715566827d80668a1bc26d29f8deab,28,0.8961653709411621
eb81166dced7cd34fb9af3efabd0360d,0,0.8510467410087585
166db6050b19729b9ac2900bee624c7e,0,0.9806814789772034
345a4480831d5f2aab76418981ef57c8,1,0.9653659462928772
bb0491fd3508d26e5c3ee8c38cb98209,34,0.9266042113304138
1710ed95317cbb7478eec92ca7c30427,26,0.927337110042572
127114767c8306ed02aa3ff4ac454065,8,0.9615035653114319
abe77d9b9dffefd0a3ec0038dcc2566e,13,0.9481105208396912
d1db0a9e62058e0bfadef5e286268e1e,27,0.8203789591789246
c39bcf7a47526ed0d980db6d09eb0142,2,0.9827049374580383
b78d5075eb27d38d194b32bedf2ca118,0,0.9806143045425415
a863340c3ec8d9e6b80318754a2008d8,19,0.9162866473197937
e9eea0458d0d2ea664017d3fa8615b43,0,0.9804581999778748
b8585a055c5568d4725a71fe81799030,27,0.889532744884491
d4b59bf9bed0f8ed815d3e86946e25d7,5,0.9704813361167908
8a4120f52041346ef99e8f41da292a53,15,0.9521663188934326
b805dac11a209249e1c19605c359ef92,0,0.979142427444458
62d0c0f9253681fa50acc8d685be7a0e,0,0.9789448976516724
149c112d9677d0eae52d33476fe5db39,2,0.9827718138694763
41c127efc9e3d54409b2d33d00e7998b,10,0.9711243510246277
e8c9c48f0f3196a8fe707a06a20fb4eb,2,0.9793699383735657
c0a0a7412e3cdd1fa59acd54810ad33c,2,0.768953263759613
4a4242c9cfa8e71979584e25ae5bb05f,15,0.9516130685806274
1a9ef8dd9b45a7cf5d229fe7992c26db,6,0.9259651303291321
9317e8bed0e883912e6ab3eab10857f3,23,0.9526678323745728
537c942e3e895887146bbb89725ad8f6,0,0.9792608618736267
ebc3d933a68fa5d88c9e17c5bc0bebcf,11,0.9607340693473816
e243f4e3c8491b678cec4f28b202c309,10,0.9707992076873779
5456e609da3b6319a8e854d3af805440,21,0.9336134195327759
7bcb134f5b31a74401b3f879c063a081,20,0.9606456756591797
7e040886e9a97052ec404be2949cf317,6,0.9597647786140442
c9f49f2bb1ddaa4b2cb81eff9dccd964,2,0.9813997745513916
3f9417df13755e7270390267aa67fb7b,8,0.9616149067878723
82261034fc9a81fced8e0aa1cd191015,20,0.9529550671577454
6b28482e4291421d6b15ad2b62f2c8c8,5,0.9704629778862
658e0990cc1eb806ab44c6029ef60635,11,0.1874457597732544
04742fcc6eaa708a1c1e44e4d78a62a4,26,0.9063423275947571
232c266ecd80bd4317dbe051ee0a1607,11,0.9610862731933594
8aba904acb6ef0be4e5c1be80e110fe1,2,0.9825329780578613
a1eb4752a7198c007b7036ad7398e29d,23,0.9506486058235168
74f2d642e2c365097756054b4e4d37aa,0,0.9801748394966125
fc282214596e62fe0a7c0a81c9be7743,5,0.8421919345855713
a11eb10e6734cdb3b25bd23e7f97bd20,2,0.9333786368370056
b53a7ab12ef020f2f57e1c7ca41d3b1d,10,0.9575055241584778
8c8652bb0640611c593c50b534df8a7d,2,0.9827394485473633
5ffa2122a1228a08123dee3f466fd19b,11,0.9606828689575195
182b55d2e5e29894dc7131c791eb778b,2,0.9700848460197449
c7a92f5c421e65003c80406b145f0367,8,0.9608294367790222
3d1b889207881657a7f0e12b6cf447a5,5,0.9700572490692139
628d99dfde976b9c35dc417eb549f3eb,2,0.9766674041748047
2227e8351645aa9ca7de0bd0dc620962,11,0.9611237049102783
cd78daab8a681f64ed37271d38b54140,4,0.9468497633934021
1e1059aab05919c369cb38b0bac75b52,5,0.9704331159591675
6016dc159a184d07acc0d01070ec0677,10,0.971126914024353
ade8ab925ebe784ac9350ad3159c8cd5,6,0.9554582238197327
a91da9143fc01a90d2c89b20e1509b2f,7,0.971682071685791
c5dde4e6c1cc244315e596fe62735465,26,0.9264988899230957
33e4389c5c758355db54964ecbd982ff,2,0.9825600981712341
fe54201297e5e292f85ecc91661eb44e,10,0.9714521765708923
62e631ef13a4e80c774014f5b4580abe,4,0.9478573799133301
48e9bb4e584d75b8f0809361de0dc2c5,8,0.9615941643714905
0dff12dbc42662d6da8ccb14d49e14a3,2,0.9651418924331665
051b0af0b9cb38b8bcea5643035ad9ae,11,0.958723783493042
085ff9ae4d8ebf080feb2bc261f2d469,7,0.9718344807624817
46f62c346495a7647f3aad38e645b969,13,0.9619354605674744
08dd1ad5a98376d5cd3354e5f6237d52,13,0.9019471406936646
7eff0a22ffbf6cf516cafc88f34f2ebc,3,0.9257171154022217
4f6879f421704ae6c38c8a17a9acfad4,2,0.9824410080909729
4f5123ea285a8cfedb4c36338507ae7f,5,0.969901442527771
c90e32b14c709235267754c2edddbeab,14,0.8523374199867249
54b920875f9b0bbd616f25307eaf295f,11,0.9612070918083191
5295a741c4136a08f567f5d92637c4a4,34,0.9190658330917358
3e5f7fc816eb737265ddf1017e16ae0a,9,0.9400948286056519
befab80c8c6cf6f8db5a4ee3b9e22020,23,0.8631618022918701
b41abe927240b1ab73b1cb0fca2d9970,13,0.9626160860061646
c0fd3051ce51166e80b9922c97e2f7a4,9,0.8538229465484619
4c89a2b2bd405456e316a35411297b0f,0,0.9798492789268494
07870847de45f9e8fd081bd2edc7c252,13,0.9622793793678284
